   2.0000000e+00   3.8385810e+00   2.9418655e+00   2.1188960e+00   3.5090568e+00   4.2347647e+00   4.2011558e+00   2.4975313e+00   2.8539487e+00   2.1101343e+00   6.8257613e-01
   2.0000000e+00   2.3947268e+00   3.4651452e+00   2.3927404e+00   2.6082420e+00   1.9475475e+00   3.8260749e+00   1.8000433e+00   5.1808644e+00   3.2530822e+00   3.8421771e+00
   2.0000000e+00   2.0947553e+00   2.6216559e+00   2.6185997e+00   1.1735174e+00   2.4586188e+00   3.6203208e+00   3.0858673e+00   2.9427131e+00   2.5385117e+00   9.6211845e-01
   2.0000000e+00   3.7053639e+00   2.7819776e+00   2.1922951e+00   3.7135395e+00   2.9597698e+00   3.5664959e+00   1.2706246e+00   3.0525849e+00   3.3220561e+00   3.7931924e+00
   2.0000000e+00   3.3667092e+00   5.0409093e+00   2.6417965e+00   3.0917888e+00   3.7595310e+00   3.2260992e+00   4.4864629e+00   1.6174793e+00   2.5309665e+00   2.3037017e+00
   2.0000000e+00   3.0290453e+00   3.8656234e+00   2.8411821e+00   1.7449748e+00   2.7101871e+00   5.3394861e+00   4.1149658e+00   2.4985566e+00   3.6174848e+00   2.8457921e+00
   2.0000000e+00   3.8175922e+00   4.7322841e+00   1.8639188e+00   2.7962776e+00   1.7258823e+00   3.5851508e+00   2.8823510e+00   3.6133432e+00   2.4884927e+00   2.1501465e+00
   2.0000000e+00   3.6978959e+00   2.9507170e+00   4.8311486e+00   2.9874012e+00   4.2235283e+00   2.7509175e+00   2.0071647e+00   1.6168226e+00   3.3526083e+00   4.0703955e+00
   2.0000000e+00   2.0495347e+00   3.0981736e+00   4.3369526e+00   2.8530243e+00   2.2832476e+00   2.6414615e+00   4.2777435e+00   2.6723365e+00   3.4802913e+00   1.5369460e+00
   2.0000000e+00   1.6992161e+00   3.9118862e+00   4.3684432e+00   3.8348141e+00   2.5191839e+00   4.3465082e+00   2.1787764e+00   3.7285457e+00   1.6614881e+00   2.9109046e+00
   2.0000000e+00   2.8131393e+00   3.5130399e+00   3.9011979e+00   2.4878578e+00   4.2039033e+00   3.8013657e+00   3.1110200e+00   2.9455101e+00   3.7656929e+00   5.7480014e+00
   2.0000000e+00   4.3847746e+00   2.2770741e+00   2.1921160e+00   4.1570172e+00   3.9708419e+00   2.4546988e+00   3.2035232e+00   1.4550735e+00   3.2922401e+00   2.5214665e+00
   2.0000000e+00   3.3654230e+00   2.1063488e+00   3.4086257e+00   3.9273832e+00   3.2337094e+00   2.7999664e+00   2.3994954e+00   3.3852252e+00   4.1857993e+00   2.5973794e+00
   2.0000000e+00   2.0474413e+00   2.9174677e+00   3.1186221e+00   2.1270456e+00   2.9860758e+00   2.0809560e+00   2.5377168e+00   2.0014032e+00   4.0575539e+00   4.5512071e+00
   2.0000000e+00   2.6993176e+00   3.3738087e+00   3.4983951e+00   3.0402512e+00   1.2772555e+00   2.5866996e+00   3.8338224e+00   2.2543616e+00   4.8520758e+00   4.6785241e+00
   2.0000000e+00   6.4713997e-01   3.3007878e+00   4.6095897e+00   2.9697483e+00   2.2196735e+00   3.1644787e+00   3.2313026e+00   2.1242107e+00   3.5927742e+00   1.7745492e+00
   2.0000000e+00   2.5469561e+00   3.3413431e+00   2.4121412e+00   2.1992702e+00   2.8663651e+00   2.3622981e+00   4.1896586e+00   3.1146907e+00   4.1965918e+00   3.0918118e+00
   2.0000000e+00   1.4937458e+00   4.8176310e+00   4.0741333e+00   2.9028609e+00   3.0251327e+00   2.4216441e+00   3.3124485e+00   3.2967524e+00   2.4081453e+00   3.5338371e+00
   2.0000000e+00   2.6721956e+00   4.6460730e+00   3.5665212e+00   2.7923754e+00   3.2690724e+00   1.9423957e+00   1.1600512e+00   1.2757078e+00   4.3098049e+00   2.6285959e+00
   2.0000000e+00   2.0381461e+00   4.2577053e+00   3.5086181e+00   1.6250670e+00   2.9449702e+00   3.3727909e+00   1.7244120e+00   1.5792581e+00   4.6359284e+00   2.4369639e+00
   2.0000000e+00   2.7670707e+00   2.9196343e+00   2.8493242e+00   5.3208624e+00   2.8120522e+00   2.7985546e+00   2.9254587e+00   2.6630124e+00   2.3890889e+00   1.3854263e+00
   2.0000000e+00   1.5481342e+00   3.8392548e+00   1.6943186e+00   3.3636414e+00   3.0166678e+00   1.5446520e+00   4.2069148e+00   1.5886888e+00   2.6792920e+00   3.3505128e+00
   2.0000000e+00   2.7673159e+00   1.1470662e+00   2.5727985e+00   3.0551028e+00   2.0474645e+00   3.4703748e+00   3.7399795e+00   4.9070944e+00   4.8730094e+00   4.1326887e+00
   2.0000000e+00   2.9121004e+00   3.5024207e+00   2.1010181e+00   4.0042348e+00   2.8525407e+00   3.8545936e+00   2.0287720e+00   3.9712165e+00   3.2876597e+00   3.3681071e+00
   2.0000000e+00   2.8278694e+00   1.9612383e+00   2.6405032e+00   1.0756270e+00   2.0238142e+00   1.6307535e+00   2.9719230e+00   2.8330288e+00   6.6309071e-01   3.3341779e+00
   2.0000000e+00   2.0072886e+00   1.7192312e+00   4.7836444e+00   4.8627616e+00   3.4384090e+00   2.0237026e+00   1.9192916e+00   2.0547322e+00   5.4130184e+00   5.0436524e+00
   2.0000000e+00   2.3314694e+00   2.4337454e+00   1.4377299e+00  -9.4331712e-02   3.1732452e+00   2.2842704e+00   2.0438199e+00   3.0192445e+00   2.3761750e+00   2.4582767e+00
   2.0000000e+00   3.8060154e+00   4.8021159e+00   2.2931892e+00   2.1786498e+00   1.6880744e+00   4.8276628e-02   3.3914118e+00   4.0782484e+00   4.8639927e+00   1.9093810e+00
   2.0000000e+00   3.2737512e+00   4.5780536e+00   3.9495638e+00   2.9994396e+00   2.4489526e+00   3.1644512e+00   2.5512296e+00   3.2501557e+00   2.6859946e+00   2.9750478e+00
   2.0000000e+00   1.7201689e+00   3.4298423e+00   1.7606583e+00   1.1320660e+00   4.0857966e+00   3.6921743e+00   2.2208908e+00   3.5861429e+00   3.5643935e+00   1.5653001e+00
   2.0000000e+00   2.5081576e+00   5.0002255e+00   4.1862697e+00   2.2556905e+00   2.0265163e+00   4.2679912e+00   1.6740472e+00   2.9282384e+00   4.7806664e+00   2.4863548e+00
   1.0000000e+00   3.3444244e+00   3.6594128e+00   3.6786649e+00   4.3606362e+00   4.7496536e+00   4.8017761e+00   5.3853223e+00   3.4742290e+00   2.9466966e+00   4.5974636e+00
   2.0000000e+00   3.0933935e+00   2.3519566e+00   4.0488458e+00   3.0990727e+00   3.6398541e+00   2.1934972e+00   2.6385787e+00   2.4835069e+00   6.5854154e-01   2.2419216e+00
   2.0000000e+00   5.3571278e+00   3.0646648e+00   4.6416056e+00   3.4531967e+00   1.6839509e+00   1.6221207e+00   3.7512715e+00   3.9656835e-01   2.9638480e+00   7.5859331e-01
   1.0000000e+00   1.7187650e+00   2.9307318e+00   3.9025784e+00   3.1050852e+00   4.6183272e+00   2.3226368e+00   3.4190286e+00   2.9937535e+00   3.1296329e+00   1.8636299e+00
   2.0000000e+00   4.1240295e+00   2.8949575e+00   1.1322088e+00   3.7398747e+00   1.0114434e+00   4.2946728e+00   4.5630975e+00   1.3347441e+00   3.2398742e+00   1.5874380e+00
   1.0000000e+00   2.2312405e+00   4.3278613e+00   3.0782346e+00   2.7710943e+00   3.9078694e+00   3.4207647e+00   3.9668814e+00   5.9201307e+00   3.2450116e+00   3.2826635e+00
   1.0000000e+00   4.1979060e+00   3.1891175e+00   3.8479795e+00   1.5936859e+00   3.4817925e+00   2.3405043e+00   3.0966381e+00   3.8330190e+00   3.2545921e+00   2.9835513e+00
   2.0000000e+00   4.4193576e+00   1.3062242e+00   9.7620002e-02   3.7503222e+00   3.4529792e+00   1.4353180e+00   2.0429707e+00   3.3728226e+00   2.8442102e+00   2.9849466e+00
   2.0000000e+00   2.9576237e+00   4.9061581e+00   2.2946356e+00   2.2253418e+00   4.9348518e+00   3.8492302e+00   4.4705784e+00   2.6061841e+00   2.3325227e+00   3.6326574e+00
   2.0000000e+00   2.8453715e+00   3.5727018e+00   2.8655347e+00   2.1429716e+00   2.1765672e+00   2.7390257e+00   3.8033726e+00   4.3482385e+00   1.4674704e+00   4.4546238e+00
   2.0000000e+00   3.2856243e+00   4.5357328e+00   2.9440372e+00   1.4024059e+00   3.3867409e+00   1.8747925e+00   1.4628638e+00   3.1023777e+00   4.4098507e+00   2.1566819e+00
   2.0000000e+00   4.8287036e+00   3.4122862e+00   4.2590395e+00   2.7575087e+00   2.9523720e+00   3.3789596e+00   1.7259666e+00   4.5713949e+00   2.1752680e+00   4.0471805e+00
   2.0000000e+00   1.9275742e+00   3.2388333e+00   2.5524907e+00   4.9759831e+00   2.3924104e+00   2.5631743e+00   3.6045176e+00   2.7628976e+00   1.6846198e+00   3.5367186e+00
   2.0000000e+00   3.7726619e+00   4.7440949e+00   2.5489978e+00   3.0853075e+00   1.2819398e+00   3.4574817e+00   2.7463958e+00   2.6400370e+00   3.8393391e+00   2.3977633e+00
   2.0000000e+00   2.3401000e+00   1.3945405e+00   2.6112513e+00   1.8433444e+00   4.1349264e+00   2.1496440e+00   1.5224205e+00   3.6554495e+00   2.5286677e+00   3.7068068e+00
   2.0000000e+00   3.2750976e+00   2.2694966e+00   2.7158500e+00   2.5437993e+00   3.4691665e+00   4.1151582e+00   3.4395359e+00   3.9616542e+00   4.1335316e+00   4.5719014e+00
   2.0000000e+00   2.4570173e+00   3.4848346e+00   1.0998167e+00   2.9772102e+00   3.5332476e+00   2.1830370e+00   2.1787752e+00   2.6687182e+00   4.3528304e+00   4.8450151e+00
   2.0000000e+00   2.2724165e+00   1.3808876e+00   3.8050312e+00   3.5902964e+00   4.0782801e+00   3.1158280e+00   2.2288533e+00   4.1629121e+00   9.6615407e-01   1.9894217e+00
   1.0000000e+00   1.1547377e+00   3.3706484e+00   3.0142215e+00   1.7404286e+00   2.7513629e+00   2.4354352e+00   2.5623950e+00   3.0247558e+00   3.8094835e+00   1.6124369e+00
   2.0000000e+00   4.4449391e+00   3.5734084e+00   3.2668071e+00   3.2094661e+00   3.3571270e+00   3.8400628e+00   1.0857459e+00   2.7666170e+00   4.5334258e+00   2.5010163e+00
   2.0000000e+00   1.8806651e+00   2.7950694e+00   2.9728981e+00   5.9548898e+00   3.7475404e+00   2.5625414e+00   2.8915103e+00   2.5728645e+00   3.8987841e+00   2.3719465e+00
   2.0000000e+00   3.8662606e+00   2.6714811e+00   2.3583016e+00   2.7809242e+00   3.2296828e+00   4.3352321e+00   1.9209536e+00   3.8743458e+00   3.8404476e+00   2.2584904e+00
   1.0000000e+00   2.5595805e+00   1.9808866e+00   3.1186376e+00   3.0089936e+00   4.4232716e+00   1.9503582e+00   3.4983278e+00   4.1572744e+00   3.6123361e+00   2.1490582e+00
   2.0000000e+00   3.5248969e+00   2.4741881e+00   4.9522285e+00   2.6169799e+00   1.7220636e+00   4.3555108e+00   3.2471200e+00   4.0836776e+00   3.4876384e+00   2.4578324e+00
   2.0000000e+00   3.4518960e+00   3.5538548e+00   3.4370256e+00   1.9901942e+00   3.3553905e+00   3.2658854e+00   3.1434078e+00   2.9601548e+00   4.3062275e+00   5.0140395e+00
   2.0000000e+00   1.7764488e+00   3.3811979e+00   2.9842935e+00   3.5912817e+00   1.9790912e+00   3.3679978e+00   3.1665800e+00   2.7477914e+00   3.2117155e+00   3.3902846e+00
   2.0000000e+00   2.8588823e+00   1.9401646e+00   4.4738110e+00   3.4799146e+00   1.7558791e+00   1.9460109e+00   2.8858795e+00   4.0986516e+00   4.4190109e+00   2.0112698e+00
   2.0000000e+00   1.8324665e+00   3.4130290e+00   3.7730445e+00   2.7714466e+00   2.1527971e+00   3.3147847e+00   2.8125179e+00   2.6278068e+00   2.0352981e+00   4.0826635e+00
   2.0000000e+00   2.2694411e+00   2.5488861e+00   2.7690395e+00   3.3821568e+00   3.7054264e+00   4.7846388e+00   2.3484503e+00   2.2876398e+00   4.3132954e+00   3.7847223e+00
   2.0000000e+00   3.1762387e+00   1.7263200e+00   2.4666494e+00   2.5068588e+00   1.7737579e+00   3.9412813e+00   4.6671961e+00   2.0081143e+00   2.9653510e+00   3.5691218e+00
   2.0000000e+00   2.3027463e+00   1.6924794e+00   2.3447958e+00   2.4658350e+00   4.1365729e+00   2.6042746e+00   4.2909575e+00   4.2104851e+00   4.6156824e+00   3.0988492e+00
   2.0000000e+00   1.9445954e+00   2.0029492e+00   2.4413841e+00   3.2369347e+00   3.2437558e+00   3.7183580e+00   4.3667016e+00   4.2197102e+00   1.7836614e+00   2.5570942e+00
   2.0000000e+00   1.0481148e+00   3.5082731e+00   1.2400162e+00   1.1551505e+00   2.1695949e+00   2.3512507e+00   3.4359385e+00   2.9905231e+00   2.5775786e+00   2.4997503e+00
   2.0000000e+00   2.6824518e+00   1.5036333e+00   2.5775653e+00   4.5002471e+00   4.1042440e+00   2.8221265e+00   2.0266755e+00   2.7076371e+00   1.9998148e+00   2.0726607e+00
   2.0000000e+00   4.4285329e+00   1.9781893e+00   2.0661193e+00   3.6952914e+00   2.4242899e+00   4.1034075e+00   2.4425193e+00   3.5995052e+00   3.0602350e+00   2.2088398e+00
   2.0000000e+00   4.3406325e+00   2.8543436e+00   6.8481867e+00   2.6671355e+00   2.6194316e+00   3.0447167e+00   2.9048064e+00   2.4041800e+00   3.5871025e+00   7.9432023e-01
   2.0000000e+00   2.7777345e+00   6.8950013e-01   1.4631351e+00   2.1983469e+00   3.3185332e+00   3.8673973e+00   3.1657386e+00   2.6292118e+00   1.4134566e+00   3.6502171e+00
   2.0000000e+00   3.4524717e+00   2.2955696e+00   2.7784400e+00   3.3263146e+00   2.9153806e+00   2.6037483e+00   3.3468828e+00   2.8695019e+00   1.7189506e+00   2.2402770e+00
   2.0000000e+00   2.7853430e+00   5.0153940e+00   2.2972980e+00   5.1855207e+00   4.6759795e+00   2.4608731e+00   2.1991952e+00   2.5494377e+00   5.0239474e+00   3.1591525e+00
   2.0000000e+00   2.3390434e+00   3.1866454e+00   2.8478673e+00   3.3322577e+00   2.4548981e+00   4.3182171e+00   3.3095252e+00   2.2949517e+00   3.7077972e+00   2.3062919e+00
   1.0000000e+00   3.2698977e+00   3.5251797e+00   3.2904585e+00   1.8002002e+00   4.4440833e+00   2.4808813e+00   2.3693543e+00   4.3599870e+00   3.3900815e+00   3.0877495e+00
   2.0000000e+00   2.7337597e+00   4.4153256e+00   4.2729572e+00   4.6903011e+00   3.4470746e+00   2.9927856e+00   2.7408579e+00   4.5702441e+00   1.2686246e+00   3.7423419e+00
   2.0000000e+00   3.6977063e+00   4.7079846e-02   4.4591635e+00   2.2355748e+00   3.5363941e+00   3.4763432e+00   4.0643251e+00   8.4801247e-01   1.8698070e+00   3.3319457e+00
   2.0000000e+00   3.8501179e+00   1.8581568e+00   2.2523014e+00   2.1224209e+00   2.6514487e+00   2.6858095e+00   3.4703804e+00   3.3991238e+00   3.5909476e+00   2.8154880e+00
   2.0000000e+00   2.7320780e+00   9.5632274e-01   3.1357331e+00   2.7413995e+00   4.1841135e+00   2.0798737e+00   2.7467983e+00   2.6467050e+00   2.7119634e+00   1.1627357e+00
   2.0000000e+00   2.3540173e+00   4.6597683e+00   2.4466960e+00   2.6476950e+00   3.2058349e+00   2.0929538e+00   1.1233526e+00   1.3367361e+00   4.1065683e+00   2.8613829e+00
   2.0000000e+00   1.8233988e+00   2.2198071e+00   2.1851287e+00   2.6781060e+00   3.1324281e+00   1.4707359e+00   2.5438823e+00   2.7771901e+00   4.8148219e+00   3.2155664e+00
   2.0000000e+00   3.4318805e+00   2.9457594e+00   4.2808443e+00   2.3225120e+00   2.4771116e+00   2.8167576e+00   2.3236700e+00   1.9661579e+00   4.6618774e-01   2.2004406e+00
   2.0000000e+00   3.3154765e+00   2.7523000e+00   4.3766834e+00   1.6493293e+00   3.9398261e+00   2.5273953e+00   2.5481869e+00   3.0590307e+00   4.0783309e+00   1.7421684e+00
   2.0000000e+00   3.4889059e+00   2.4085227e+00   2.8423944e+00   3.4682853e+00   1.6378518e+00   2.5574239e+00   3.4937267e+00   3.1649419e+00   2.6823762e+00   3.1103117e+00
   1.0000000e+00   4.6342124e+00   2.9258751e+00   3.0090039e+00   3.3143757e+00   2.2081341e+00   3.1316674e+00   3.8466942e+00   3.4952050e+00   2.2197582e+00   4.8946105e+00
   2.0000000e+00   3.9627014e+00   3.9104463e+00   2.2705486e+00   2.5262069e+00   3.6629673e+00   3.1987965e+00   6.8748505e-01   4.8770129e+00   4.1002784e+00   2.4784040e+00
   2.0000000e+00   2.4241432e+00   2.7920601e+00   3.4916758e+00   3.8863412e+00   3.5854801e+00   3.4106964e+00   4.7414256e+00   1.7833706e+00   1.7605210e+00   5.1680918e+00
   2.0000000e+00   3.5347649e+00   2.8129948e+00   2.0005078e+00   5.5671421e+00   2.7830068e+00   5.8633624e-01   3.7216664e+00   3.2960760e+00   2.9611698e+00   3.4174661e+00
   2.0000000e+00   3.6345614e+00   1.6248714e+00   1.2937172e+00   2.8801515e+00   2.3041998e+00   2.1036853e+00   1.3293828e+00   5.1983120e+00   3.7596029e+00   2.7701600e+00
   2.0000000e+00   3.8170182e+00   3.9176973e+00   4.0930813e+00   1.7910970e+00   1.4547916e+00   3.2340510e+00   3.4847717e+00   4.8897253e+00   4.6020164e+00   2.7314452e+00
   2.0000000e+00   2.9903255e+00   5.6646347e+00   3.4315534e+00   3.2908914e+00   6.6435155e+00   4.6106729e+00   4.0003161e+00   2.7934088e+00   3.7383004e+00   2.6422211e+00
   1.0000000e+00   3.8777908e+00   2.3011185e+00   3.0516453e+00   4.5044841e+00   2.2315451e+00   4.0572830e+00   4.1240467e+00   2.1202480e+00   2.2249267e+00   3.1010047e+00
   2.0000000e+00   3.1698564e+00   3.6086568e+00   3.9000732e+00   4.5917458e+00   2.7885412e+00   3.0858944e+00   3.1852959e+00   4.6444637e+00   4.8658681e+00   1.6229553e+00
   2.0000000e+00   2.5335925e+00   5.1917545e+00   2.8698352e+00   3.3819813e+00   2.2495688e+00   2.1398507e+00   3.2065709e+00   2.9504329e+00   3.4136724e+00   2.1501126e+00
   2.0000000e+00   4.0983073e+00   4.4321597e+00   1.9291610e+00   2.8246591e+00   3.1978947e+00   4.0104076e+00   3.8532335e+00   2.7362459e+00   3.3703619e+00   1.7174520e+00
   2.0000000e+00   1.7714279e+00   3.4903911e+00   4.2775805e+00   9.7011656e-01   2.8546938e+00   3.2541221e+00   6.0932853e+00   2.7526058e+00   3.5056018e+00   2.8652571e+00
   2.0000000e+00   1.6929181e+00   4.5394522e+00   8.0090240e-01   5.0067892e+00   1.2531801e+00   4.0925456e+00   2.6964608e+00   2.3006851e+00   1.6604951e+00   2.9267789e+00
   1.0000000e+00   3.3982226e+00   1.1140453e+00   3.1271433e+00   3.1105388e+00   1.4399545e+00   2.9723874e+00   3.5835956e+00   3.0116492e+00   3.4835791e+00   3.4337818e+00
   2.0000000e+00   2.7273519e+00   3.0847189e+00   5.2764130e+00   2.5879911e+00   2.4167097e+00   2.5995088e+00   8.1142259e-01   1.7932021e+00   4.9232266e+00   2.7200336e+00
   2.0000000e+00   3.2843065e+00   4.7273527e+00   1.6222431e+00   3.1858389e+00   4.5295091e+00   3.2749719e+00   3.9123908e+00   1.9125151e+00   4.1258970e+00   2.6532480e+00
   1.0000000e+00   3.1140917e+00   2.0968615e+00   3.0064979e+00   4.2335276e+00   2.5461168e+00   2.7125703e+00   3.4762916e+00   2.2968629e+00   2.6668358e+00   1.0602963e+00
   2.0000000e+00   4.9518668e+00   1.8066944e+00   2.3747909e+00   2.9302868e+00   3.5706705e+00   5.1519849e+00   2.7533632e+00   3.7752571e+00   2.4165535e+00   4.3560270e+00
   2.0000000e+00   1.5574502e+00   2.1204980e+00   4.6749200e+00   3.3569362e+00   3.6801370e+00   2.7969303e+00   4.0430385e+00   2.5748462e+00   1.0031289e+00   9.4878414e-01
