   2.0000000e+00   3.5836978e+00   2.5927661e+00   4.2278823e+00   3.6614360e+00   3.3365643e+00   2.7210671e+00   3.5452038e+00   2.6052067e+00   3.0794221e+00   2.4408923e+00
   1.0000000e+00   4.5679823e+00   2.2307966e+00   3.6473739e+00   3.0372249e+00   1.9318427e+00   2.8374767e+00   3.5842489e+00   2.7211705e+00   3.8930386e+00   3.2209977e+00
   2.0000000e+00   3.1628643e+00   1.8196682e+00   3.7528132e+00   2.6799016e+00   4.0624290e+00   4.7800865e+00   2.6012817e+00   3.7741121e+00   2.8054072e+00   3.5173883e+00
   2.0000000e+00   3.0797662e+00   4.5854471e+00   5.0356482e+00   3.6307603e+00   1.9833680e+00   2.2201740e+00   3.1572606e+00   2.3700551e+00   1.9266206e+00   3.6070083e+00
   2.0000000e+00   1.9666812e+00   1.1467999e+00   1.9586788e+00   3.1071791e+00   2.1903987e+00   3.1441656e+00   2.0226197e+00   2.8046578e+00   4.5934529e+00   1.1758394e+00
   2.0000000e+00   3.3563693e+00   3.5778681e+00   4.0660019e+00   3.8817031e+00   3.7190882e+00   3.1301650e+00   4.7504529e+00   2.7171550e+00   2.4255858e+00   1.6675940e+00
   2.0000000e+00   1.1510175e+00   3.1700307e+00   1.9708615e+00   4.6867839e+00   2.9446155e+00   3.5788019e+00   5.0564295e+00   3.1231318e+00   1.7892798e+00   1.7421375e+00
   2.0000000e+00   1.6038747e+00   4.6078046e+00   1.4824192e+00   1.0597372e+00   2.8059951e+00   4.4229333e+00   4.3095385e+00   2.8183236e+00   2.6181592e+00   3.6624820e+00
   2.0000000e+00   3.3762860e+00   4.6025748e+00   2.1141037e+00   4.6251136e+00   3.2852362e+00   2.4091758e+00   1.7550671e+00   5.0618273e+00   3.6781549e+00   3.7314721e+00
   2.0000000e+00   1.6941729e+00   3.7341559e+00   4.9365804e+00   2.9606987e+00   3.1137582e+00   2.3846547e+00   1.2157601e+00   2.8139619e+00   2.0501584e+00   2.5259384e+00
   2.0000000e+00   4.3250327e+00   3.3505374e+00   4.1046664e+00   3.1198192e+00   1.8048954e+00   1.7638797e+00   2.0180821e+00   3.2296757e+00   2.9960662e+00   3.5809530e+00
   1.0000000e+00   2.3515031e+00   2.5465468e+00   3.5076807e+00   2.2036836e+00   4.5822242e+00   1.6456327e+00   3.4338184e+00   3.6150014e+00   3.0538256e+00   4.3239064e+00
   2.0000000e+00   2.6267333e+00   5.7810226e-01   1.9075387e+00   2.4794444e+00   1.5206931e+00   1.8634233e+00   1.6986724e+00   2.7709386e+00   3.3348082e+00   2.8050851e+00
   2.0000000e+00   2.6457537e+00   3.3381121e+00   3.1406910e+00   3.6004333e+00   3.6220532e+00   2.4312126e+00   2.9472775e+00   4.3636771e+00   2.1472638e+00   2.9444237e+00
   2.0000000e+00   2.2848569e+00   2.9753996e+00   1.2992582e+00   2.4028385e+00   3.6266965e+00   2.8338902e+00   2.4183068e+00   2.4878958e+00   2.5440029e+00   2.8603375e+00
   1.0000000e+00   1.8351746e+00   2.0976295e+00   2.4648075e+00   2.7204770e+00   2.8922370e+00   3.9463045e+00   3.7075141e+00   7.6858376e-01   2.2036191e+00   1.7431525e+00
   2.0000000e+00   4.9921600e+00   2.2182703e+00   3.1541653e+00   3.1004912e+00   2.6791881e+00   1.5439064e+00   3.6828914e+00   3.1146221e+00   3.0643960e+00   3.4617874e+00
   2.0000000e+00   5.3101051e+00   3.3644921e+00   3.5158278e+00   6.7336841e-01   2.3640640e+00   3.7036471e+00   4.6142391e+00   2.6419369e+00   4.6573546e+00   9.1839531e-01
   2.0000000e+00   1.1811833e+00   2.6344159e+00   3.0496176e+00   4.0613994e+00   2.1239034e-01   3.8451627e+00   5.0367575e+00   2.9019712e+00   3.9906444e+00   4.4199308e+00
   2.0000000e+00   3.6649128e+00   3.3150592e+00   3.3871608e+00   3.5900089e+00   4.5369589e+00   2.9085892e+00   2.3636493e+00   4.8516429e+00   5.2934685e+00   4.5296565e+00
   2.0000000e+00   3.8235275e+00   2.6449836e+00   3.4819803e+00   1.8849897e+00   3.4783953e+00   2.4403151e+00   2.9303270e+00   3.7736405e+00   3.0590058e+00   3.7083392e+00
   2.0000000e+00   2.2436523e+00   1.5475073e+00   1.4055131e+00   2.9818258e-01   3.8458463e+00   3.9921414e+00   4.1909990e+00   3.0801534e+00   3.1133627e+00   3.7379059e+00
   2.0000000e+00   2.6682961e+00   4.0192069e+00   2.3387412e+00   3.6483860e+00   2.1120891e+00   2.2545846e+00   4.5586924e+00   4.4205533e+00   2.6122872e+00   3.2956785e+00
   2.0000000e+00   2.6910204e+00   2.4176938e+00   1.9399433e+00   1.9543498e+00   4.9934988e+00   3.6351089e+00   3.6648098e+00   2.6085184e+00   2.6480695e+00   5.3365346e+00
   2.0000000e+00   4.1150685e+00   2.6130971e+00   2.2022796e+00   2.6433526e+00   4.2792201e+00   2.7496417e+00   2.4625512e+00   3.2452910e+00   3.0459387e+00   2.7486188e+00
   2.0000000e+00   2.7481594e+00   1.7199278e+00   1.9696718e+00   2.5815605e+00   4.2558258e+00   2.7160985e+00   4.8301607e+00   2.9119305e+00   3.1135653e+00   1.8455447e+00
   2.0000000e+00   2.5423851e+00   3.0327935e+00   3.3117718e+00   1.0103931e+00   2.9692904e+00   2.5301900e+00   6.6186016e-02   5.2300979e+00   2.3794161e+00   4.5539480e+00
   1.0000000e+00   2.8511954e+00   1.4572296e+00   3.7516312e+00   2.8303213e+00   2.8440669e+00   1.6876308e+00   3.5879486e+00   3.5835056e+00   3.2529844e+00   2.3484617e+00
   2.0000000e+00   5.1742865e+00   2.6312216e+00   2.4848854e+00   2.6925118e+00   3.7780418e+00   3.1623342e+00   2.9468558e+00   3.1544916e+00   3.3901343e+00   3.8662337e+00
   2.0000000e+00   4.0765910e+00   1.8917348e+00   3.5728375e+00   3.6054162e+00   2.6057600e+00   3.9223185e+00   1.6570550e+00   1.6297863e+00   3.3366367e+00   1.6161428e+00
   2.0000000e+00   4.1315646e+00   2.6692700e+00   2.9680124e+00   2.6038809e+00   2.9222969e+00   3.7866185e+00   2.9458859e+00   2.7245595e+00   2.9261400e+00   1.8681739e+00
   2.0000000e+00   1.8773751e+00   3.9513098e+00   4.4602390e+00   2.5601338e+00   2.2395330e+00   2.9015224e+00   3.3591840e+00   1.8203362e+00   4.0093922e+00   3.9553590e+00
   2.0000000e+00   3.2903569e+00   2.8345358e+00   3.2722356e+00   2.6370073e+00   2.1037747e+00   4.1154930e+00   2.1234223e+00   3.9247374e+00   2.9680641e+00   2.8552656e+00
   2.0000000e+00   3.1091069e+00   2.3910250e+00   2.8388983e+00   2.1787402e+00   2.2492357e+00   6.8897904e-01   2.3304641e+00   2.6253287e+00   2.9113482e+00   3.8479924e+00
   1.0000000e+00   3.2846650e+00   2.5666349e+00   3.3825932e+00   3.2241867e+00   3.2521333e+00   2.6317973e+00   3.5081566e+00   1.2520339e+00   1.4560449e+00   3.1061498e+00
   2.0000000e+00   1.9248005e+00   2.9516481e+00   4.8363087e+00   2.8598403e+00   3.9594985e+00   2.6189796e+00   3.8191581e+00   2.0045843e+00   2.6970361e+00   4.1191270e+00
   2.0000000e+00   3.2470917e+00   2.7741788e+00   1.8527886e+00   2.2809151e+00   3.5703077e+00   5.0784308e+00   2.5145751e+00   3.4493194e+00   4.9981537e+00   4.9000741e+00
   2.0000000e+00   2.9924067e+00   2.5349869e+00   3.2280056e+00   5.1197706e+00   3.5020589e+00   3.2134813e+00   2.5692718e+00   2.3584357e+00   4.0537010e+00   1.9646570e+00
   2.0000000e+00   1.9289661e+00   2.7994998e+00   2.4744791e+00   3.1955706e+00   1.7662853e+00   1.7181373e+00   1.9485573e+00   3.3228046e+00   8.7565042e-01   3.7804871e+00
   2.0000000e+00   2.7615554e+00   3.1450860e+00   2.6459073e+00   2.5635053e+00   3.6517584e+00   3.5048045e+00   2.9167648e+00   4.8127834e+00   4.2050633e+00   2.4763577e+00
   1.0000000e+00   3.4891278e+00   3.8613130e+00   3.7963110e+00   3.2486660e+00   3.2515755e+00   3.5208258e+00   3.3069160e+00   3.8825550e+00   3.6492286e+00   3.3665529e+00
   2.0000000e+00   3.2461322e+00   4.8053829e+00   3.1556873e+00   4.4122816e+00   4.4885821e+00   2.2056979e+00   2.1934285e+00   4.8486226e+00   1.9632288e+00   2.7084881e+00
   2.0000000e+00   3.1098953e+00   2.9550849e+00   3.4530294e+00   1.7447154e+00   2.5508995e+00   4.0978073e+00   2.0483722e+00   2.4600443e+00   3.1826735e+00   3.4471070e+00
   2.0000000e+00   2.8518025e+00   1.7769231e+00   3.3127994e+00   1.0435425e+00   5.2817664e+00   3.1433463e+00   2.3110220e+00   3.3775814e+00   3.2636361e+00   3.3685810e+00
   1.0000000e+00   2.5346138e+00   3.7203710e+00   3.3262928e+00   3.6751443e+00   4.9040519e+00   3.7647953e+00   3.4193422e+00   2.1221898e+00   4.5729602e+00   3.3316831e+00
   2.0000000e+00   4.3228461e+00   3.0100831e+00   3.7993360e+00   2.3169503e+00   3.2961867e+00   2.9932345e+00   1.2701450e+00   2.8637158e+00   2.4286624e+00   1.7233402e+00
   2.0000000e+00   3.6092137e+00   3.9119295e+00   3.7803829e+00   3.9831223e+00   2.6095121e+00   4.4843746e+00   4.2226835e+00   3.1431941e+00   1.9666968e+00   1.5399553e+00
   2.0000000e+00   3.8554611e+00   2.1021262e+00   2.3518107e+00   1.3370794e+00   4.0756255e+00   3.4586183e+00   2.3651027e+00   2.7063910e+00   3.5828489e+00   4.0762711e+00
   2.0000000e+00   3.5911415e+00   1.0772291e+00   2.2582930e+00   2.3411850e+00   3.3718722e+00   2.8955567e+00   2.5425984e+00   4.2425678e+00   3.8293441e+00   3.2852943e+00
   2.0000000e+00   1.6551446e+00   3.3116649e+00   1.7310286e+00   3.6909590e+00   1.6860891e+00   2.6491515e+00   2.2832845e+00   4.5258659e+00   2.5279075e+00   2.6025840e+00
   2.0000000e+00   2.2571138e+00   3.8011689e+00   1.5666052e+00   2.2766161e+00   3.0227297e+00   3.3583353e+00   3.7115741e+00   3.3215619e+00   4.2446054e+00   4.9447966e+00
   2.0000000e+00   3.6169889e+00   4.1139296e+00   2.1870420e+00   2.3598608e+00   4.3253097e+00   3.4750977e+00   1.8168861e+00   2.6191461e+00   2.6635778e+00   3.6262652e+00
   2.0000000e+00   2.4873968e+00   4.6656831e+00   4.9553528e+00   2.5540983e+00   2.3664463e+00   1.6876535e+00   2.7624082e+00   2.8702595e+00   2.8102977e+00   4.6373478e+00
   1.0000000e+00   2.1304826e+00   2.7891445e+00   3.5883998e+00   3.9519887e+00   4.3347089e+00   3.5852339e+00   3.3758163e+00   2.0956222e+00   1.7419788e+00   3.2448280e+00
   1.0000000e+00   3.5697533e+00   2.4470897e+00   2.4305887e+00   2.4185330e+00   3.5494077e+00   3.0465264e+00   3.0510593e+00   2.6994021e+00   3.9885471e+00   2.9485974e+00
   2.0000000e+00   2.0985360e+00   5.3669535e+00   4.6967043e+00   2.2240411e+00   5.0207147e+00   3.7933641e+00   3.5788322e+00   2.6697164e+00   3.8874331e+00   3.0421238e+00
   2.0000000e+00   2.7658175e+00   3.8765466e+00   9.8427412e-01   2.6368223e+00   2.4793914e+00   3.0180480e+00   3.3074815e+00   4.2606707e+00   3.1601342e+00   1.8736391e+00
   2.0000000e+00   3.6409092e+00   2.5168761e+00   1.3327328e+00   3.0025224e+00   3.8989174e+00   3.8871307e+00   3.3590212e+00   2.5504173e+00   1.1677424e+00   3.7085235e+00
   2.0000000e+00   4.8817408e+00   1.8265358e+00   2.3715595e+00   2.7408675e+00   3.1203790e+00   3.7219312e+00   6.2154874e-01   2.6768521e+00   4.0817040e+00   3.0439970e+00
   2.0000000e+00   2.4649376e+00   2.7622662e+00   2.6647255e+00   3.7439228e+00   7.7903360e-01   4.1392992e+00   2.9483030e+00   4.4758835e+00   3.7132998e+00   3.0866479e+00
   2.0000000e+00   2.7107036e+00   2.8291363e+00   2.2815941e+00   2.6198107e+00   3.1698575e+00   2.6613918e+00   1.5424922e+00   1.6055986e+00   2.7763432e+00   4.9440217e+00
   1.0000000e+00   1.6709699e+00   2.0659592e+00   3.1578996e+00   3.0219630e+00   3.4480996e+00   4.9220626e+00   3.2611218e+00   2.6545670e+00   2.3535700e+00   4.4663362e+00
   2.0000000e+00   3.2841517e+00   3.9943197e+00   2.3269245e+00   2.5494493e+00   3.5357032e+00   1.9522897e+00   2.1404898e+00   3.2655481e+00   2.2112779e+00   3.5295296e+00
   1.0000000e+00   3.7202497e+00   4.2251506e+00   3.7995541e+00   3.9570050e+00   3.3304579e+00   4.4078746e+00   3.4877635e+00   2.4100681e+00   1.5481089e+00   3.1932805e+00
   2.0000000e+00   3.6698054e+00   4.4400164e+00   3.5049534e+00   3.9649800e+00   2.9884824e+00   4.1970147e+00   2.9223948e+00   4.1496607e+00   1.2452649e+00   4.6792335e+00
   1.0000000e+00   3.5697353e+00   1.6849383e+00   2.1846598e+00   4.2419777e+00   3.0073090e+00   3.1412488e+00   3.4628498e+00   2.2043023e+00   2.9487260e+00   2.4022458e+00
   2.0000000e+00   3.8112838e+00   2.6711862e+00   3.8308175e+00   2.4628203e+00   3.2514113e+00   2.3294527e+00   2.0612693e+00   2.6867700e+00   2.1988824e+00   3.3163250e+00
   2.0000000e+00   6.2461001e+00   3.2438447e+00   2.4605049e+00   2.6115810e+00   2.7178322e+00   3.8466865e+00   3.6478284e+00   1.1945686e+00   3.3665234e+00   1.8964239e+00
   2.0000000e+00   3.0599920e+00   2.5893352e+00   1.7730126e+00   5.0350306e+00   3.6666249e+00   8.0250692e-01   1.1553589e+00   2.8400397e+00   3.4344774e+00   4.3699091e+00
   2.0000000e+00   2.6070336e+00   3.1045523e+00   2.0945261e+00   2.2095913e+00   2.6294896e+00   4.3161841e+00   4.3624110e+00   4.3557601e+00   2.6537340e+00   4.2794626e+00
   1.0000000e+00   3.5723246e+00   1.5936550e+00   3.0362459e+00   1.5714500e+00   3.0853406e+00   3.5317065e+00   3.4000352e+00   2.7442397e+00   3.1707800e+00   2.4897698e+00
   2.0000000e+00   2.6221449e+00   1.5921635e+00   2.0280507e+00   2.5255499e+00   3.7395020e+00   1.6715421e+00   2.7892852e+00   4.7978418e+00   3.7554408e+00   2.1735405e+00
   2.0000000e+00   3.7284254e+00   3.6603735e+00   3.5993747e+00   3.7853439e+00   2.1471421e+00   3.4926263e+00   4.1745204e+00   2.8519303e+00   3.1594001e+00   3.5790336e+00
   2.0000000e+00   4.1446410e+00   2.3181193e+00   3.5669115e+00   1.4710884e+00   3.1153991e+00   4.1883999e+00   4.1643379e+00   1.2030793e+00   4.1594359e+00   3.9698252e+00
   2.0000000e+00   2.8460158e+00   1.7678341e+00   2.4352648e+00   3.1047170e+00   5.1582756e-01   7.5016956e-01   1.3720420e+00   3.1330510e+00   3.0334958e+00   2.5232373e+00
   2.0000000e+00   1.4290747e+00   3.9795298e+00   1.5039115e+00   2.3902044e+00   2.5788471e+00   3.3744817e+00   1.2304435e+00   3.6644221e+00   2.4486551e+00   1.3582280e+00
   2.0000000e+00   4.0850526e+00   4.0237807e+00   3.4300363e+00   4.1691792e+00   2.3883340e+00   2.4578068e+00   2.4436814e+00   3.0402022e+00   1.9418388e+00   3.1633904e+00
   2.0000000e+00   3.3434674e+00   2.6008912e+00   2.6059878e+00   2.3067635e+00   2.9539199e+00   3.2979962e+00   1.3323545e+00   2.9605607e+00   1.5606043e+00   2.5453685e+00
   2.0000000e+00   2.0721091e+00   3.1009566e+00   3.6740499e+00   1.4373098e+00   2.3587272e+00   3.4743719e+00   2.3517608e+00   2.8542383e+00   3.6630194e+00   2.3205706e+00
   2.0000000e+00   4.4730921e+00   5.4514305e+00   1.8427464e+00   3.8839943e+00   2.6845187e+00   2.3869630e+00   3.8527580e+00   4.5272757e+00   4.2098356e+00   2.2378999e+00
   2.0000000e+00   4.0341599e+00   2.2815622e+00   2.5933524e+00   4.9228943e+00   2.5120810e+00   2.6672073e+00   2.5565072e+00   3.1050333e+00   4.4933091e+00   3.5179791e+00
   2.0000000e+00   2.0058449e+00   2.9269341e+00   4.0241674e+00   2.5053821e+00   2.8880028e+00   2.6276387e+00   3.4949040e+00   2.9477070e+00   2.3505192e+00   3.7109274e+00
   1.0000000e+00   4.0845519e+00   3.1056580e+00   2.8678727e+00   2.1604446e+00   4.9731616e+00   1.9317099e+00   3.3356447e+00   4.8069798e+00   3.6773343e+00   2.4266833e+00
   2.0000000e+00   4.5611067e+00   2.4691740e+00   3.4200334e+00   4.3847338e+00   2.6027775e+00   4.1876565e+00   2.2406943e+00   2.0503006e+00   2.0741559e+00   1.6869634e+00
   2.0000000e+00   4.6304306e+00   3.3428905e+00   2.0155637e+00   1.5368473e+00   3.9526189e+00   5.5278973e-01   1.9357354e+00   1.4577792e+00   3.8529953e+00   2.2739359e+00
   2.0000000e+00   2.6141005e+00   1.9753385e+00   4.1915805e+00   4.1409942e+00   1.9420363e+00   1.9653602e+00   4.5017631e+00   3.7625171e+00   2.6565489e+00   3.4817767e+00
   1.0000000e+00   3.5473729e+00   2.4089143e+00   2.4634735e+00   1.8569986e+00   4.1816998e+00   2.5741749e+00   3.4638599e+00   3.0358503e+00   4.9805704e+00   2.3758598e+00
   2.0000000e+00   3.6635772e+00   3.2827081e+00   3.3130299e+00   5.4946817e+00   1.8199979e+00   4.1648029e+00   2.0121994e+00   3.2988890e+00   3.6934284e+00   4.1744765e+00
   2.0000000e+00   3.5589583e+00   7.2719059e-01   2.0902044e+00   1.4464248e+00   3.8391194e+00   2.8679480e+00   2.8873065e+00   3.1702040e+00   2.4372764e+00   2.9532426e+00
   1.0000000e+00   2.4057760e+00   3.4873470e+00   2.8925918e+00   3.1813376e+00   2.1801374e+00   3.0695219e+00   3.5394329e+00   2.9057961e+00   4.6267917e+00   3.6559219e+00
   2.0000000e+00   4.3983720e+00   2.7924477e+00   1.7673832e+00   2.7687297e+00   2.6818426e+00   3.1527503e+00   3.0547910e+00   2.9230291e+00   3.6206261e+00   2.9843151e+00
   2.0000000e+00   2.5437209e+00   1.4614135e+00   3.2388090e+00   2.5169662e+00   2.9215464e+00   2.1930202e+00   2.2285534e+00   9.3278922e-01   4.2967416e+00   3.4844394e+00
   2.0000000e+00   3.6185604e+00   2.2572391e+00   4.4268653e+00   2.7329493e+00   3.0692730e+00   3.2453078e+00   2.5366138e+00   1.5540868e+00   2.5282840e+00   1.4059627e+00
   2.0000000e+00   1.6956665e+00   1.8110628e+00   2.4837543e+00   3.9384778e+00   1.4981312e+00   3.8268447e+00   2.0259908e+00   3.4839118e+00   4.1180710e+00   4.0491075e+00
   2.0000000e+00   4.5939932e+00   3.4990540e+00   5.1118543e+00   2.4774272e+00   3.5001414e+00   3.2394889e+00   4.5972236e+00   4.3866135e+00   4.6429312e+00   3.0820186e+00
   2.0000000e+00   4.4575780e+00   3.5316529e+00   1.0086929e+00   3.7499263e+00   4.0398452e+00   1.0289471e+00   3.5217378e+00   1.8063518e+00   2.4894105e+00   3.6762922e+00
   2.0000000e+00   3.2695664e+00   3.7428495e+00   3.8927472e+00   4.3250934e+00   2.3574030e+00   2.7735626e+00   3.8205343e+00   1.5601483e+00   2.2518648e+00   1.9414381e+00
   2.0000000e+00   4.0563232e+00   3.0742478e+00   3.1314769e+00   3.0905587e+00   2.3682343e+00   2.5559659e+00   2.5330539e+00   4.0253042e+00   4.1398965e+00   3.7544263e+00
   2.0000000e+00   3.1363832e+00   3.2652227e+00   1.7116506e+00   3.1917443e+00   3.6714852e+00   3.7215318e+00   2.2448460e+00   2.9991458e+00   2.4299417e+00   3.8394736e+00
   2.0000000e+00   2.2665431e+00   4.1683418e+00   2.0708033e+00   2.3125142e+00   3.3797742e+00   2.3161967e+00   4.9619564e+00   2.6406803e+00   3.3447148e+00   2.0835613e+00
