   1.0000000e+00   3.1384502e+00   3.1825158e+00   3.3715962e+00   2.2654861e+00   2.2393072e+00   3.3082097e+00   3.8244197e+00   3.3605088e+00   1.5962383e+00   2.5756811e+00
   2.0000000e+00   3.8733561e+00   2.1218878e+00   2.6050289e+00   2.0515580e-01   2.0098020e+00   2.7200396e+00   2.6648430e+00   4.6809921e+00   5.0681737e+00   3.5359744e+00
   2.0000000e+00   3.3539330e+00   3.3002967e+00   5.0059561e+00   2.3220568e+00   2.7240567e+00   2.2063910e+00   2.6973651e+00   2.1947997e+00   3.6062137e+00   1.8159878e+00
   2.0000000e+00   2.5234050e+00   2.9490812e+00   4.6061748e+00   3.8197951e+00   5.9963116e-01   2.9996105e+00   2.3777367e+00   2.9020727e+00   3.1589946e+00   2.3343879e+00
   2.0000000e+00   2.8687445e+00   1.1565626e+00   2.3494779e+00   2.0426817e+00   1.0490069e+00   4.3968947e+00   2.8428006e+00   2.2220981e+00   4.0448310e+00   2.2544923e+00
   2.0000000e+00   3.6762548e+00   2.9380821e+00   1.6150745e+00   2.8998419e+00   4.8905440e+00   2.3285061e+00   4.0556407e+00   2.8266032e+00   2.6606381e+00   3.2999809e+00
   2.0000000e+00   3.7642320e+00   3.0468175e+00   4.7882277e+00   3.7231920e+00   2.9301212e+00   2.5230154e+00   2.2221374e+00   2.4011424e+00   2.6840518e+00   3.3194336e+00
   2.0000000e+00   3.4651701e+00   3.0248189e+00   2.2970356e+00   1.5041583e+00   3.8967556e+00   1.6313679e+00   3.9362120e+00   3.5612013e+00   2.7397095e+00   2.4910280e+00
   2.0000000e+00   3.9545179e+00   3.9654317e+00   3.9294304e+00   3.6236091e+00   1.9719055e+00   1.4730917e+00   4.5459686e+00   2.8709692e+00   3.5856088e+00   2.7116524e+00
   1.0000000e+00   3.4646074e+00   2.2159641e+00   1.6776646e+00   3.6671707e+00   4.0784388e+00   3.3341088e+00   2.6647934e+00   2.9449860e+00   2.6257232e+00   2.6642487e+00
   2.0000000e+00   2.7256659e+00   4.3734397e+00   1.5405734e+00   3.0438664e+00   1.5420925e+00   3.7903729e+00   2.0486977e+00   2.0723420e+00   2.5505809e+00   3.1399851e+00
   2.0000000e+00   2.4889707e+00   1.6567559e+00   3.6496991e+00   4.9252951e+00   1.5808275e+00   2.1552591e+00   2.8834429e+00   2.5515510e+00   3.6899438e+00   2.7836668e+00
   2.0000000e+00   5.4848113e+00   2.6165441e+00   5.0116440e+00   4.0564242e+00   3.9472131e+00   3.9293011e+00   3.0430254e+00   3.7031483e+00   3.7056788e+00   4.6163620e+00
   2.0000000e+00   3.7420925e+00   1.7428035e+00   3.3619058e+00   2.4552099e+00   2.2810900e+00   1.5727508e+00   5.7116301e+00   4.0178981e+00   3.3119524e+00   3.0020731e+00
   2.0000000e+00   2.3675677e+00   2.1431055e+00   1.6755295e+00   2.3382575e+00   2.7619982e+00   4.1638601e+00   2.7480391e+00   2.4511433e+00   2.2367881e+00   4.3201239e+00
   2.0000000e+00   1.8232751e+00   1.2610246e+00   3.1958141e+00   2.2803855e+00   2.8400193e+00   4.3345351e+00   3.6191907e+00   2.7793782e+00   2.9300306e+00   5.4850670e-01
   2.0000000e+00   1.8296116e+00   3.5862412e+00   2.5315153e+00   3.2220197e+00   1.1719667e+00   2.7535347e+00   4.1557211e+00   5.1676221e+00   1.9752495e+00   2.0855397e+00
   2.0000000e+00   2.7803658e+00   2.9126081e+00   2.0002648e+00   3.2936404e+00   4.9994945e+00   2.1038571e+00   4.0379125e+00   3.7498151e+00   2.5583520e+00   3.9069413e+00
   2.0000000e+00   1.1906804e+00   3.0002369e+00   1.7950735e+00   2.1094348e+00   2.7941623e+00   3.5173138e+00   3.5064816e+00   8.3749219e-01   2.4620030e+00   2.8678527e+00
   2.0000000e+00   4.0875999e+00   3.6164784e+00   3.0484663e+00   5.0066180e+00   4.5716639e+00   2.7078440e+00   1.0107213e+00   3.3538389e+00   5.4255351e+00   1.6342962e+00
   2.0000000e+00   3.3392921e+00   1.2131295e+00   7.1486771e-01   3.4257336e+00   3.7555580e+00   3.4204003e+00   2.2976605e+00   2.7156159e+00   3.6068436e+00   2.1871170e+00
   2.0000000e+00   4.0254553e+00   3.0339737e+00   1.3571040e+00   4.8994435e+00   4.3534964e+00   2.1603816e+00   2.3697774e+00   1.8642130e+00   3.6241174e+00   2.2419751e+00
   2.0000000e+00   1.6683131e+00   3.1315020e+00   2.0195856e+00   3.8035284e+00   3.0903453e+00   4.1117288e+00   5.3643751e+00   3.3418868e+00   4.1293957e+00   1.5877145e+00
   2.0000000e+00   1.8853408e+00   3.7053280e+00   5.2010325e+00   1.9376104e+00   4.1901786e+00   2.2339677e+00   3.7348822e+00   3.4182101e+00   2.8602458e+00   2.7502944e+00
   2.0000000e+00   2.1116533e+00   1.3777238e+00   2.6822556e+00   1.0422432e+00   2.2157820e+00   3.3049227e+00   3.5785881e+00   2.8610164e+00   2.8139143e+00   2.5899085e+00
   2.0000000e+00   3.0665475e+00   3.0628388e+00   3.2824392e+00   2.7895934e+00   3.8221463e+00   4.7850661e+00   8.1011565e-01   4.2542261e+00   1.1445762e+00   3.4633126e+00
   2.0000000e+00   3.1001084e+00   4.1874695e+00   3.1591908e+00   3.8475844e+00   1.7377861e+00   2.4466102e+00   2.3631648e+00   2.3431981e+00   3.7954807e+00   2.7283239e+00
   1.0000000e+00   2.2099974e+00   3.7144070e+00   2.1851411e+00   4.4128208e+00   1.3262582e+00   3.2841707e+00   3.0364657e+00   3.8334952e+00   4.1430680e+00   2.5883807e+00
   2.0000000e+00   3.0408563e+00   3.2780855e+00   3.7972984e+00   3.1937541e+00   1.9786089e+00   5.5087897e+00   2.9699581e+00   1.8028818e+00   2.9736866e+00   2.0101229e+00
   2.0000000e+00   5.0796968e+00   1.6227642e+00   1.7443675e+00   1.6220831e+00   2.1972193e+00   3.0938809e+00   3.1704197e+00   2.0843345e+00   5.5836307e-01   3.8934916e+00
   2.0000000e+00   4.2262305e+00   1.8642284e+00   3.3308637e+00   3.6433414e+00   3.1146334e+00   3.4679205e+00   4.8338397e+00   2.6665638e+00   4.3768486e+00   2.9031354e+00
   1.0000000e+00   4.4821268e+00   2.5310591e+00   3.5601472e+00   3.1793912e+00   3.8778915e+00   3.3914776e+00   4.5772974e+00   3.9952073e+00   5.2746862e+00   3.9055372e+00
   2.0000000e+00   5.0274914e+00   3.3315756e+00   1.7818850e+00   2.4822608e+00   2.6969594e+00   2.0931336e+00   1.9036725e+00   3.3483448e+00   3.4258644e+00   2.8445881e+00
   2.0000000e+00   2.6130489e+00   2.1992962e+00   2.8685824e+00   2.9555127e+00   4.5950307e+00   2.9038837e+00   3.2524569e+00   2.7004766e+00   2.9463668e+00   3.4118505e+00
   1.0000000e+00   1.2497698e+00   3.4062133e+00   4.4992066e+00   2.4938664e+00   1.3569844e+00   3.3554743e+00   2.1303787e+00   1.6664785e+00   3.1099885e+00   3.5596893e+00
   2.0000000e+00   4.7864088e+00   1.4359842e+00   3.1578096e+00   2.7053508e+00   2.7027106e+00   2.0892995e+00   2.9472334e+00   3.9660625e+00   2.2451278e+00   2.4779043e+00
   2.0000000e+00   5.1957604e+00   4.8814444e+00   3.6549322e+00   3.5881870e+00   3.2872874e+00   2.2299950e+00   8.4662612e-01   4.2353732e+00   3.7695885e+00   4.3333403e+00
   1.0000000e+00   2.5188499e+00   2.6487178e+00   3.4873240e+00   1.5157165e+00   1.9712971e+00   3.7434867e+00   3.8617999e+00   3.5747696e+00   4.6345859e+00   3.1579380e+00
   2.0000000e+00   5.0610462e+00   3.5308985e+00   1.6308953e+00   3.8573459e+00   3.6189455e+00   1.4411501e+00   1.8565881e+00   3.2981557e+00   3.6497707e+00   4.2893509e+00
   2.0000000e+00   3.6604925e+00   1.9825724e+00   2.2999862e+00   2.0258721e+00   2.1591923e+00   1.8022554e+00   1.9029992e+00   2.2857054e+00   3.2595048e+00   5.1098923e+00
   2.0000000e+00   4.5320537e+00   3.3105116e+00   3.2241873e+00   4.6025299e+00   2.9998057e+00   4.1332242e+00   2.4213493e+00   3.4367837e+00   3.2697715e+00   2.6006603e+00
   2.0000000e+00   3.4283565e+00   3.1848978e+00   1.4232141e+00   1.9168361e+00   1.7169538e+00   2.1604234e+00   4.0818941e+00   1.5099279e+00   1.9241391e+00   1.9984793e+00
   2.0000000e+00   3.1990582e+00   2.1544006e+00   2.8685587e+00   2.3903565e+00   2.7188009e+00   2.5168548e+00   1.4656423e+00   2.5672877e+00   1.9300975e+00   3.0340891e+00
   2.0000000e+00  -4.9824706e-02   5.5279705e+00   1.8149717e+00   1.9205243e+00   3.7160195e+00   3.2242301e+00   3.7578258e+00   3.2654443e+00   2.5757753e+00   2.8019824e+00
   1.0000000e+00   2.7803512e+00   3.2061692e+00   2.7404936e+00   2.7891465e+00   2.5546275e+00   3.4435759e+00   4.4058059e+00   2.1646819e+00   3.9081685e+00   3.2051763e+00
   2.0000000e+00   3.3696921e+00   3.3847767e+00   2.1250882e+00   4.1973005e+00   4.2218547e+00   4.3073286e+00   3.6705231e+00   4.1106708e+00   2.9397493e+00   4.7600875e+00
   2.0000000e+00   3.2836496e+00   2.0485377e+00   4.2743553e+00   1.4618188e+00   1.8140956e+00   2.3121376e+00   1.9827624e+00   3.3100343e+00   2.1352912e+00   1.5307595e+00
   1.0000000e+00   1.6960920e+00   2.6692438e+00   4.1091353e+00   3.2469631e+00   3.7640212e+00   3.3895122e+00   4.2865244e+00   2.6217776e+00   2.5067372e+00   4.1171546e+00
   1.0000000e+00   2.8232283e+00   2.9100730e+00   2.5635100e+00   2.9858717e+00   3.6474371e+00   3.7691816e+00   1.6321964e+00   2.3567968e+00   2.6738274e+00   3.2009687e+00
   2.0000000e+00   5.2332362e+00   3.7443999e+00   6.6932518e-01   2.5761754e+00   1.4439143e+00   2.9446023e+00   1.8039291e+00  -1.7143955e-02   2.4850161e+00   3.4675548e+00
   2.0000000e+00   2.0031859e+00   4.3072363e+00   2.5276459e+00   2.0865091e+00   3.8792860e+00   3.6403530e+00   3.7967730e+00   3.8642228e+00   6.5278227e-01   3.6828065e+00
   2.0000000e+00   2.8573711e+00   5.5093722e+00   2.8745652e+00   1.9721753e+00   3.4775535e+00   2.3488116e+00   3.4349403e+00   4.4962675e+00   3.3046713e+00   4.6700844e+00
   2.0000000e+00   3.7725463e+00   3.6616805e+00   3.9597116e+00   5.1832926e+00   3.9432024e-01   4.0967309e+00   2.4194080e+00   1.1005990e+00   4.9979639e+00   3.4414893e+00
   2.0000000e+00   3.1088286e+00   3.9920235e+00   3.0395608e+00   1.7753474e+00   4.6434976e+00   1.1082295e+00   2.4535952e+00   2.9532258e+00   3.5144665e+00   1.5891820e+00
   1.0000000e+00   4.0287354e+00   3.0626262e+00   2.8419338e+00   2.6410612e+00   2.5824082e+00   3.6129689e+00   2.3153218e+00   1.4873318e+00   4.8649659e+00   1.4858769e+00
   1.0000000e+00   3.2380493e+00   3.6400947e+00   3.8231221e+00   2.4488663e+00   4.6204797e+00   3.5029122e+00   3.4183619e+00   3.0156720e+00   4.4880794e+00   2.0190980e+00
   2.0000000e+00   4.1178094e+00   2.1515211e+00   2.8582545e+00   9.4129914e-01   3.7419992e+00   3.5645975e+00   2.3337495e+00   3.5682351e+00   1.8634012e+00   2.4204722e+00
   2.0000000e+00   2.0099854e+00   2.2979679e+00   3.9472153e+00   2.4335332e+00   3.8201889e+00   2.4755077e+00   4.2938181e+00   3.5374640e+00   1.6467112e+00   3.9523838e+00
   2.0000000e+00   1.9263252e+00   3.5501867e+00   2.4914609e+00   1.5808695e+00   2.6350147e+00   1.6578239e+00   3.1931606e+00   4.2844222e+00   2.5193878e+00   3.9082069e+00
   2.0000000e+00   2.7659871e+00   3.1339381e+00   3.5739918e+00   8.3718848e-01   1.5315382e+00   1.9504380e+00   2.7341797e+00   3.3033688e+00   3.0128722e+00   3.8205203e+00
   2.0000000e+00   4.2012969e+00   4.0414102e+00   3.1446166e+00   3.5144727e+00  -8.0050903e-02   1.7605446e+00   3.0092918e+00   3.5233357e+00   4.1386469e+00   3.0696820e+00
   2.0000000e+00   3.5166505e+00   4.4869516e+00   3.5943085e+00   2.1691700e+00   2.4205081e+00   3.3375760e+00   4.2356287e+00   1.1835224e+00   2.0187002e+00   3.6115298e+00
   1.0000000e+00   2.8385299e+00   2.8256715e+00   2.9403774e+00   3.5598462e+00   2.4536250e+00   3.8245074e+00   4.1560618e+00   2.7667231e+00   3.1980822e+00   1.3462074e+00
   1.0000000e+00   2.2121254e+00   2.7929872e+00   2.8785834e+00   3.4722443e+00   2.7554355e+00   3.5579277e+00   2.3239827e+00   1.5967076e+00   2.7899159e+00   2.9493236e+00
   2.0000000e+00   2.4056496e+00   2.5746477e+00   2.7351949e+00   4.0960955e+00   3.3339222e+00   1.8947143e+00   5.0225661e+00   4.5573902e+00   3.5172140e+00   1.0551071e+00
   1.0000000e+00   4.3486204e+00   2.3648466e+00   1.4545395e+00   1.8223388e+00   1.5592462e+00   3.5313774e+00   3.0386583e+00   3.9800812e+00   2.8545320e+00   1.2255953e+00
   2.0000000e+00   1.5882923e+00   3.9579045e+00   3.1728500e+00   3.0974301e+00   4.3618757e+00   3.3364040e+00   3.1887946e+00   2.3849897e+00   2.1990027e+00   2.7229792e+00
   2.0000000e+00   2.0150441e+00   1.9647391e+00   3.8100129e+00   1.7439535e+00   2.7539093e+00   2.5419142e+00   3.1795521e+00   3.9334977e+00   2.8432168e+00   2.7712954e+00
   2.0000000e+00   1.9387583e+00   4.3174697e+00   3.7438918e+00   2.3057501e+00   4.2354402e+00   3.1815407e+00   1.4344052e+00   2.4900400e+00   3.6438206e+00   2.4241455e+00
   2.0000000e+00   3.2845873e+00   3.6599810e+00   2.9041417e+00   4.3072932e+00   8.4803440e-01   1.9975256e+00   3.8934961e+00   4.4210729e+00   5.8798509e-01   3.6436521e+00
   1.0000000e+00   1.6560486e+00   2.6715928e+00   3.0471791e+00   2.9523532e+00  -4.3873924e-01   3.2938378e+00   1.5103500e-01   3.7105572e+00   2.3620640e+00   2.2176605e+00
   1.0000000e+00   2.3224228e+00   3.1507285e+00   2.9112365e+00   3.9640018e+00   2.3265564e+00   3.6058782e+00   4.2936037e+00   3.7664693e+00   2.6213955e+00   2.2525586e+00
   2.0000000e+00   2.6554140e+00   3.0921769e+00   2.1847011e+00   2.7199942e+00   2.6564604e+00   2.6699422e+00   3.6920382e+00   4.1780787e+00   3.7412249e+00   2.2152420e+00
   2.0000000e+00   4.8258775e+00   1.0001488e+00   4.1668111e+00   2.0028118e+00   2.6318757e+00   3.3644771e+00   3.9083970e+00   4.4646366e+00   1.9220890e+00   1.4353314e+00
   2.0000000e+00   2.9474785e+00   3.9750045e+00   1.1715254e+00   4.4690343e+00   3.8664893e+00   3.2838828e+00   3.2476923e+00   3.1946931e+00   1.7253416e+00   3.2570121e+00
   2.0000000e+00   1.9546829e+00   3.6062692e+00   2.2976525e+00   3.7166817e+00   3.1118499e+00   2.9294033e+00   3.6709785e+00   3.9979129e+00   4.0236941e+00   4.2735227e+00
   2.0000000e+00   1.4267532e+00   2.2752297e+00   2.2534049e+00   2.6722126e+00   2.7355353e+00   4.1864221e+00   1.6880348e+00   3.1995327e+00   3.4152042e+00   2.6405746e+00
   2.0000000e+00   2.4143240e+00   2.0201978e+00   1.5836476e+00   3.7508507e+00   2.6195956e+00   4.2676378e+00   3.1146179e+00   4.0830029e+00   2.9522281e+00   3.8453389e+00
   2.0000000e+00   2.2269526e+00   3.2323034e+00   3.8667776e+00   3.7577587e+00   1.8151974e+00   1.6126570e+00   5.2563935e+00   4.2927436e+00   4.6078610e+00   4.6633416e+00
   2.0000000e+00   2.1072716e+00   2.2341798e+00   2.3721396e+00   2.8522507e+00   4.8442390e+00   2.8458954e+00   3.9044994e+00   2.7783687e+00   2.2780776e+00   8.3651690e-01
   2.0000000e+00   4.3746628e+00   4.2347279e+00   4.7047811e+00   2.8160433e+00   2.2322675e+00   3.5019538e+00   1.0221053e+00   1.8021789e+00   2.4339620e+00   3.4926131e+00
   2.0000000e+00   3.6034419e+00   1.9233309e+00   3.1294676e+00   3.8335819e+00   3.6147923e+00   2.1018918e+00   3.9325509e+00   4.5298189e+00   2.5657035e+00   3.7956027e+00
   2.0000000e+00   3.8247935e+00   3.9015505e+00   2.4672933e+00   3.2033494e+00   1.9905982e+00   1.7926657e+00   4.2423721e+00   3.2702989e+00   2.0465749e+00   3.1569911e+00
   2.0000000e+00   8.7020357e-01   2.9347921e+00   4.4130137e-01   2.8411129e+00   2.2057071e+00   7.7244824e-01   2.5103583e+00   2.3811370e+00   3.5979159e+00   3.4113740e+00
   1.0000000e+00   3.8958680e+00   2.7865503e+00   3.0231802e+00   2.1689151e+00   1.5079992e+00   3.1856127e+00   2.9209374e+00   2.6921126e+00   3.6761726e+00   4.4048594e+00
   2.0000000e+00   5.1005924e+00   2.5385338e+00   3.3881961e+00   2.9739153e+00   4.4259881e+00   4.9602474e+00   2.7592371e+00   3.0223048e+00   4.2942992e+00   3.8793063e+00
   2.0000000e+00   2.7535332e+00   4.0094087e+00   3.2623900e+00   4.6590804e+00   2.4237150e+00   3.6575193e+00   4.4120313e+00   3.7199914e+00   3.7478286e+00   3.5764035e+00
   2.0000000e+00   4.5167330e+00   3.5312764e+00   1.7156461e+00   4.3084065e+00   3.8022484e+00   4.4990967e+00   3.2830984e+00   2.1911208e+00   1.3102690e+00   1.6721312e+00
   1.0000000e+00   3.2015580e+00   3.0271368e+00   1.3944620e+00   3.9444330e+00   1.0559863e+00   3.1688501e+00   2.3610385e+00   3.1910667e+00   2.5058790e+00   3.5620543e+00
   2.0000000e+00   1.4903248e+00   2.6832878e+00   5.0419171e+00   2.3883942e+00   1.5376609e+00   5.0863704e+00   1.1798303e+00   2.6940788e+00   3.9479719e+00   3.8388698e+00
   2.0000000e+00   3.1662915e+00   1.6700486e+00   3.2603624e+00   2.2913413e+00   2.3189107e+00   2.9801604e+00   1.8174274e+00   2.5430401e+00   2.6138126e+00   4.0395298e+00
   2.0000000e+00   3.4982133e+00   5.4710709e+00   3.7862787e+00   4.1138896e+00   3.3264132e+00   5.0079230e+00   3.6107909e+00   4.4750483e+00   2.3159159e+00   1.8902984e+00
   2.0000000e+00   3.1789242e+00   2.1350315e+00   2.1593957e+00   3.2504853e+00   3.5174632e+00   3.5486424e+00   2.4199078e+00   1.4667494e+00   2.2097640e+00   2.1579579e+00
   2.0000000e+00   2.8453517e+00   4.0569114e+00   3.4129041e+00   2.4730998e+00   5.8435599e+00   1.5224032e+00   3.1369577e+00   2.7849110e+00   4.0406670e+00   2.5004401e+00
   2.0000000e+00   4.9224402e+00   3.3622211e+00   4.6081976e+00   2.2713502e+00   2.0431608e+00   2.8208990e+00   3.7599515e+00   2.3548973e+00   3.3097853e+00   7.8567279e-01
   1.0000000e+00   4.7336210e+00   2.4393360e+00   1.1649452e+00   3.7715515e+00   2.2996657e+00   3.7444543e+00   2.7476542e+00   3.9048293e+00   2.5302345e+00   4.0722843e+00
   2.0000000e+00   2.8826638e+00   8.1248100e-01   2.7683666e+00   2.2498239e+00   3.1379563e+00   2.0333041e+00   3.2552709e+00   4.3362866e+00   4.6429812e+00   3.0293404e+00
   2.0000000e+00   2.7618605e+00   3.5143776e+00   3.3598189e+00   1.8982858e+00   3.6760125e+00   3.9781567e+00   3.5213125e+00   2.2563054e+00   2.6055721e+00   2.7206066e+00
   2.0000000e+00   3.3479938e+00   2.0298649e+00   4.2519585e+00   3.9368678e+00   3.9395983e+00   2.5894146e+00   1.9385957e+00   4.4295204e+00   2.4521116e+00   2.6790473e+00
   2.0000000e+00   2.6528551e+00   2.4098448e+00   2.5732634e+00   2.6109510e+00   2.3362919e+00   2.2831351e+00   1.4848501e+00   5.3624930e+00   3.5740537e+00   3.4806037e+00
