   2.0000000e+00   3.3844624e+00   2.8921930e+00   3.2844517e+00   1.6620788e+00   3.1417744e+00   3.1975112e+00   2.7953244e+00   2.0238813e+00   2.8733170e+00   2.4800032e+00
   2.0000000e+00   3.5608527e+00   1.6328894e+00   2.9086632e+00   4.1779633e+00   2.2057556e+00   3.2663369e+00   1.6523630e+00   2.4212765e+00   3.1696487e+00   3.5796971e+00
   1.0000000e+00   2.0898931e+00   3.0304059e+00   4.5137739e+00   3.1823055e+00   3.2111718e+00   2.7658670e+00   2.6255700e+00   2.1559641e+00   3.4685906e+00   4.4623226e+00
   1.0000000e+00   1.8430309e+00   3.3370422e+00   2.4705488e+00   2.6954932e+00   2.1874731e+00   4.5748074e+00   2.9340955e+00   3.3062120e+00   3.0291837e+00   3.5594625e+00
   2.0000000e+00   2.4794698e+00   6.6283231e-02   3.3569307e+00   2.5524216e+00   3.3406277e+00   4.4323847e+00   2.1621072e+00   1.8363175e+00   2.1674327e+00   3.8804980e+00
   2.0000000e+00   2.1971557e+00   1.3664388e+00   6.5855349e+00   3.0243150e+00   2.9036721e+00   1.7586656e+00   4.4620831e+00   5.1846450e+00   2.7164436e+00   3.3701931e+00
   1.0000000e+00   3.7092167e+00   3.3163164e+00   1.7219098e+00   3.7402823e+00   3.7880660e+00   2.3437012e+00   1.3942067e+00   3.6847770e+00   2.7157072e+00   1.4893879e+00
   2.0000000e+00   2.1815941e+00   2.8133354e+00   3.5446699e+00   4.8481965e+00   3.0931703e+00   3.1943735e+00   1.2212065e+00   3.8807684e+00   2.1845961e+00   3.2636815e+00
   2.0000000e+00   3.5777530e+00   2.7985671e+00   3.6856525e+00   4.3430963e+00   2.0145879e+00   3.0355805e+00   4.5739606e+00   4.1777287e+00   2.8384532e+00   3.3631919e+00
   2.0000000e+00   4.6982170e+00   3.0716121e+00   2.0812382e+00   3.1937017e+00   2.8594494e+00   5.5067962e+00   3.4720845e+00   2.9514066e-02   2.5362242e+00   1.3178065e+00
   2.0000000e+00   2.1162155e+00   1.8370018e+00   3.3737214e+00   3.0583964e+00   2.8071850e+00   3.7051116e+00   2.3204797e+00   2.5191353e+00   2.0137863e+00   3.0688440e+00
   1.0000000e+00   3.5816880e+00   3.0930482e+00   2.3036006e+00   3.0306546e+00   4.4127926e+00   2.1790402e+00   3.0400990e+00   3.0295120e+00   4.4086684e+00   3.9226461e+00
   1.0000000e+00   2.9489761e+00   3.7449498e+00   3.4591791e+00   3.4081704e+00   3.3700267e+00   1.3562546e+00   3.2524877e+00   3.6030935e+00   3.0954732e+00   8.0923746e-01
   2.0000000e+00   2.6668718e+00   1.7864301e+00   3.3698832e+00   2.4860643e+00   2.8011264e+00   4.0421320e+00   3.3968761e+00   4.8846710e+00   1.1431258e+00   2.7566726e+00
   1.0000000e+00   3.9445472e+00   3.3804987e+00   2.0338257e+00   3.0859053e+00   2.3989829e+00   3.2231692e+00   3.2630590e+00   3.3645900e+00   3.3018525e+00   3.0565816e+00
   2.0000000e+00   3.0139927e+00   2.3280453e+00   4.7034415e+00   2.4436657e+00   3.1093617e+00   3.9520119e+00   3.0555512e+00   3.1237109e+00   2.9251985e+00   3.7090266e+00
   2.0000000e+00   2.9177224e+00   3.6208241e+00   1.4071094e+00   2.4365407e+00   1.8312257e+00   2.3272791e+00   3.4270017e+00   4.3082377e+00   3.4150981e+00   4.9046019e+00
   2.0000000e+00   3.9965181e+00   3.6910235e+00   3.1092955e+00   2.3706187e+00   9.8303321e-01   2.2943139e+00   2.0444761e+00   3.2673410e+00   3.7515239e+00   3.0928393e+00
   2.0000000e+00   2.8410051e+00   4.2343954e+00   2.2232192e+00   3.7716657e+00   3.7329833e+00   3.8597334e+00   2.2547616e+00   2.7756128e+00   1.8752005e+00   2.9570218e+00
   2.0000000e+00   2.1991297e+00   3.6432698e+00   4.0803144e+00   3.6691731e+00   2.9271046e+00   2.4891884e+00   3.2940289e+00   2.0313642e+00   5.0233129e+00   3.0508266e+00
   2.0000000e+00   3.4565617e+00   2.7974929e+00   3.4709759e+00   2.8304745e+00   5.0467691e+00   3.0950199e+00   3.2976224e+00   1.2763929e+00   3.4868665e+00   3.9812642e+00
   2.0000000e+00   4.4555344e+00   3.5935323e+00   2.8809181e+00   4.1235163e+00   4.9717219e+00   2.3976179e+00   3.0534557e+00   2.4412111e+00   1.7850068e+00   6.3705606e-01
   1.0000000e+00   3.2317125e+00   3.3866150e+00   3.4988781e+00   3.0036076e+00   4.1419104e+00   4.4933519e+00   4.7421078e+00   2.4090540e+00   2.2804629e+00   2.2155669e+00
   2.0000000e+00   2.6196514e+00   2.9138212e+00   2.5231032e+00   3.2344222e+00   2.5424004e+00   3.1346877e+00   4.0433952e+00   2.5112436e+00   2.7920660e+00   4.1407474e+00
   1.0000000e+00   8.0475028e-01   3.9100600e+00   2.0358414e+00   3.6346344e+00   2.8313977e+00   2.2945983e+00   3.9366438e+00   3.0413252e+00   4.1286745e+00   3.4296019e+00
   2.0000000e+00   4.9469180e+00   3.9644036e+00   3.5938745e+00   2.5324648e+00   4.1451829e+00   3.1476170e+00   3.7971911e+00   4.1126974e+00   4.4394324e+00   3.5159688e+00
   2.0000000e+00   4.6814969e+00   2.1008043e+00   2.4890036e+00   2.3117683e+00   3.9919380e+00   1.8563783e+00   1.7894934e+00   2.3097467e+00   3.2071694e+00   3.9051889e+00
   2.0000000e+00   4.0401289e+00   3.2019072e+00   3.0406318e+00   4.1399151e+00   2.1173821e+00   3.6679942e+00   4.2940935e+00   1.5846388e+00   3.4313342e+00   2.9215180e+00
   1.0000000e+00   4.1210420e+00   3.0020481e+00   3.3230464e+00   2.9885969e+00   3.0879510e+00   3.8757591e+00   2.2167643e+00   2.9188408e+00   1.9574292e+00   7.9441642e-01
   2.0000000e+00   2.2037005e+00   4.7032955e+00   1.6122189e+00   3.3766635e+00   3.1149099e+00   3.4241012e+00   3.2289009e+00   2.1775933e+00   3.3288273e+00   5.0787377e+00
   2.0000000e+00   3.2404281e+00   1.8900682e+00   4.4148731e+00   3.9222031e+00   1.9966621e+00   2.5994405e+00   2.9185581e+00   4.6656405e+00   4.3553283e-01   2.4555359e+00
   2.0000000e+00   2.9997770e+00   2.4308209e+00   2.2755150e+00   2.3407747e+00   4.1402075e+00   5.1746323e+00   1.5318761e+00   4.0787432e+00   3.1513187e+00   1.7963919e+00
   2.0000000e+00   4.1739152e+00   1.1151590e+00   1.5538018e+00   2.3583412e+00   1.1797125e+00   3.2342545e+00   1.9335239e+00   5.5999983e+00   4.3293779e+00   2.3551269e+00
   2.0000000e+00   2.6689904e+00   1.2398429e+00   3.2407880e+00   3.2062685e+00   1.7842146e+00   2.1517799e+00   3.4800364e+00   2.0573797e+00   1.8685458e+00   3.2207558e+00
   2.0000000e+00   3.7047659e+00   5.3378312e+00   2.3984604e+00   2.5550506e+00   2.8981599e+00   1.9858747e+00   3.8196455e+00   3.6305048e+00   2.9019535e+00   2.7408442e+00
   1.0000000e+00   3.2629305e+00   3.1363011e+00   4.0292463e+00   1.6696081e+00   3.0982766e+00   3.5857429e+00   3.9560780e+00   3.4714045e+00   2.1797939e+00   3.2542578e+00
   2.0000000e+00   4.5968924e+00   4.3557993e+00   4.5134678e+00   3.9826471e+00   1.8065819e+00   3.2895787e+00   4.3703306e+00   2.4477682e+00   3.2454105e+00   3.1247806e+00
   2.0000000e+00   3.7332011e+00   2.4524316e+00   2.6218948e+00   2.5425008e+00   4.0552134e+00   9.5277014e-01   4.1395257e+00   3.9738083e+00   2.8626971e+00   3.0875697e+00
   1.0000000e+00   3.9653601e+00   3.0518183e+00   4.1572769e+00   4.0737446e+00   2.7627241e+00   3.1747303e+00   2.6486074e+00   2.8009821e+00   2.2958111e+00   4.1375440e+00
   2.0000000e+00   3.8594738e+00   1.8095806e+00   3.0269891e+00   1.8926122e+00   2.1005327e+00   4.3380242e+00   2.4536178e+00   2.0722335e+00   5.1031928e+00   3.0766129e+00
   2.0000000e+00   2.8744016e+00   7.3668798e-01   1.6542525e+00   2.7621157e+00   3.0845588e+00   4.2878909e+00   5.4088191e+00   3.2745047e+00   2.5041814e+00   4.1204722e+00
   2.0000000e+00   4.2614744e+00   5.0180893e+00   2.7238122e+00   3.1290525e+00   2.4790453e+00   5.1194489e+00   2.8108941e+00   2.1406152e+00   1.0029206e+00   2.6768047e+00
   1.0000000e+00   4.6213539e+00   3.1276061e+00   1.5096374e+00   2.4182214e+00   1.0919236e+00   3.9735789e+00   1.8076629e+00   2.2894512e+00   2.6636541e+00   2.6325362e+00
   2.0000000e+00   2.4579314e+00   2.2245054e+00   4.8887298e+00   4.1089309e+00   9.6941295e-01   3.1896964e+00   8.8317427e-01   2.8518266e+00   2.0854179e+00   3.0027623e+00
   2.0000000e+00   3.9051743e+00   2.9239269e+00   2.5220519e+00   2.4038222e+00   3.2097836e+00   3.5892637e+00   3.6128082e+00   2.9802536e+00   2.1246872e+00   3.5218911e+00
   2.0000000e+00   2.2123756e+00   4.7146466e+00   2.1382845e+00   8.1188631e-01   2.3981299e+00   5.1195372e+00   4.1245666e+00   2.2703438e+00   4.4475538e+00   3.3221499e+00
   2.0000000e+00   1.9515800e+00   3.0967929e+00   3.0044344e+00   4.0089689e+00   1.5311287e+00   3.9390186e+00   3.6777912e+00   1.4888053e+00   1.2967707e+00   3.5744606e+00
   2.0000000e+00   2.5765373e+00   4.6668129e+00   2.7979893e+00   6.6377287e-01   3.6629570e+00   2.3796880e+00   2.9570652e+00   3.3494685e+00   2.4523708e+00   2.4972904e+00
   2.0000000e+00   3.7301759e+00   2.7759766e+00   3.9213791e+00   2.0996143e+00   3.3996037e+00   1.1375645e+00   2.3148417e+00   4.4259550e+00   2.2616573e+00   4.8070301e+00
   2.0000000e+00   4.5111341e+00   2.2152501e+00   3.0041085e+00   2.3265896e+00   2.0846949e+00   2.5089369e+00   2.8779223e+00   3.2971019e+00   3.4196367e-01   4.0365470e+00
   2.0000000e+00   3.0060071e+00   4.4719065e+00   1.0926158e+00   3.0718235e+00   4.1379341e+00   4.0425588e+00   4.0124859e+00   2.0154710e+00   4.0977592e+00   1.4484182e+00
   2.0000000e+00   2.5082903e+00   9.9688771e-01   5.1296499e+00   2.4582427e+00   2.3655195e+00   7.8686562e-01   4.5029190e+00   3.8971610e+00   4.9082825e+00   1.8748751e+00
   1.0000000e+00   3.5748206e+00   3.8226495e+00   5.2002894e+00   3.8234461e+00   2.9093133e+00   1.4118005e+00   3.8005636e+00   2.7096549e+00   3.2145366e+00   1.0999893e+00
   2.0000000e+00   2.6270315e+00   4.4436566e+00   4.4031148e+00   3.0088347e+00   2.7196544e+00   2.1736291e+00   3.9158686e+00   4.5444879e+00   2.2708940e+00   2.5679897e+00
   2.0000000e+00   2.9398576e+00   2.9346683e+00   1.5415838e+00   2.1977284e+00   3.3460475e+00   3.6394618e+00   2.9006479e+00   3.3263241e+00   3.8619757e+00   1.8578222e+00
   2.0000000e+00   3.3688094e+00   3.8190264e+00   2.1464672e+00   3.4725488e+00   4.2456937e+00   4.0606713e+00   3.0589063e+00   1.6063913e+00   3.1855839e+00   2.4483575e+00
   2.0000000e+00   4.0109358e+00   4.8191345e+00   3.2792606e+00   2.5000310e+00   3.3141128e+00   4.0120139e+00   2.4855770e+00   2.4467424e+00   2.8893624e+00   4.8738291e+00
   2.0000000e+00   3.5452229e+00   2.7474352e+00   1.2961853e+00   3.0514813e+00   3.2731314e+00   3.3785891e+00   2.9530575e+00   4.4168853e+00   3.9985631e+00   3.4981651e+00
   2.0000000e+00   2.2110589e+00   3.0963582e+00   1.9633453e+00   2.9147984e+00   3.1399800e+00   1.4647082e+00   3.4630459e+00   4.2375972e+00   9.3199283e-01   3.8347372e+00
   1.0000000e+00   4.3965350e+00   3.0843798e+00   2.5556678e+00   2.6539970e+00   2.2277019e+00   4.7941532e+00   4.7962116e+00   2.3865836e+00   3.8254915e+00   2.2351784e+00
   2.0000000e+00   3.1800539e+00   2.4233319e+00   3.4356069e+00   5.2780260e+00   2.7379401e+00   4.0246209e+00   3.6239924e+00   3.2340928e+00   4.2828068e+00   3.8571955e+00
   2.0000000e+00   3.7569213e+00   5.4742976e+00   3.3851081e+00   2.1237137e+00   1.7868782e+00   3.9812802e+00   4.5717666e+00   2.5868938e+00   3.6718311e+00   4.1612032e+00
   2.0000000e+00   2.5900036e+00   2.8460952e+00   3.7912301e+00   2.9055981e+00   3.9863641e+00   3.6131145e+00   2.3823086e+00   1.5872766e+00   4.4974388e+00   2.3252714e+00
   2.0000000e+00   2.6809982e+00   4.4668794e+00   3.8750421e+00   3.0767066e+00   2.7977309e+00   3.6627989e+00   3.7849830e+00   1.3706978e+00   3.1242816e+00   2.5536656e+00
   2.0000000e+00   1.4468607e+00   2.9396647e+00   2.3312634e+00   3.8855940e+00   1.7463583e+00   3.4001100e+00   4.3050799e+00   4.9189859e+00   4.2076148e+00   2.5278411e+00
   2.0000000e+00   2.8399211e+00   2.8379214e+00   1.4533555e+00   2.8131077e+00   3.7281355e+00   4.0369392e+00   3.8042661e+00   3.2492464e+00   2.5393595e+00   3.8820972e+00
   1.0000000e+00   5.2151844e+00   3.3622926e+00   2.7559817e+00   3.8983603e+00   3.2895720e+00   2.7023887e+00   3.8319939e+00   3.6456416e+00   2.7985660e+00   2.1388698e+00
   2.0000000e+00   3.3603591e+00   3.6487327e+00   4.3270583e+00   1.8196678e+00   3.5644736e+00   3.7962255e+00   3.1289170e+00   2.0369693e+00   4.4942973e+00   3.1804477e+00
   2.0000000e+00   5.2986059e+00   2.0422050e+00   2.7476357e+00   4.6925691e+00   3.1392163e+00   4.6648798e+00   1.2794722e+00   4.2625310e+00   3.2832778e+00   2.7558429e+00
   2.0000000e+00   3.4221993e+00   4.1202420e+00   4.1143768e+00   3.2963440e+00   1.9718109e+00   1.5813864e+00   3.2321448e+00   2.7385658e+00   3.0116981e+00   5.0081614e+00
   2.0000000e+00   3.0173135e+00   3.5822861e+00   1.7505718e+00   2.8647738e+00   1.4468886e+00   2.5544112e+00   1.9588165e+00   2.1087951e+00   3.4126355e+00   3.1928423e+00
   2.0000000e+00   2.4346081e+00   2.8742693e+00   4.1024457e+00   1.5299924e+00   2.5491479e+00   2.5686163e+00   3.0822229e+00   1.4321898e+00   2.9914796e+00   3.6066676e+00
   1.0000000e+00   3.6956402e+00   3.6540273e+00   3.7439631e+00   1.7540625e+00   3.8355973e+00   1.8084801e+00   3.6550045e+00   2.4423882e+00   3.4899383e+00   1.6773432e+00
   2.0000000e+00   2.8347995e+00   2.5809273e+00   4.2207041e+00   2.4405598e+00   1.8474009e+00   2.5966243e+00   2.2464689e+00   2.9915536e+00   1.6236870e+00   4.0807706e+00
   2.0000000e+00   1.7124813e+00   3.7189530e+00   3.5741517e+00   6.2592390e-01   3.4462588e+00   2.7116939e+00   3.9016655e+00   4.1790669e+00   1.6949813e+00   2.2154782e+00
   2.0000000e+00   3.4347314e+00   1.3913427e+00   4.3215799e+00   2.9382542e+00   3.7712537e+00   2.9523035e+00   3.5484942e+00   2.4758134e+00  -2.0434568e-01   3.1418034e+00
   2.0000000e+00   5.0410081e+00   3.1892247e+00   2.6000111e+00   1.9333665e+00   3.3364768e+00   3.1658700e+00   2.0474788e+00   1.5239314e+00   4.1710397e+00   1.5501067e+00
   1.0000000e+00   3.2044407e+00   3.1593609e+00   2.0721539e+00   4.1893710e+00   4.0639367e+00   5.6613719e+00   3.8024841e+00   3.5917937e+00   2.9737486e+00   2.6077831e+00
   1.0000000e+00   2.8718018e+00   3.6372279e+00   4.0936923e+00   4.8446602e+00   3.5691174e+00   4.4495776e+00   2.3463958e+00   2.6594245e+00   3.0601454e+00   2.0698246e+00
   2.0000000e+00   3.7602036e+00   4.5379729e+00   4.8150695e+00   2.3952041e+00   2.9093321e+00   3.0342790e+00   1.0389253e+00   3.0214585e+00   1.8013916e+00   2.0084268e+00
   2.0000000e+00   4.7728685e-01   2.6312167e+00   2.3135998e+00   3.2080328e+00   1.8425274e+00   2.6558522e+00   2.5391101e+00   3.8275966e+00   2.7220793e+00   2.7591202e+00
   2.0000000e+00   2.7029292e+00   3.9499198e+00   2.6147229e+00   2.7015884e+00   7.2564463e-01   3.9250851e+00   3.1404940e+00   2.9302919e+00   3.8259430e+00   3.0416302e+00
   2.0000000e+00   9.9705745e-01   2.7666208e+00   2.2211459e+00   1.5300250e+00   2.9140864e+00   1.5429422e+00   2.6617667e+00   3.4040565e+00   6.4828647e+00   4.5212513e+00
   2.0000000e+00   3.7216446e-01   2.6355098e+00   2.8487957e+00   3.6119999e+00   1.8350670e+00   1.9302934e+00   3.0549944e+00   2.7906835e+00   3.1538548e+00   1.6914280e+00
   2.0000000e+00   3.7114063e+00   2.6866332e+00   4.5682883e+00   1.9914632e+00   3.4202420e+00   2.3519013e+00   4.3039970e+00   4.0080842e+00   3.3289721e+00   1.2403746e+00
   1.0000000e+00   3.0111878e+00   3.2621962e+00   1.5790414e+00   6.9166325e-01   4.2841584e+00   3.4823284e+00   2.8251167e+00   2.6244324e+00   3.4084010e+00   1.8580293e+00
   2.0000000e+00   3.1031476e+00   1.4619665e+00   3.0355656e+00   3.2327393e+00   2.8288643e+00   3.1242174e+00   2.8984099e+00   1.2517417e-01   2.3930155e+00   2.2470212e+00
   2.0000000e+00   2.8087600e+00   2.5844272e+00   2.3528880e+00   2.5202660e+00   1.8103027e+00   3.1637854e+00   2.7905904e+00   2.9381956e+00   3.2295555e+00   3.0300039e+00
   2.0000000e+00   3.5056086e+00   2.5339205e+00   2.2415522e+00   2.6220970e+00   1.2862214e+00   2.5040635e+00   1.9052143e+00   2.7035457e+00   2.1418170e+00   2.5107479e+00
   2.0000000e+00   3.3436080e+00   1.0714903e+00   2.7319965e+00   1.4264063e+00   2.9733863e+00   2.2134928e+00   2.9329197e+00   4.8363624e+00   3.0967628e+00   6.3457764e+00
   2.0000000e+00   3.9442802e+00   4.2323820e+00   2.7248505e+00   3.2306969e+00   2.7063088e+00   1.8284284e+00   3.8206540e+00   4.7480276e+00   2.2339394e+00   2.9327085e+00
   2.0000000e+00   3.3495719e+00   2.4159048e+00   3.0322844e+00   2.6060954e+00   3.8246416e+00   1.6825499e+00   2.6588977e+00   2.5693695e+00   1.5532993e+00   3.4274030e+00
   2.0000000e+00   2.8499144e+00   2.5075518e+00   2.1157414e+00   2.4693617e+00   2.6844827e+00   4.1981264e+00   2.2470759e+00   4.7027040e+00   2.5124930e+00   2.4262253e+00
   2.0000000e+00   3.8082444e+00   4.7375495e+00   2.4188203e+00   2.2868008e+00   3.7466468e+00   4.3655162e+00   2.5580781e+00   3.9984010e+00   5.2359701e+00   3.4574057e+00
   1.0000000e+00   3.7034133e+00   3.2875456e+00   3.2813843e+00   3.5977101e+00   3.4054874e+00   4.0567663e+00   3.6794513e+00   3.9054697e+00   4.6014319e+00   2.8159961e+00
   2.0000000e+00   3.0929155e+00   2.7129218e+00   3.7437276e+00   4.5796763e+00   4.2687173e+00   2.3108569e+00   2.9322835e+00   3.1106051e+00   3.2013787e+00   1.2004134e+00
   2.0000000e+00   3.4440989e+00   2.4171731e+00   3.8212311e+00   1.2698361e+00   3.6280091e+00   3.4044435e+00   3.5803407e+00   2.6189781e+00   2.1245368e+00   2.3438897e+00
   2.0000000e+00   4.1279471e+00   4.6127205e+00   3.8789809e+00   3.4629789e+00   1.8720239e+00   2.0149922e+00   2.6223224e+00   2.6375282e+00   1.2613378e+00   5.2252367e+00
   2.0000000e+00   3.5243738e+00   1.7853383e+00   3.6423406e+00   2.7956473e+00   3.2780968e+00   2.7528366e+00   2.6320692e+00   3.4298189e+00   2.5085590e+00   3.3170867e+00
   2.0000000e+00   2.3555782e+00   2.7757235e+00   2.8331261e+00   2.7924131e+00   1.1285680e+00   2.4881033e+00   3.1098927e+00   3.5450064e+00   2.8881989e+00   4.2406160e+00
