   2.0000000e+00   4.6664102e+00   2.3567782e+00   3.1415643e+00   1.2987447e+00   1.1070599e+00   1.6103428e+00   1.8917267e+00   4.8100430e+00   1.3008485e+00   2.3766392e+00
   2.0000000e+00   3.3899002e+00   3.0332058e+00   1.9233547e+00   4.2751611e+00   3.0803912e+00   2.3943111e+00   2.8924325e+00   4.2740785e+00   2.7526073e+00   7.3740124e-01
   2.0000000e+00   2.8734485e+00   3.4125639e+00   1.8404782e+00   1.9761683e+00   4.1058473e+00   3.1441600e+00   3.9698355e+00   2.5456703e+00   2.0513223e+00   2.1120824e+00
   2.0000000e+00   2.4728139e+00   2.9464774e+00   2.3281962e+00   4.0977816e+00   2.7932956e+00   1.8843707e+00   3.5134338e+00   3.5823658e+00   3.8307012e+00   9.8559098e-01
   2.0000000e+00   2.1762464e+00   2.8781679e+00   4.3749905e+00   3.8172928e+00   2.3193621e+00   5.9019107e+00   2.4193110e+00   4.7962230e+00   2.6588755e+00   3.8789408e+00
   2.0000000e+00   2.8815828e+00   3.7717678e+00   4.4449124e+00   1.9241039e+00   4.7557343e+00   2.6334989e+00   3.9264232e+00   3.9626085e+00   1.8912417e+00   5.4417224e+00
   2.0000000e+00   2.6773049e+00   3.8429658e+00   1.9956361e+00   2.6671439e+00   2.8246334e+00   3.4476897e+00   6.2092578e-01   2.1589091e+00   3.3155825e+00   2.6334988e+00
   2.0000000e+00   1.7838912e+00   2.6749752e+00   2.9913890e+00   3.2443612e+00   1.6166664e+00   1.4332124e+00   2.8587158e+00   2.2990272e+00   3.4107182e+00   4.4703100e+00
   1.0000000e+00   3.7698790e+00   3.4487100e+00   1.9148917e+00   2.9674191e+00   3.1533912e+00   4.1736261e+00   2.6234747e+00   2.4364792e+00   3.9755650e+00   3.3167823e+00
   2.0000000e+00   3.0336665e+00   2.8081997e+00   3.0901244e+00   3.5229622e+00   3.1110732e+00   2.0002398e+00   2.7708062e+00   3.4986547e+00   1.6646577e+00   3.6057380e+00
   2.0000000e+00   2.6635837e+00   3.6134800e+00   2.8540221e+00   3.2531050e+00   2.2869091e+00   3.2682372e+00   1.4568117e+00   3.0109521e+00  -4.4971444e-01   2.8501201e+00
   1.0000000e+00   2.8653432e+00   3.4386293e+00   2.5156997e+00   3.5053776e+00   3.4303559e+00   3.1489124e+00   4.5833696e+00   4.8329967e+00   3.2786307e+00   3.2598703e+00
   2.0000000e+00   4.1899168e+00   4.0604573e+00   2.9594221e+00   3.0219744e+00   2.8645691e+00   4.2652784e+00   2.3719125e+00   2.8179672e+00   5.6474630e-01   2.6386804e+00
   2.0000000e+00   3.6075054e+00   4.7793381e+00   4.4241120e+00   2.5112963e+00   3.1107878e+00   1.4852462e+00   3.3192411e+00   4.0011181e+00   2.9625161e+00   8.1729667e-01
   1.0000000e+00   3.0660858e+00   3.9674383e+00   1.8558070e+00   3.0937765e+00   3.1526710e+00   3.2071854e+00   3.7865352e+00   3.2675974e+00   3.2070978e+00   2.5489418e+00
   2.0000000e+00   2.5422455e+00   8.4066093e-01   2.5597250e+00   4.0146342e+00   2.9170621e+00   2.3992564e+00   2.0968717e+00   3.6638754e+00   3.2991198e+00   3.6859989e+00
   1.0000000e+00   1.3434779e+00   3.7406417e+00   4.4740377e+00   3.6718397e+00   3.2485710e+00   2.4347524e+00   3.6170193e+00   2.6655867e+00   2.7964873e+00   3.0450450e+00
   2.0000000e+00   4.0283673e+00   1.5484952e+00   5.1064772e+00   1.8637540e+00   1.5323878e+00   2.5285300e+00   2.6749991e+00   3.9974411e+00   1.5004578e+00   3.7430406e+00
   2.0000000e+00   1.6608878e+00   4.6171571e+00   2.9384742e+00   7.8084017e-01   2.8468219e+00   3.2656641e+00   1.3536954e+00   2.5871541e+00   2.3789780e+00   3.2287277e+00
   2.0000000e+00   1.1565111e+00   2.5626961e+00   3.6051262e+00   2.2662314e+00   2.4502993e+00   2.7449920e+00   2.0330022e+00   4.1756654e+00   4.8849187e+00   3.1623007e+00
   2.0000000e+00   4.3632001e+00   3.7336976e+00   3.9237639e+00   3.5269314e+00   2.4922017e+00   2.5426998e+00   2.7358022e+00   3.1793245e+00   2.8201253e+00   3.4238572e+00
   2.0000000e+00   3.2427123e+00   2.4900057e+00   3.6271822e+00   3.6399593e+00   2.8467428e+00   1.4680091e+00   3.3754241e+00   2.5529424e+00   2.3249546e+00   2.3369827e+00
   2.0000000e+00   3.1344618e+00   2.4975997e+00   3.1171065e+00   1.5529643e+00   2.4832015e+00   2.5412209e+00   2.8715860e+00   3.1820997e+00   2.8960813e+00   4.5143928e+00
   1.0000000e+00   3.0254569e+00   3.1806727e+00   2.7761998e+00   3.4678224e+00   3.3501616e+00   3.6762393e+00   3.1150051e+00   5.2568165e+00   2.7679129e+00   4.2992912e+00
   2.0000000e+00   3.8965700e+00   4.0452491e+00   3.4514723e+00   2.3384949e+00   2.4096733e+00   4.5680460e+00   2.8921827e+00   2.7877755e+00   2.4335462e+00   4.5189678e+00
   2.0000000e+00   3.8099324e+00   2.3409506e+00   3.9094712e+00   3.1139936e+00   3.1166527e+00   2.8595884e+00   2.5001318e+00   2.3921853e+00   9.1378536e-01   1.4229197e+00
   2.0000000e+00   4.0313939e+00   4.3041105e+00   3.9256915e+00   2.7932204e+00   1.8312597e+00   1.2536233e+00   1.8891780e+00   3.3913882e+00   3.0176127e+00   3.5629697e+00
   2.0000000e+00   1.6968379e+00   1.8111146e+00   3.5785905e+00   3.2137155e+00   1.3265866e+00   3.3024721e+00   3.1293890e+00   1.7449724e+00   3.6805738e+00   1.7125384e+00
   1.0000000e+00   3.7813795e+00   3.0031905e+00   1.9191443e+00   2.6373419e+00   3.1761323e+00   3.3377984e+00   3.9488670e+00   2.7081030e+00   3.0741259e+00   2.5618057e+00
   1.0000000e+00   3.2094908e+00   3.5546073e+00   2.8215421e+00   3.3044016e+00   3.7505523e+00   2.5046007e+00   3.0979951e+00   4.1114926e+00   2.5845162e+00   2.5279872e+00
   2.0000000e+00   8.3543614e-01   3.0298188e+00   2.0325717e+00   3.3981338e+00   1.9666154e+00   2.0865684e+00   1.9923676e+00   2.3665704e+00   3.8047083e+00   3.4005352e+00
   2.0000000e+00   3.6862141e+00   4.5589815e+00   2.9757022e+00   2.3956734e+00   3.8991703e+00   2.6541141e+00   4.6527572e+00   3.0054719e+00   1.6655498e+00   4.0973372e+00
   2.0000000e+00   3.2382573e+00   2.1699066e+00   2.1783429e+00   3.8360804e+00   3.7430271e+00   2.7463127e+00   2.0860920e+00   3.8124402e+00  -3.4564504e-02   3.1457982e+00
   2.0000000e+00   4.0377585e+00   2.1824817e+00   3.0585497e+00   2.8032608e+00   2.9255596e+00   3.3792526e+00   3.8908491e+00   4.0432761e+00   1.0472081e+00   2.0472484e+00
   1.0000000e+00   1.6115035e+00   4.3443137e+00   2.3404592e+00   2.7693958e+00   3.3264220e+00   2.2639631e+00   1.2420335e+00   2.2483383e+00   2.5440207e+00   3.9172151e+00
   1.0000000e+00   3.3459514e+00   3.3051900e+00   2.6704794e+00   4.2902756e+00   3.2613828e+00   3.3141734e+00   3.2255013e+00   3.7030244e+00   2.8414937e+00   3.1051495e+00
   2.0000000e+00   2.8675377e+00   3.6667587e+00   2.9383895e+00   2.9486182e+00   3.6140296e+00   2.7570198e+00   2.9803891e+00   4.6000271e+00   2.1583929e+00   3.1812035e+00
   1.0000000e+00   1.6739924e+00   9.7790536e-01   2.4441407e+00   4.8764388e+00   3.0477406e+00   3.1650705e+00   2.2168416e+00   3.5296996e+00   2.8986783e+00   2.7669005e+00
   2.0000000e+00   3.3213588e+00   1.5265386e+00   2.7879653e+00   2.0323593e+00   4.1411915e+00   2.8698500e+00   2.8455655e+00   3.1839623e+00   4.8825850e+00   2.2215298e+00
   2.0000000e+00   2.2725464e+00   3.5291798e+00   2.3841101e+00   2.8915850e+00   2.2781341e+00   3.4302739e+00   4.5648286e+00   3.5157276e+00   4.7434357e+00   3.0035249e+00
   2.0000000e+00   2.4611011e+00   2.1675267e+00   2.5833804e+00   3.3710217e+00   5.7385185e+00   2.9780897e+00   2.6122860e+00   3.0021608e+00   4.0138717e+00   9.1246394e-01
   1.0000000e+00   3.6559642e+00   1.5241938e+00   3.2309119e+00   3.5679800e+00   3.0165805e+00   4.5752609e+00   2.8335572e+00   2.8826472e+00   2.8373326e+00   1.1695706e+00
   2.0000000e+00   1.0052264e+00   2.2892059e+00   3.0139780e+00   4.7047010e+00   2.0623486e+00   1.6472931e+00   3.8386332e+00   2.7439721e+00   4.2056269e+00   3.3323674e+00
   2.0000000e+00   4.0260948e+00   4.4995601e+00   1.8471552e+00   4.0952787e+00   2.5272506e+00   3.7263252e+00   2.3360963e+00   1.7838140e+00   3.0574642e+00   2.0919876e+00
   2.0000000e+00   3.8134770e+00   4.4793812e+00   4.0307753e+00   3.4374125e+00   4.2941641e+00   1.8460399e+00   2.7262260e+00   9.4126328e-01   3.8870283e+00   3.4166761e+00
   1.0000000e+00   3.0091049e+00   2.6319708e+00   2.6051792e+00   1.1780348e+00   3.8278832e+00   2.4575023e+00   3.2947366e+00   2.7242024e+00   3.4895882e+00   3.6178235e+00
   2.0000000e+00   4.2789789e+00   3.5520451e+00   1.9994040e+00   3.1436282e+00   3.3147990e+00   3.4419688e+00   2.0728328e+00   3.8802392e+00   4.5549977e+00   2.0056177e+00
   2.0000000e+00   4.1820322e+00   2.3932474e+00   1.7282536e+00   4.8550727e+00   2.8271460e+00   4.1403764e+00   3.7829012e+00   3.0217864e+00   3.4791371e+00   4.2451822e+00
   2.0000000e+00   4.5344705e+00   2.0668395e+00   3.6023563e+00   3.0913593e+00   1.7030706e+00   3.3746762e+00   3.3709532e+00   2.2676863e+00   3.0652473e+00   2.7266160e+00
   2.0000000e+00   1.8638759e+00   3.1520995e+00   3.2695084e+00   6.6022489e-01   4.1035542e+00   5.1077513e+00   4.6244579e+00   1.9997351e+00   3.7056001e+00   1.6330073e+00
   2.0000000e+00   1.4020534e+00   2.7291700e+00   2.0702823e+00   1.5388121e+00   2.7265328e+00   2.7586863e+00   1.3282361e+00   3.1363859e+00   4.1075645e+00   4.3340388e+00
   2.0000000e+00   4.8005810e+00   2.3591564e+00   3.5051119e+00   3.2088125e+00   1.6303570e+00   2.3406121e+00   3.3886173e+00   3.7284512e+00   3.5467892e+00   4.2438981e+00
   1.0000000e+00   4.3064894e+00   2.9891553e+00   2.8307698e+00   3.3453133e+00   3.7304809e+00   3.6820920e+00   2.4426331e+00   2.9703200e+00   2.5134335e+00   3.9636431e+00
   2.0000000e+00   3.6166920e+00   1.6321515e+00   4.8947519e+00   3.0587981e+00   2.6055568e+00   3.9701810e+00   3.0189583e+00   3.5417821e+00   4.5772355e+00   4.1883489e+00
   2.0000000e+00   2.6589068e+00   3.8978730e+00   3.7937414e+00   2.5904387e+00   3.8716441e+00   4.7831706e+00   3.8641371e+00   3.1712377e+00   1.8423162e+00   2.3280957e+00
   2.0000000e+00   3.7021467e+00   3.3692555e+00   3.3100324e+00   3.2301428e+00   3.9304519e+00   4.1824993e+00   3.1728475e+00   4.7856217e+00   2.3922462e+00   3.9031109e+00
   1.0000000e+00   1.6067949e+00   2.7084722e+00   3.3761980e+00   1.5445550e+00   3.3644441e+00   2.8242013e+00   3.0230559e+00   1.5855749e+00   2.9413545e+00   2.6226529e+00
   2.0000000e+00   3.2561585e+00   2.5597502e+00   3.2220694e+00   3.0221480e+00   4.2096046e+00   4.0576117e+00   2.9475569e+00   3.8651827e+00   2.7340306e+00   5.3255862e-01
   2.0000000e+00   4.0075532e+00   3.2029068e+00   2.9326242e+00   2.7300993e+00   3.9594801e+00   2.3919439e+00   3.1873161e+00   2.3317896e+00   1.5002296e+00   2.5307914e+00
   1.0000000e+00   4.8968154e+00   3.3410857e+00   4.0055493e+00   1.6267382e+00   3.0170981e+00   1.1887862e+00   5.2659290e+00   4.0058868e+00   2.3141837e+00   2.8828578e+00
   2.0000000e+00   2.9773938e+00   3.3793978e+00   3.8562663e+00   3.2857565e+00   5.3454142e+00   2.5083052e+00   2.7610019e+00   3.0470981e+00   1.5311479e+00   2.2558757e+00
   1.0000000e+00   4.0658216e+00   2.9507127e+00   3.4079348e+00   4.8307350e+00   3.2684304e+00   1.9891345e+00   5.0176997e+00   2.4787081e+00   2.1393911e+00   3.5176094e+00
   2.0000000e+00   3.0948029e+00   3.8455376e+00   2.6675904e+00   2.3655316e+00   2.4491376e+00   2.8218488e+00   2.3179615e+00   3.5261788e+00   3.3470687e+00   3.6164889e+00
   2.0000000e+00   3.5958080e+00   2.6570879e+00   2.4418100e+00   3.0830814e+00   3.7806560e+00   2.3066771e+00   4.7615147e+00   3.7601948e+00   1.8822385e+00   1.9582134e+00
   1.0000000e+00   2.5270645e+00   2.5811058e+00   2.6993875e+00   4.8107621e+00   3.5851535e+00   3.7091910e+00   1.8660075e+00   2.1441961e+00   3.2521866e+00   2.8607965e+00
   2.0000000e+00   3.4910052e+00   5.1168719e+00   3.7832291e+00   2.0092690e+00   2.2935229e+00   3.1376767e+00   3.7067813e+00   2.7553538e+00   2.1298192e+00   4.3450820e+00
   2.0000000e+00   4.6181890e+00   4.1555580e+00   3.5576369e+00   5.2024711e+00   2.9488278e+00   2.7522084e+00   4.1663489e+00   3.1607619e+00   2.6820133e+00   2.8259535e+00
   2.0000000e+00   3.5096880e+00   3.3097107e+00   2.8368926e+00   3.2842089e+00   4.4419586e+00   4.4178828e+00   1.7119666e+00   1.8582414e+00   3.2195165e+00   2.7386729e+00
   2.0000000e+00   2.2466053e+00   3.1243224e+00   1.9725612e+00   5.3992532e+00   3.1988693e+00   1.4374249e+00   2.4820267e+00   8.0824432e-01   8.8150716e-01   3.7917105e+00
   1.0000000e+00   2.5655940e+00   3.6657801e+00   1.4418076e+00   3.0900831e+00   3.0823181e+00   3.3112892e+00   2.7520576e+00   3.2851585e+00   2.1474610e+00   4.1178574e+00
   2.0000000e+00   3.5657701e+00   2.8056090e+00   3.4019658e+00   2.9693663e+00   2.7117276e+00   2.2884508e+00   3.4203695e+00   4.7097718e+00   1.5638743e+00   2.7892299e+00
   2.0000000e+00   3.1920113e+00   3.5412135e+00   3.1974596e+00   2.3828793e+00   2.2941199e+00   1.7826025e+00   2.2396797e+00   3.0139366e+00   2.8217132e+00   2.8310208e+00
   2.0000000e+00   2.9749993e+00   3.2092317e+00   3.7779583e+00   2.9899072e+00   1.6219525e+00   2.6222491e+00   3.7807219e+00   7.7649505e-01   3.9324310e+00   3.9557138e+00
   2.0000000e+00   4.3522747e+00   4.1651485e+00   3.4229361e+00   2.3913339e+00   1.8905834e+00   3.3742485e+00   2.6868795e+00   3.7932840e+00   2.8421363e+00   2.4403830e+00
   2.0000000e+00   3.5966134e+00   4.7156533e+00   3.6808426e+00   2.9771489e+00   3.5977901e+00   2.9729927e+00   2.1949939e+00   3.2715267e+00   3.3353532e+00   1.0306438e+00
   2.0000000e+00   8.4789366e-01   3.2309163e+00   3.0565010e+00   3.8341666e+00   3.1410762e+00   1.5056943e+00   3.7057071e+00   3.3081936e+00   1.8793083e+00   2.6720588e+00
   2.0000000e+00   2.2918165e+00   2.2935689e+00   1.8314800e+00   1.0725606e+00   2.4645332e+00   3.4144680e+00   3.0529886e+00   2.7228701e+00   5.0071689e-01   3.0625835e+00
   2.0000000e+00   3.9514230e+00   3.1168517e+00   4.5745396e+00   1.8922337e+00   2.6984907e+00   2.1304641e+00   4.3599795e+00   2.0938556e+00   4.2543251e+00   3.7577276e+00
   1.0000000e+00   3.2935582e+00   2.2871252e+00   5.1098128e+00   3.5778791e+00   3.1671502e+00   3.8641483e+00   4.1908949e+00   3.1473576e+00   3.6732754e+00   3.0949386e+00
   2.0000000e+00   2.1098522e+00   3.9290068e+00   1.5208301e+00   3.2076554e+00   2.2791540e+00   3.3886693e+00   2.9864121e+00   4.9063349e+00   1.9505676e+00   4.4855102e+00
   2.0000000e+00   4.1758930e+00   2.2947694e+00   1.3558638e+00   3.1535942e+00   1.1505444e+00   2.4259946e+00   2.9313567e+00   1.0625953e+00   3.5491510e+00   3.9760903e+00
   2.0000000e+00   2.8936670e+00   2.5803303e+00   4.5007954e+00   4.6148220e+00   4.5633854e+00   3.4162115e+00   1.4320660e+00   1.6469814e+00   4.0668147e+00   3.2562367e+00
   1.0000000e+00   3.2069036e+00   3.4285166e+00   4.7276595e+00   3.9505128e+00   3.0586051e+00   3.5484644e+00   5.1859053e+00   4.5065604e+00   3.7347392e+00   2.4198424e+00
   1.0000000e+00   3.6378646e+00   3.0541197e+00   3.0429089e+00   3.5527143e+00   3.4675100e+00   1.9304321e+00   2.8605100e+00   3.9880546e+00   2.2871015e+00   2.8511146e+00
   2.0000000e+00   2.9225696e+00   2.0688282e+00   2.3262167e+00   2.4181940e+00   1.3927576e+00   2.4639195e+00   2.2869279e+00   2.4621967e+00   3.1449040e+00   2.9437434e+00
   1.0000000e+00   2.7514982e+00   4.1376248e+00   3.5397283e+00   1.6317496e+00   3.1028248e+00   2.5513927e+00   3.2790372e+00   2.0522671e+00   2.4805813e+00   2.1389961e+00
   2.0000000e+00   3.4626586e+00   3.0996393e+00   2.5611258e+00   3.3787827e+00   3.3445221e+00   2.5246277e+00   5.4858989e+00   2.9772008e+00   1.7394686e+00   2.6655999e+00
   1.0000000e+00   3.8351911e+00   3.5812547e+00   2.4157719e+00   1.3388225e+00   3.3333586e+00   2.7820386e+00   2.2668004e+00   2.7238054e+00   2.2651585e+00   1.2692076e+00
   2.0000000e+00   2.3191201e+00   3.6010285e+00   2.8345133e+00   2.3858255e+00   3.9838210e+00   1.9191997e+00   4.1332709e+00   2.0839829e+00   2.6389593e+00   1.6478117e+00
   2.0000000e+00   2.9690961e+00   4.6607113e+00   4.0695733e+00   4.0019021e+00   9.9056174e-01   1.0530404e+00   3.5518193e+00   1.3106999e+00   2.7261515e+00   2.7668277e+00
   2.0000000e+00   4.4166992e+00   2.8026106e+00   3.8140589e+00   2.7185363e+00   3.9742650e+00   2.5075576e+00   2.1629271e+00   2.3888899e+00   3.9106202e+00   3.7170145e+00
   2.0000000e+00   3.2750176e+00   4.2517786e+00   3.2606305e+00   1.7457324e+00   5.7297020e+00   2.0434790e+00   4.4786361e+00   2.8626196e+00   4.7876142e+00   9.8880025e-01
   2.0000000e+00   3.5587568e+00   3.3889215e+00   2.2268389e+00   3.0772279e+00   1.6372318e+00   5.0580978e+00   3.4165307e+00   3.7418610e+00   2.9658685e+00   3.3329398e+00
   2.0000000e+00   3.0753904e+00   3.9980495e+00   3.3196264e+00   3.0455998e+00   2.9392955e+00   1.6698195e+00   3.7109523e+00   2.7964167e+00   2.9683755e+00   2.5774318e+00
   2.0000000e+00   2.6340469e+00   4.7262411e+00   2.1076414e+00   3.6815526e+00   2.6445926e+00   2.4535743e+00   3.0840197e+00   1.5670233e+00   2.9663661e+00   2.4734441e+00
   2.0000000e+00   1.5759156e+00   4.2521125e+00   4.4189308e+00   2.7299483e+00   4.7507312e+00   2.7622053e+00   2.6577022e+00   3.8676044e+00   3.7460267e+00   3.3169374e+00
   2.0000000e+00   2.3762535e+00   2.7267471e+00   3.1944337e+00   1.9148752e+00   2.1365176e+00   3.1319788e+00   1.6156567e+00   3.3898916e+00   2.6071379e+00   4.2708015e+00
   2.0000000e+00   3.4226277e+00   4.1588492e+00   3.0491394e+00   4.1454412e+00   2.1317267e+00   2.8425102e+00   2.9882296e+00   6.5536245e-01   3.5100003e+00   4.0834904e+00
   2.0000000e+00   4.6196142e+00   1.6904010e+00   3.4293370e+00   7.5644411e-01   2.2756618e+00   2.4009428e+00   2.5462311e+00   2.7049308e+00   4.5931915e+00   4.3686915e+00
   2.0000000e+00   2.6577600e+00   2.2718214e+00   4.8549041e+00   3.4702413e+00   4.3644627e+00   3.7238117e+00   1.7780935e+00   2.8547401e+00   3.7052930e+00   2.3958238e+00
