   2.0000000e+00   3.0629045e+00   2.9133362e+00   3.7536909e+00   3.7327014e+00   2.9524252e+00   3.9460641e+00   2.2605368e+00   3.9336700e+00   2.5853606e+00   3.3027106e+00
   2.0000000e+00   3.9583187e+00   2.4924650e+00   5.2138081e+00   1.9675264e+00   2.8516921e+00   1.5495739e+00   3.8048521e+00   3.6255743e+00   3.8685738e+00   2.6994488e+00
   2.0000000e+00   1.2786171e+00   2.7415377e+00   3.2684438e+00   3.6583159e+00   3.1550628e+00   2.4830718e+00   6.5171814e-01   2.7066798e+00   5.2465880e+00   2.4280042e+00
   2.0000000e+00   4.3636892e+00   3.5251378e+00   2.0207331e+00   2.6900842e+00   3.4497178e+00   3.0925351e+00   3.0134955e+00   3.0634401e+00   2.3746448e+00   4.3339442e+00
   2.0000000e+00   3.5716872e+00   2.2634918e+00   2.0255527e+00   1.0380521e+00   1.9957905e+00   2.4332081e+00   4.5490119e+00   3.2925039e+00   2.2982052e+00   3.6584490e+00
   2.0000000e+00   4.4246338e+00   1.6167838e+00   1.8768008e+00   8.4705664e-01   3.6740308e+00   2.0136528e+00   3.9047425e+00   2.9145760e+00   5.3140254e+00   3.9452950e+00
   2.0000000e+00   4.0603742e+00   2.0179172e+00   3.6433499e+00   3.7461490e+00   2.9469830e+00   4.0726842e+00   3.6695604e+00   1.9931882e+00   3.1178800e+00   4.3950458e+00
   2.0000000e+00   1.7523296e+00   1.6523238e+00   3.3817712e+00   2.3502464e+00   1.2232078e+00   3.8919089e+00   2.5905477e+00   2.5293464e+00   4.1406713e+00   3.1275210e+00
   2.0000000e+00   2.8709882e+00   3.4748558e+00   3.1478311e+00   2.9763281e+00   2.3884757e+00   4.6954571e+00   6.3848820e+00   4.8072150e+00   3.3078214e+00   2.6896911e+00
   1.0000000e+00   2.5306843e+00   3.2038558e+00   3.4813418e+00   2.6639892e+00   3.0762550e+00   3.6392406e+00   2.9026150e+00   2.5673573e+00   3.7495111e+00   3.2410059e+00
   1.0000000e+00   1.5622861e+00   3.7367066e+00   2.9064600e+00   1.9598397e+00   3.4399783e+00   2.4466532e+00   4.0318264e+00   1.8374376e+00   3.6576523e+00   3.6294617e+00
   1.0000000e+00   4.5965674e+00   2.2179938e+00   2.4617755e+00   2.4632643e+00   3.6190547e+00   2.7244279e+00   4.7164267e+00   3.1302235e+00   3.4370125e+00   1.2331142e+00
   2.0000000e+00   2.6501327e+00   3.3457701e+00   3.4382914e+00   3.4161521e+00   3.3564045e+00   3.3591857e+00   2.7345424e+00   2.6136305e+00   2.0887998e-01   3.8672035e+00
   1.0000000e+00   2.7600863e+00   2.4216884e+00   3.5870504e+00   7.5699440e-01   3.7658639e+00   4.1774445e+00   3.0271744e+00   4.6006530e+00   2.4682747e+00   1.3127159e+00
   2.0000000e+00   3.9255424e+00   3.6085751e+00   1.9713324e+00   3.3059874e+00   3.2263913e+00   2.8087891e+00   2.6401140e+00   3.5912734e+00   2.5463492e+00   2.8894757e+00
   2.0000000e+00   2.8654276e+00   3.5682221e+00   6.7299185e-01   2.0907401e+00   2.5874548e+00   1.3216539e+00   1.9871479e+00   3.4915053e+00   2.1182358e+00   2.7714742e+00
   2.0000000e+00   2.8731578e+00   3.1945087e+00   2.3439281e+00   3.9102498e+00   4.0600076e+00   1.9927385e+00   3.7301862e+00   2.3524291e+00   2.2206760e+00   1.0520637e+00
   2.0000000e+00   3.4608194e+00   4.9216692e+00   1.8424910e+00   2.9463261e+00   3.0502899e+00   3.6461252e+00   2.9181279e+00   3.9927709e+00   2.4904145e+00   2.5445067e+00
   2.0000000e+00   3.6605756e+00   1.9363595e+00   2.0993735e+00   2.8474567e+00   2.9199879e+00   3.0047428e+00   1.1067583e+00   2.2095472e+00   1.7950341e+00   3.4984868e+00
   2.0000000e+00   3.8157132e+00   2.7859868e+00   3.9765819e+00   2.0279356e+00   1.8390943e+00   3.9335159e+00   2.9536826e+00   4.2272388e+00   3.0444622e+00   3.8347228e+00
   2.0000000e+00   3.5899027e+00   3.0064198e+00   2.2413544e+00   1.8753710e+00   3.8040291e+00   3.4286339e+00   4.1021901e+00   7.9861217e-01   2.2077040e+00   2.0343150e+00
   2.0000000e+00   3.8357042e+00   3.1873992e+00   2.8891548e+00   4.1297377e+00   2.2342340e+00   1.5836904e+00   2.8036868e+00   4.4875107e+00   2.2382320e+00   1.6921141e+00
   2.0000000e+00   2.6009484e+00   3.7447663e+00   5.8721061e+00   1.9503573e+00   3.8626627e+00   4.2529284e+00   3.4351561e+00   2.2962759e+00   1.3669351e+00   4.3583126e+00
   2.0000000e+00   1.2425633e+00   4.4333233e+00   3.0230423e+00   4.0290264e+00   1.7153354e+00   1.7485286e+00   2.8299712e+00   2.8153814e+00   3.8781323e+00   3.0837916e+00
   2.0000000e+00   4.9724802e+00   2.3335997e+00   2.0051059e+00   4.0513635e+00   3.2306511e+00   2.9175238e+00   9.5950910e-01   2.8562316e+00   1.1523039e+00   2.3759207e+00
   2.0000000e+00   2.4064416e+00   3.1639221e+00   3.2188843e+00   3.0916128e+00   2.5991166e+00   3.1313369e+00   2.4729484e+00   3.3118515e+00   3.7965933e+00   2.6850490e+00
   2.0000000e+00   4.5787317e+00   9.8523833e-01   1.5578772e+00   3.5062679e+00   2.9102703e+00   3.4209509e+00   2.7940282e+00   3.2915631e+00   2.9968679e+00   2.3768314e+00
   2.0000000e+00   4.5457465e+00   1.3499106e+00   2.2385070e+00   2.6049251e+00   1.6014308e+00   4.4430097e+00   1.4868984e+00   4.6175029e+00   3.6345864e+00   3.2819058e+00
   2.0000000e+00   3.9044303e+00   3.1339480e+00   2.4539058e+00   2.4762234e+00   2.4401654e+00   4.0471743e+00   1.0947239e+00   2.9177555e+00   2.3483754e+00   3.6666443e+00
   1.0000000e+00   3.6825449e+00   2.9780601e+00   3.0118211e+00   4.2930575e+00   3.9587007e+00   2.0126959e+00   3.7516220e+00   3.2521722e+00   3.5369537e+00   1.3484884e+00
   2.0000000e+00   3.2003969e+00   2.3726313e+00   4.2071661e+00   3.6122420e-01   5.3056103e+00   2.0397114e+00   3.3876729e+00   3.5616199e+00   3.9397421e+00   1.0376338e+00
   1.0000000e+00   2.8196208e+00   1.4279775e+00   3.1568740e+00   2.5902780e+00   3.6944591e+00   4.0222105e+00   2.2172246e+00   3.2612447e+00   3.2248861e+00   2.9551950e+00
   2.0000000e+00   2.5669713e+00   2.6197001e+00   2.8049309e+00   2.7723990e+00   1.1473672e+00   3.6286623e+00   1.2975757e+00   2.7555432e+00   3.1633251e+00   2.6075191e+00
   2.0000000e+00   2.3640505e+00   4.0968967e+00   3.2281418e+00   2.2173668e+00   2.5322076e+00   3.1801603e+00   4.0771156e+00   3.6001114e+00   3.0297223e+00   4.4040526e+00
   2.0000000e+00   2.4141711e+00   3.3589797e+00   1.7991117e+00   4.3795805e+00   3.4173044e+00   2.9558696e+00   3.9595868e+00   2.0756410e+00   2.8668221e+00   2.7777007e+00
   2.0000000e+00   4.6999217e+00   2.1641073e+00   3.4107525e+00   2.9521879e+00   2.3107191e+00   3.5927703e+00   2.4029586e+00   2.6145710e+00   3.1630489e+00   2.7151101e+00
   2.0000000e+00   9.4216618e-01   2.9590219e+00   2.3715134e+00   3.5293895e+00   5.0610308e+00   2.5327083e+00   2.9280188e+00   3.5066315e+00   2.6408446e+00   1.9537599e+00
   2.0000000e+00   2.7939060e+00   4.0810085e+00   3.4910405e+00   2.5367912e+00   2.9394539e+00   5.1499766e+00   3.4807677e+00   3.0302906e+00   1.2681818e+00   4.4655867e+00
   2.0000000e+00   2.6016039e+00   3.6865819e+00   2.6441536e+00   3.3131499e+00   4.2850736e+00   2.9561485e+00   2.7392003e+00   3.6421855e+00   4.0666192e+00   4.1129011e+00
   1.0000000e+00   3.9147996e+00   7.1490577e-01   2.0917598e+00   5.5153725e-01   3.2856653e+00   2.9681601e+00   3.1598280e+00   2.4928710e+00   2.3589778e+00   2.6674444e+00
   2.0000000e+00   3.2625359e+00   3.2356237e+00   1.2768370e+00   4.2399215e+00   3.0730821e+00   2.6284756e+00   4.8762420e+00   2.1779726e+00   2.9009253e+00   2.6305175e+00
   2.0000000e+00   2.0370136e+00   3.7926583e+00   3.1603479e+00   3.7263245e+00   4.8338772e+00   3.2334956e+00   2.9962973e+00   3.0330439e+00   2.8353619e+00   3.7331633e+00
   2.0000000e+00   4.2926021e+00   2.8389584e+00   3.4641237e+00   2.2682611e+00   1.7966337e+00   3.1422629e+00   4.2631197e+00   2.7938290e+00   3.6359710e+00   1.8055470e+00
   2.0000000e+00   4.5877881e+00   1.8547957e+00   2.4198271e+00   3.9485011e+00   2.5026756e+00   2.0939873e+00   3.9049841e+00   1.5517346e+00   4.5023466e+00   2.5517632e+00
   2.0000000e+00   3.2855983e+00   3.1555199e+00   1.6347798e+00   4.0091981e+00   1.4294669e+00   3.9306804e+00   2.2506997e+00   2.9718067e+00   8.1458074e-01   2.4482622e+00
   2.0000000e+00   3.1183863e+00   3.4400595e+00   1.8329264e+00   1.7432452e+00   3.2769742e+00   2.3204513e+00   4.2637244e+00   2.9214292e+00   3.2884679e+00   2.8812068e+00
   2.0000000e+00   3.3796762e+00   2.5281309e+00   4.0306567e+00   3.6709838e+00   3.4303916e+00   2.1149450e+00   2.3852255e+00   1.4541100e+00   2.5939919e+00   5.5154532e+00
   1.0000000e+00   2.5475686e+00   2.6833072e+00   2.2604223e+00   3.2960467e+00   3.5334084e+00   3.4728218e+00   3.4411640e+00   9.1620410e-01   1.6291572e+00   1.7321921e+00
   2.0000000e+00   4.3917935e+00   2.9891983e+00   3.2831839e+00   2.4679239e+00   4.0629404e+00   2.5294255e+00   2.9702053e+00   2.4741165e+00   2.6407793e+00   1.4918826e+00
   2.0000000e+00   1.1434527e+00   3.4422603e+00   2.9840366e+00   2.9105168e+00   1.7113904e+00   2.7067397e+00   2.6435557e+00   4.6303773e+00   2.8389719e+00   4.6354474e+00
   2.0000000e+00   4.4778839e+00   3.3563084e+00   3.9966381e+00   4.8581118e+00   4.4297987e+00   1.5421947e+00   4.1271864e+00   3.4223670e+00   5.2310807e+00   2.9454037e+00
   2.0000000e+00   2.2227973e+00   3.6375027e+00   2.4483219e+00   2.8185350e+00   1.1529736e+00   2.3621936e+00   3.5087903e+00   5.0005518e+00   1.5350970e+00   3.6267014e+00
   2.0000000e+00   2.1783178e+00   2.7034700e+00   3.0197200e+00   2.2902615e+00   3.5419107e+00   3.6244825e+00   2.8421198e+00   2.0148263e+00   4.9320276e+00   1.9141935e+00
   2.0000000e+00   3.1615594e+00   2.1325372e+00   4.7339383e+00   3.6048237e+00   1.0662679e+00   2.7781280e+00   3.8450725e+00   3.0799003e+00   3.0277296e+00   2.2596654e+00
   2.0000000e+00   3.3415583e+00   3.8077208e+00   3.7382653e+00   4.0411524e+00   3.8089101e+00   2.9508282e+00   3.6391909e+00   1.8771337e+00   3.8318315e+00   3.1649755e+00
   2.0000000e+00   3.5489816e+00   3.6652942e+00   5.1906453e+00   2.9434528e+00   3.2466286e+00   2.0001135e+00   3.7391365e+00   4.7036153e+00   2.5700066e+00   2.5531429e+00
   2.0000000e+00   3.6066041e+00   2.0974745e+00   3.2345250e+00   2.7707044e+00   4.2037697e+00   1.3144472e+00   3.0027437e+00   1.7815370e+00   1.9464717e+00   4.5504988e+00
   1.0000000e+00   1.6578488e+00   3.4878846e+00   3.6911412e+00   4.0804469e+00   3.6783440e+00   2.1658614e+00   1.1431034e+00   3.1778469e+00   3.6583640e+00   3.5473937e+00
   2.0000000e+00   3.7026221e+00   3.6378478e+00   4.1084478e+00   4.6861359e+00   4.2886835e+00   2.4630595e+00   3.3501062e+00   3.4863428e+00   3.7850461e+00   2.5433310e+00
   2.0000000e+00   3.6837945e+00   2.3465123e+00   3.9779937e+00   2.7723463e+00   2.4053540e+00   2.5614807e+00   4.1737768e+00   1.9456658e+00   3.9194787e+00   2.3264480e+00
   2.0000000e+00   3.7058609e+00   4.3910863e+00   2.0661927e+00   3.7238065e+00   1.4109766e+00   4.0625856e+00   2.5515135e+00   4.1619211e+00   2.7618870e+00   2.6108328e+00
   2.0000000e+00   3.1787554e+00   3.1519712e+00   9.4378298e-01   1.1072600e+00   9.9467074e-01   2.6977059e+00   2.3713205e+00   2.3370043e+00   3.9915092e+00   3.7089859e+00
   2.0000000e+00   3.2986830e+00   1.6046482e+00   3.5831363e+00   2.2968507e+00   5.0288881e+00   4.2976319e+00   2.9025821e+00   1.6753128e+00   2.8008803e+00   3.6000960e+00
   2.0000000e+00   2.1548461e+00   3.3122256e+00   2.1491795e+00   2.3444757e+00   4.1334390e+00   4.5161030e+00   3.5243117e+00   3.1206379e+00   4.3179260e+00   3.8034182e+00
   2.0000000e+00   2.9888805e+00   4.1463663e+00   5.1313199e+00   1.6141409e+00   3.7630833e+00   3.1485651e+00   3.3388672e+00   2.7765988e+00   3.1448092e+00   1.8598123e+00
   1.0000000e+00   3.8003348e+00   2.2737184e+00   3.5440037e+00   3.0402935e+00   3.5262468e+00   2.4691384e+00   2.5818435e+00   3.0450629e+00   2.7510415e+00   2.6245626e+00
   2.0000000e+00   1.5057028e+00   2.7504147e+00   3.7050803e+00   2.1606360e+00   2.0203207e+00   3.1074759e+00   4.5226132e+00   2.5316572e+00   1.3085484e+00   4.1331335e+00
   2.0000000e+00   2.6065712e+00   4.3656835e+00   3.7280030e+00   1.9712851e+00   3.1370037e+00   2.5789997e+00   1.6755512e+00   4.0937537e+00   5.2956288e+00   1.5142615e+00
   2.0000000e+00   1.6737419e+00   3.7854923e+00   4.1549878e+00   4.1103070e+00   2.7333564e+00   2.7747885e+00   1.6093583e+00   3.0764613e+00   3.7195776e+00   3.4586585e+00
   1.0000000e+00   4.3381162e+00   2.7522909e+00   2.6994645e+00   3.0901915e+00   3.4551532e+00   3.7129093e+00   5.4876243e+00   3.6062346e+00   2.5853117e+00   1.9748316e+00
   2.0000000e+00   3.4566852e+00   2.5832676e+00   2.9341752e+00   4.1418980e+00   2.4344519e+00   3.7787032e+00   3.3437927e+00   1.5317863e+00   3.2034750e+00   3.8443256e+00
   2.0000000e+00   4.2978768e+00   3.4364303e+00   3.2226314e+00   3.3040253e+00   5.4716386e+00   1.7132951e+00   4.0510647e+00   4.1680497e+00   2.6827080e+00   2.6770710e+00
   2.0000000e+00   2.6281804e+00   3.4818473e+00   4.0593354e+00   4.8561620e+00   1.7542845e+00   1.8774147e+00   2.1509474e+00   2.4549685e+00   2.3732491e+00   4.7691473e+00
   1.0000000e+00   3.5577619e+00   3.3140358e+00   3.4932511e+00   3.6185968e+00   3.7838228e+00   4.2571139e+00   2.8479568e+00   4.2254904e+00   2.1785926e+00   2.8041194e+00
   1.0000000e+00   3.6031953e+00   2.2878194e+00   2.4785102e+00   3.6518612e+00   3.6574808e+00   2.5032169e+00   4.7505665e+00   1.9162672e+00   1.4420435e+00   3.6683299e+00
   2.0000000e+00   4.0291308e+00   3.0795172e+00   3.9549091e+00   3.9373413e+00   2.7188833e+00   2.4458149e+00   2.9220057e+00   3.1079202e+00   4.3734101e+00   1.8747095e+00
   2.0000000e+00   3.2471970e+00   3.5073282e+00   3.2789733e+00   2.1269070e+00   6.0613551e+00   4.5196289e+00   2.4779176e+00   5.3124931e-01   3.8668092e+00   2.5993725e+00
   2.0000000e+00   3.5285405e+00   4.4643347e+00   1.9975392e+00   1.9495829e+00   2.5634276e+00   3.7796613e+00   3.0629818e+00   2.3712708e+00   2.8047971e+00   3.3496799e+00
   2.0000000e+00   1.3641738e+00   4.3550747e+00   3.0312895e+00   4.0759451e+00   2.8714338e+00   4.2393156e+00   7.7724545e-01   3.7805163e+00   2.6164080e+00   4.4139830e-01
   2.0000000e+00   4.2277084e+00   2.8566829e+00   1.8677903e+00   3.9031933e+00   5.1854289e+00   2.4848993e+00   3.8982602e+00   3.2621018e+00   4.0049691e+00   3.0207550e+00
   2.0000000e+00   2.5051721e+00   2.7248469e+00   2.2569854e+00   2.1836713e+00   4.6943183e+00   4.6334083e+00   2.4309796e+00   4.1572155e+00   1.1519390e+00   2.2736731e+00
   2.0000000e+00   2.3185399e+00   2.6820876e+00   3.5957115e+00   2.8934364e+00   1.5101733e+00   2.5546293e+00   1.9943589e+00   3.4794085e+00   1.4410255e-01   2.5531096e+00
   2.0000000e+00   1.3351614e+00   4.9213888e+00   1.0920760e+00   2.9857533e+00   4.1161206e+00   3.1189484e+00   2.5117595e+00   1.7576485e+00   2.1408155e+00   3.2006015e+00
   2.0000000e+00   3.0983982e+00   4.0935161e+00   1.5700487e+00   3.5815002e+00   3.4253337e+00   2.1444731e+00   2.6755047e+00   3.4301761e+00   2.0374162e+00   4.8520548e+00
   2.0000000e+00   3.0780183e+00   4.8151683e+00   4.4016790e+00   3.3428385e+00   3.5431095e+00   3.1569217e+00   2.3046761e+00   2.9578758e+00   4.4048344e+00   1.7993787e+00
   2.0000000e+00   3.3508226e+00   3.1426603e+00   3.4237525e+00   1.5332542e+00   2.4408115e+00   2.7091625e+00   9.9327141e-01   4.8006446e+00   2.1465727e+00   2.6716490e+00
   2.0000000e+00   3.6406465e+00   3.7640516e+00   3.6462939e+00   3.9529640e+00   1.6819189e+00   3.4643838e+00   2.1946263e+00   3.5297715e+00   1.2859213e+00   2.4351259e+00
   2.0000000e+00   2.6983664e+00   1.3134243e+00   4.0467247e+00   3.0961923e+00   1.6319635e+00   1.8516374e+00   2.9279748e+00   3.9854746e+00   1.4719928e+00   2.5464882e+00
   2.0000000e+00   4.0739933e+00   1.7188935e+00   4.2548212e+00   3.1986286e+00   1.8246033e+00   1.8485342e+00   2.0224017e+00   3.4883275e+00   2.5063715e+00   3.3294338e+00
   2.0000000e+00   2.5469489e+00   3.1375900e+00   3.3018231e+00   3.3055548e+00   2.3932385e+00   2.0744038e+00   2.4227119e+00   2.5569132e+00   3.6978666e+00   3.7692125e+00
   2.0000000e+00   1.7903061e+00   2.0731856e+00   3.8482517e+00   3.2041192e+00   1.8202617e+00   2.2424926e+00   2.6537071e+00   3.7170719e+00   4.2598150e-01   3.0824906e+00
   2.0000000e+00   2.5876796e+00   1.4295503e+00   2.2461702e+00   2.7269239e+00   4.0079164e+00   2.1440769e+00   3.1498494e+00   3.7921812e+00   2.4762346e+00   1.9995062e+00
   1.0000000e+00   2.3064262e+00   2.7840644e+00   2.7033101e+00   2.0014509e+00   3.2468032e+00   2.4422577e+00   3.0720276e+00   3.9332618e+00   2.2315353e+00   2.2609980e+00
   1.0000000e+00   3.1593522e+00   4.0286672e+00   2.6712604e+00   2.7053409e+00   3.2247255e+00   1.3945085e+00   2.3863886e+00   2.7677058e+00   4.1655530e+00   3.7999104e+00
   2.0000000e+00   3.4289137e+00   2.4567370e+00   2.3172713e+00   2.5827271e+00   1.7814679e+00   2.1058595e+00   1.8179052e+00   1.5777264e+00   5.0704315e+00   2.8883880e+00
   1.0000000e+00   1.8719566e+00   2.7478664e+00   2.4752606e+00   3.8302439e+00   3.7296024e+00   9.1772300e-01   1.7691516e+00   3.6368145e+00   3.5416390e+00   3.3484301e+00
   2.0000000e+00   3.2944060e+00   5.2733773e+00   3.4495717e+00   5.4047912e+00   4.8894777e-01   1.3668747e+00   3.3898963e+00   2.4794129e+00   3.7386686e+00   3.9618877e+00
   2.0000000e+00   2.4878408e+00   4.7237599e+00   2.7691920e+00   2.3009625e+00   2.3567503e+00   3.4255004e+00   2.5221063e+00   4.2231930e+00   2.3612161e+00   3.6985355e+00
   1.0000000e+00   3.9063342e+00   2.2272797e+00   3.1546148e+00   3.8433131e+00   3.5955052e+00   1.8494164e+00   3.6058791e+00   2.5035639e+00   1.9723968e+00   1.4768780e+00
   2.0000000e+00   2.2688164e+00   3.0139309e+00   2.6044733e+00   3.4311779e+00   5.0023061e+00   2.8651429e+00   3.5406790e+00   4.3975237e+00   2.9127254e+00   3.8490542e+00
