   2.0000000e+00   3.1080299e+00   3.9810489e+00   2.6501030e+00   4.5248585e+00   3.6048262e+00   3.9103954e+00   3.2058323e+00   4.6485260e+00   2.8086310e+00   3.1887217e+00
   2.0000000e+00   2.1875313e+00   3.0728651e+00   3.8932104e+00   4.4891711e+00   2.3035217e+00   8.4112217e-01   3.6802333e+00   3.3534563e+00   2.2508729e+00   4.3042173e+00
   2.0000000e+00   2.3904387e+00   2.8916904e+00   4.4971043e+00   4.2458674e+00   3.2449769e+00   3.5973542e+00   3.4999880e+00   2.5969985e+00   2.4688154e+00   3.2242137e+00
   2.0000000e+00   1.8521369e+00   1.9514403e+00   3.9373721e+00   3.1045427e+00   2.3184611e+00   1.3214667e+00   2.2303626e+00   3.2977701e+00   4.6369013e+00   4.7001948e+00
   2.0000000e+00   2.8542720e+00   3.0924188e+00   4.4040391e+00   2.5740100e+00   1.6620156e+00   2.7815815e+00   1.6331447e+00   3.2926127e+00   4.9849515e+00   2.0951745e+00
   2.0000000e+00   3.1840238e+00   3.5646809e+00   2.5514330e+00   4.0509341e+00   2.3140488e+00   1.6868207e+00   3.4585143e+00   4.1639393e+00   2.4636426e+00   2.5391751e+00
   2.0000000e+00   3.8405529e+00   4.2539461e+00   3.8922542e+00   3.0219754e+00   2.5135758e+00   3.2276081e+00   3.1723517e+00   3.8662686e+00   2.4731912e+00   2.7363460e+00
   1.0000000e+00   2.5913912e+00   2.2723244e+00   4.5198065e+00   3.2820619e+00   3.7585360e+00   2.3273037e+00   3.4955315e+00   3.9947308e+00   3.6981301e+00   3.4729218e+00
   2.0000000e+00   2.0413616e+00   3.4821290e+00   4.1592176e+00   4.0661494e+00   1.9289166e+00   2.5552314e+00   1.5161294e+00   3.1638689e+00   3.8021625e+00   3.4129172e+00
   2.0000000e+00   3.3268158e+00   3.7433972e+00   4.8144996e+00   1.2237030e+00   3.6264990e+00   4.7271752e+00   2.3533196e+00   3.3647190e+00   1.4199927e+00   3.9386907e+00
   2.0000000e+00   1.5636256e+00   4.0969152e+00   1.2985970e+00   4.1587227e+00   2.0817517e+00   1.9889939e+00   3.1998643e+00   4.0616928e+00   2.2201679e+00   3.6034638e+00
   2.0000000e+00   1.9570287e+00   2.8675673e+00   3.8017046e+00   2.4893511e+00   4.0564986e+00   3.8489244e+00   4.3448631e+00   3.0888252e+00   1.8565232e+00   3.3232289e+00
   2.0000000e+00   1.3947570e+00   1.9192046e+00   3.1886716e+00   1.2793111e+00   3.0863655e+00   2.2332563e+00   1.8022066e+00   1.4397441e+00   3.4629770e+00   3.6997938e+00
   2.0000000e+00   3.0590292e+00   2.5814366e+00   3.2399553e+00   2.7307713e+00   2.8554024e+00   2.5994211e+00   3.1310885e+00   3.1708767e+00   4.2856119e+00   4.3404778e+00
   2.0000000e+00   3.3270895e+00   2.2092091e+00   4.1636506e+00   2.0785098e+00   1.7969791e+00   4.2700435e+00   3.2193366e+00   2.0583433e+00   2.6241920e+00   3.8126059e+00
   1.0000000e+00   1.9913915e+00   2.9824057e+00   3.0113090e+00   2.1249899e+00   1.8580691e+00   3.4782154e+00   3.2856330e+00   2.9248826e+00   3.6078106e+00   1.3671439e+00
   2.0000000e+00   2.7664150e+00   1.3593369e+00   3.6232619e+00   2.0414052e+00   2.7791164e+00   3.4427697e+00   2.1893849e+00   2.5178007e+00   2.2584024e+00   2.1232800e+00
   2.0000000e+00   3.6479141e+00   2.3403836e+00   2.1185375e+00   3.6155050e+00   4.2708369e+00   4.1542324e+00   2.1832626e+00   2.3081427e+00   2.5512620e+00   1.0724408e+00
   2.0000000e+00   3.2326626e+00   2.4087987e+00   3.1782985e+00   2.2549140e+00   3.0583324e+00   2.4118924e+00   2.4515231e+00   4.1330263e+00   4.2782383e+00   4.8855027e+00
   1.0000000e+00   2.7219028e+00   3.7687620e+00   3.5734973e+00   2.4280357e+00   1.9884437e+00   2.8333722e+00   3.0687048e+00   2.6163356e+00   3.1994375e+00   2.6633987e+00
   1.0000000e+00   3.0631674e+00   3.9791478e+00   3.0410447e+00   3.1444936e+00   3.8908238e+00   3.3963372e+00   3.4866248e+00   2.9997585e+00   3.5565657e+00   2.9163644e+00
   2.0000000e+00   2.8294035e+00   3.5241270e+00   2.5491917e+00   1.6284092e+00   2.8954960e+00   3.2255127e+00   5.0682443e+00   3.0724931e+00   3.8804274e+00   1.2244744e+00
   2.0000000e+00   1.7171871e+00   2.3426566e+00   3.9949259e+00   3.8882820e+00   3.8688977e+00   3.9170136e+00   1.4015498e+00   1.5702383e+00   1.9361412e+00   2.2266773e+00
   2.0000000e+00   3.5068977e+00   2.4175125e+00   4.5839719e+00   3.5397777e-01   2.4447490e+00   1.2403543e+00   3.9911785e+00   4.1679316e+00   3.8426795e+00   3.9472970e+00
   2.0000000e+00   3.7760025e+00   1.2867534e+00   3.4667735e+00   2.6113822e+00   3.1894828e+00   2.0924309e+00   4.0432691e+00   2.8526963e+00   2.2435736e+00   1.9230965e+00
   1.0000000e+00   3.2530197e+00   4.3234224e+00   1.8145211e+00   2.3979439e+00   1.5939110e+00   1.7387105e+00   2.8992061e+00   3.8010710e+00   3.9814403e+00   4.7488224e+00
   2.0000000e+00   3.3514787e+00   1.1557254e+00   3.0268805e+00   3.7105377e+00   2.1728773e+00   1.4532716e+00   2.0522496e+00   3.2714759e+00   3.8928977e+00   1.5138403e+00
   2.0000000e+00   3.3951965e+00   3.8292841e+00   2.8993407e+00   3.4068649e+00   3.6966238e+00   3.5880618e+00   2.6533893e+00   4.1291275e+00   4.3478700e+00   1.7595325e+00
   1.0000000e+00   3.3424165e+00   1.8564350e+00   4.6571569e-01   3.5950188e+00   3.5330585e+00   2.5573110e+00   2.6637369e+00   2.2584267e+00   3.4382222e+00   3.4299350e+00
   1.0000000e+00   2.5455101e+00   3.0529845e+00   2.7139270e+00   2.4953497e+00   4.1975261e+00   1.9436970e+00   3.5781728e+00   1.2810251e+00   3.7677358e+00   1.4783975e+00
   2.0000000e+00   3.4003961e+00   2.7684592e+00   3.6317953e+00   4.8554295e+00   3.5061540e+00   2.8001281e+00   3.2441142e+00   2.4859004e+00   2.5666076e+00   5.2810558e-01
   2.0000000e+00   3.4952659e+00   3.7875935e+00   3.7063141e+00   2.5250121e+00   3.1796916e+00   1.2614027e+00   3.7162840e+00   2.3608731e+00   1.5238273e+00   3.4996318e+00
   2.0000000e+00   4.3768858e+00   4.3981704e+00   9.8110390e-01   3.0034612e+00   3.7295867e+00   1.7767037e+00   2.9200246e+00   1.7854060e+00   2.4899769e+00   1.8007918e+00
   1.0000000e+00   1.3092443e+00   2.7447753e+00   2.7273161e+00   2.3050461e+00   3.7985040e+00   3.3123972e+00   3.5857902e+00   4.1407582e+00   3.6894170e+00   2.4957605e+00
   2.0000000e+00   1.4680829e+00   4.3298566e+00   3.8192923e+00   4.2752005e+00   4.1297469e+00   1.2698462e+00   2.9024428e+00   3.9381954e+00   2.5423429e+00   2.5144647e+00
   2.0000000e+00   3.6556102e+00   1.5692837e+00   2.3669641e+00   2.0448101e+00   4.5823421e+00   4.5037819e+00   4.7925353e+00   3.8236660e+00   3.1232724e+00   4.2388922e+00
   2.0000000e+00   4.1328016e+00   1.6529637e+00   3.6842210e+00   1.5690820e+00   3.7563472e+00   1.6851257e+00   2.2951353e+00   1.1832391e+00   4.0738428e+00   3.1530416e+00
   2.0000000e+00   3.3161937e+00   3.6503895e+00   1.9638606e+00   2.6877784e+00   2.8457983e+00   2.9449187e+00   3.7329576e+00   1.2654292e+00   4.5729547e+00   3.0565799e+00
   2.0000000e+00   1.8025312e+00   3.5445187e+00   3.9484400e+00   5.0572210e+00   1.6725226e+00   2.2751421e+00   5.2555019e+00   4.5575451e+00   2.9228854e+00   3.1829734e+00
   2.0000000e+00   2.4276614e+00   3.1519937e+00   4.4091284e+00   2.7329694e+00   2.3375116e+00   2.8300825e+00   2.4187053e+00   3.0811676e+00   2.1680792e+00   9.4696746e-01
   2.0000000e+00   4.0136870e+00   1.3552978e+00   3.8136700e+00   2.2483263e+00   2.1791306e+00   3.4119556e+00   3.0706107e+00   3.5236054e+00   2.2908861e+00   2.3872084e+00
   2.0000000e+00   4.2322172e+00   3.7729500e+00   2.8217989e+00   3.0107287e+00   2.4366970e+00   4.2233642e+00   3.7692040e+00   2.6571867e+00   4.8839830e+00   3.0649052e+00
   2.0000000e+00   3.7077036e+00   4.2208917e+00   2.9547794e+00   3.2255687e+00   4.4650626e+00   4.2152738e+00   3.0903738e+00   1.2853243e+00   1.1519126e+00   2.6217338e+00
   1.0000000e+00   1.5280216e+00   3.1527311e+00   2.3604141e+00   2.7063943e+00   2.0816147e+00   2.5737528e+00   3.9540166e+00   2.9440567e+00   3.2080798e+00   2.2977885e+00
   2.0000000e+00   3.4525804e+00   2.8292017e+00   2.5616959e+00   3.4825895e+00   3.6685316e+00   2.8204655e+00   3.2961525e+00   2.7340753e+00   2.6766444e+00   3.1146933e+00
   2.0000000e+00   1.0568612e+00   1.9586486e+00   3.6231005e+00   1.4584239e+00   1.5156738e+00   3.2443671e+00   4.3670472e+00   5.6818212e+00   2.9103030e+00   4.7437058e-01
   2.0000000e+00   3.2262035e+00   2.7874507e+00   3.0822604e+00   1.5673200e+00   2.6983811e+00   4.6594810e+00   2.7837481e+00   1.8452675e+00   1.2222978e+00   9.0216168e-01
   2.0000000e+00   2.8797485e+00   4.0365272e+00   3.1506609e+00  -5.5578892e-01   2.9167032e+00   3.8994790e+00   1.2717413e+00   2.6166490e+00   1.5337950e+00   2.7669621e+00
   2.0000000e+00   3.7585590e+00   3.0872456e+00   3.8661609e+00   3.0807902e+00   2.4374816e+00   1.3610957e+00   3.7893266e+00   2.0335227e+00   4.5835412e+00   1.2230280e+00
   2.0000000e+00   2.8721231e+00   2.9895152e+00   3.5819812e+00   4.4429386e+00   4.0134178e+00   2.2664842e+00   2.6398042e+00   4.9833773e+00   1.2452528e+00   2.3838027e+00
   2.0000000e+00   1.9642221e+00   3.5641045e+00   3.2297266e+00   3.2381160e+00   2.6670109e+00   1.8746952e+00   3.0471365e+00   3.7068242e+00   4.5159923e+00   2.4991740e+00
   2.0000000e+00   2.6992684e+00   2.2332504e+00   3.9862437e+00   3.1227211e+00   4.2385745e+00   2.0596488e+00   3.6311351e+00   1.7826386e+00   2.6868952e+00   2.6561179e+00
   2.0000000e+00   2.8773545e+00   2.6109268e+00   3.0659996e+00   3.8453335e+00   2.3336620e+00   3.7163892e+00   1.0603354e+00   3.3216088e+00   2.7571192e+00   3.2801006e+00
   2.0000000e+00   1.5031787e+00   1.7544216e+00   1.7107891e+00   2.6585039e+00   1.8124772e+00   2.5305388e+00   2.6407235e+00   1.7112688e+00   2.6322066e+00   3.0707892e+00
   2.0000000e+00   3.3078983e+00   1.4096276e+00   2.9083597e+00   2.3923716e+00   3.6070255e+00   4.6000137e+00   3.5874845e+00   2.6808054e+00   2.0768694e+00   3.8028530e+00
   2.0000000e+00   2.1178753e+00   2.6441742e+00   4.8748994e+00   3.2706008e+00   4.8944202e+00   3.5258557e+00   7.1936176e-01   6.0379483e+00   3.7018414e+00   2.8390984e+00
   2.0000000e+00   4.1146227e+00   3.8751218e+00   2.7706724e+00   3.7257264e+00   4.3383548e+00   3.3211885e+00   1.8831329e+00   3.3382091e+00   2.6595849e+00   4.0865721e+00
   2.0000000e+00   3.4863046e+00   2.5843403e+00   1.8233202e+00   4.0601907e+00   4.0753391e+00   5.0952629e+00   2.1835140e+00   1.9230530e+00   3.3820608e+00   3.8179811e+00
   2.0000000e+00   2.5004818e+00   3.8899294e+00   3.1928643e+00   1.8858786e+00   3.6489125e+00   2.6098720e+00   2.5146735e+00   3.2357430e+00   3.9608453e+00   3.2164197e+00
   1.0000000e+00   1.8851574e+00   2.1592479e+00   2.5535905e+00   2.7602716e+00   4.6838851e+00   3.3688143e+00   3.6650190e+00   2.3269658e+00   3.3407258e+00   4.9377398e+00
   2.0000000e+00   1.3179206e+00   2.8919137e+00   3.8436092e+00   1.1181993e+00   4.3734457e+00   3.6122500e+00   1.6716872e+00   1.9780328e+00   2.9688194e+00   2.9012053e+00
   2.0000000e+00   3.8943657e+00   2.2580545e+00   4.2027638e+00   2.8066062e+00   2.6848346e+00   2.3568114e+00   2.8738410e+00   2.0704822e+00   4.3005795e+00   3.4940565e+00
   2.0000000e+00   4.3168689e+00   3.4520485e+00   2.9120347e+00   2.2380455e+00   3.1435088e+00   3.1867492e+00   3.6329143e+00   3.1163317e+00   1.8232011e+00   3.1154790e+00
   2.0000000e+00   3.2667660e+00   3.5681724e+00   3.9894076e+00   3.4272928e+00   2.1168766e+00   1.5821618e+00   3.4699790e+00   3.7749442e+00   2.0236109e+00   4.3181348e+00
   2.0000000e+00   2.4101037e+00   2.4582126e+00   2.6629117e+00   3.4526748e+00   2.8470593e+00   4.0335631e+00   3.0635157e+00   2.9276236e+00   2.8163417e+00   1.7018786e+00
   2.0000000e+00   3.4762913e+00   2.1429407e+00   2.4940701e+00   3.9748891e+00   3.7924188e+00   4.8982487e+00   3.5562454e+00   1.7069819e+00   1.1535186e+00   2.1006861e+00
   2.0000000e+00   3.0537872e+00   1.0875286e-01   1.5532110e+00   4.3369350e+00   3.4079428e+00   3.3079930e+00   4.5755808e+00   2.2386187e+00   3.5927028e+00   2.6875326e+00
   2.0000000e+00   3.2733717e+00   1.5245913e+00   2.5449954e+00   4.4792377e+00   1.9840975e+00   8.1164490e-01   3.1256331e+00   4.7726471e+00   2.4174350e+00   2.8675810e+00
   2.0000000e+00   4.7258183e+00   3.8667829e+00   4.4136497e+00   1.0032561e+00   4.2524802e+00   4.8815040e+00   4.6255982e+00   2.3440632e+00   2.6588600e+00   2.8137118e+00
   2.0000000e+00   2.7968497e+00   5.0146279e+00   3.2800558e+00   3.0362538e+00   4.0048408e+00   1.7199538e+00   4.7997885e+00   2.5451163e+00   2.4272558e+00   2.5072771e+00
   2.0000000e+00   3.1173072e+00   3.4110601e+00   2.3472276e+00   1.7193312e+00   4.1753365e+00   1.7306358e+00   2.5186336e+00   4.2557690e+00   4.9873937e+00   2.1463788e+00
   2.0000000e+00   1.8255062e+00   3.0377294e+00   2.3943325e+00   3.7349455e+00   3.3165778e+00   2.1384937e+00   2.6074626e+00   1.6716723e+00   2.3918167e+00   1.4726151e+00
   2.0000000e+00   2.2778307e+00   3.5351819e+00   2.5243225e+00   2.3931622e+00   3.9714783e+00   2.7309491e+00   3.6074095e+00   3.7052283e+00   2.9838951e+00   1.3778598e+00
   2.0000000e+00   4.0277115e+00   1.3418186e+00   3.8714513e+00   2.3593175e+00   3.5129691e+00   1.6114987e+00   2.2484338e+00   2.5630364e+00   2.5008172e+00   3.7802145e+00
   2.0000000e+00   2.4505443e+00   4.0569922e+00   3.0133436e+00   2.4269706e+00   3.5508678e+00   6.0489817e+00   1.3446308e+00   2.2753697e+00   3.1626218e+00   9.0701056e-01
   1.0000000e+00   1.1548718e+00   3.1829458e+00   3.1877034e+00   2.0845037e+00   2.9373696e+00   2.0681294e+00   3.2717364e+00   3.9643525e+00   3.0462879e+00   3.3069934e+00
   1.0000000e+00   3.5626750e+00   2.1603995e+00   3.1656061e+00   2.6319461e+00   2.6313918e+00   3.8845608e+00   3.4354357e+00   3.1407024e+00   3.7381531e+00   3.0680695e+00
   2.0000000e+00   3.5764062e+00   3.0039004e+00   2.8881601e+00   4.0879061e+00   1.6345158e+00   3.6847224e+00   3.1972079e+00   3.3301407e+00   1.8099825e+00   3.4623719e+00
   2.0000000e+00   3.5181566e+00   3.0648650e+00   1.3578111e+00   3.7592963e+00   2.8776059e+00   2.1534001e+00   2.0379971e+00   3.3364623e+00   2.6533461e+00   1.9271132e+00
   2.0000000e+00   3.8272754e+00   3.1012826e+00   4.3647325e+00   3.1049754e+00   2.3517109e+00   2.0799098e+00   2.6077996e+00   3.2166289e+00   1.1838239e+00   3.2400646e+00
   2.0000000e+00   2.3313949e+00   3.9543928e+00   1.4143350e+00   2.7404201e+00   2.2697548e+00   4.6819373e+00   4.0303199e+00   2.1447663e+00   3.2642330e+00   3.0072116e+00
   1.0000000e+00   3.3578551e+00   3.1246485e+00   3.6953354e-01  -1.1138213e-01   2.6408785e+00   3.7249875e+00   3.1799831e+00   1.8414550e+00   3.9376886e+00   3.8233293e+00
   1.0000000e+00   2.7474531e+00   3.1181349e+00   2.5524571e+00   2.3726446e+00   3.4138852e+00   1.8987862e+00   2.8067312e+00   3.5237148e+00   3.4084663e+00   2.3950730e+00
   2.0000000e+00   3.4378190e+00   4.4460495e+00   3.7246896e+00   3.3519497e+00   1.6296093e+00   2.7199875e+00   2.4259410e+00   2.4562790e+00   2.1627980e+00   4.8606442e+00
   1.0000000e+00   2.1245312e+00   7.2925370e-01   2.9682882e+00   3.4116821e+00   3.1812903e+00   2.8871676e+00   2.6368191e+00   4.6756511e+00   3.5134759e+00   4.0702114e+00
   2.0000000e+00   3.2669005e+00   3.3939612e+00   2.7366873e+00   3.3016321e+00   2.6795028e+00   3.6377431e+00   3.0297412e+00   2.7036741e+00   2.4697097e+00   3.1868949e+00
   2.0000000e+00   2.7928462e+00   1.5645304e+00   2.8452472e+00   1.9308584e+00   1.2694973e+00   3.9769722e+00   3.3041108e+00   3.3809587e+00   2.8392186e+00   3.0283628e+00
   1.0000000e+00   4.9421029e+00   3.2249534e+00   3.3895580e+00   2.9039529e+00   5.5480579e-01   4.0029315e+00   2.2978980e+00   4.8774854e+00   3.4863191e+00   2.0533258e+00
   2.0000000e+00   2.8821189e+00   4.5637836e+00   3.3970478e+00   2.2748279e+00   3.8942355e+00   3.9750844e+00   2.0042160e+00   2.9536551e+00   1.3705867e+00   3.6079924e+00
   2.0000000e+00   3.4212243e+00   1.3025824e+00   3.7817546e+00   4.2022217e+00   2.5609458e+00   3.2977368e+00   3.0438296e+00   3.3564559e+00   2.1093493e+00   3.5458086e+00
   2.0000000e+00   3.4598420e+00   3.1109840e+00   2.2433886e+00   4.3927531e+00   3.6622107e+00   4.6825549e+00   3.1630410e+00   2.8078099e+00   2.5536867e+00   3.8518152e+00
   1.0000000e+00   2.4982551e+00   2.2265439e+00   2.0531896e+00   3.8863414e+00   3.2758550e+00   2.1586658e+00   3.0341753e+00   4.5311768e+00   3.2653408e+00   2.9820863e+00
   2.0000000e+00   4.1841121e+00   3.8320212e+00   3.8253520e+00   2.8647187e+00   2.4486289e+00   5.0818447e+00   2.3842484e+00   3.2557077e+00   2.7743456e+00   3.9076103e+00
   2.0000000e+00   3.4077862e+00   3.3161463e+00   2.6880267e+00   3.6405417e+00   3.8205376e+00   3.6791584e+00   1.3400116e+00   4.1643939e+00   2.8418907e+00   2.3916938e+00
   2.0000000e+00   4.0279580e+00   1.7948350e+00   2.2987465e+00   2.1164910e+00   3.8186589e+00   4.4586190e+00   2.8282761e+00   2.6414123e+00   2.5170462e+00   1.4380195e+00
   2.0000000e+00   2.3225608e+00   3.6122614e+00   1.8503291e+00   4.4015558e+00   3.1597897e+00   2.7787260e+00   3.8657518e+00   1.3873231e+00   4.8304666e+00   1.9809831e+00
   2.0000000e+00   2.1911427e+00   3.8002456e+00   1.9635093e+00   3.7726364e+00   3.9936246e+00   2.2262186e+00   4.8107388e+00   2.9695428e+00   3.3204172e+00   4.4791723e+00
   2.0000000e+00   3.5424877e+00   2.0502171e+00   2.6199680e+00   2.6141630e+00   3.3803020e+00   3.5386003e+00   3.5166968e+00   4.2026201e+00   2.0297092e+00   3.6460142e+00
   1.0000000e+00   3.6848207e+00   2.4133962e+00   3.5684307e+00   3.6318637e+00   3.7398703e+00   3.4765890e+00   3.3360733e+00   3.7552429e+00   3.4182476e+00   1.7515357e+00
   2.0000000e+00   3.6166584e+00   4.4001760e+00   1.9029361e+00   2.9290242e+00   1.8434286e+00   3.4900396e+00   3.4628120e+00   2.7757611e+00   8.6446248e-01   2.7533315e+00
