   2.0000000e+00   2.5780292e+00   1.1393623e+00   1.9383940e+00   4.8775138e+00   3.4110333e+00   1.3200429e+00   2.0428510e+00   2.0217129e+00   4.3647959e+00   4.9347692e+00
   2.0000000e+00   3.2258091e+00   2.7888897e+00   3.0605413e+00   2.7093319e+00   1.1190544e+00   2.2513561e+00   4.2551161e+00   1.0211748e+00   3.9788508e+00   2.7012421e+00
   2.0000000e+00   3.1464055e+00   3.6912981e+00   4.5133236e+00   2.1771184e+00   3.1320852e+00   2.2509965e+00   2.2974540e+00   3.9945178e+00   2.9337315e+00   3.3829812e+00
   2.0000000e+00   3.0096902e+00   4.4982046e+00   4.3295089e+00   3.2837052e+00   3.0961662e+00   2.5392980e+00   2.7747120e+00   3.5380262e+00   2.6421216e+00   2.5456125e+00
   2.0000000e+00   3.1075987e+00   3.0760729e+00   3.3882093e+00   2.4605029e+00   4.2599841e+00   2.8061766e+00   3.4275023e+00   3.4455206e+00   1.6255662e+00   3.1564592e+00
   2.0000000e+00   9.5046851e-01   2.5352091e+00   4.0619229e+00   3.9497369e+00   2.2652625e+00   2.0709687e+00   2.7923152e+00   3.6542214e+00   3.8506650e+00   2.7387360e+00
   1.0000000e+00   4.3140299e+00   3.2202935e+00   1.8474479e+00   4.3279037e+00   3.5454285e+00   2.7437207e+00   2.4226981e+00   2.5620132e+00   3.8581548e+00   2.9385520e+00
   2.0000000e+00   3.6180403e+00   2.1782114e+00   3.8240672e+00   3.4373849e+00   3.9558072e+00   3.9932616e+00   1.2341098e+00   4.1226512e+00   2.9004472e+00   2.5651048e+00
   2.0000000e+00   2.5807351e+00   3.0905956e+00   3.9136402e+00   2.9944899e+00   2.2932936e+00   3.1440393e+00   2.6059229e+00   3.9598605e+00   5.1040331e+00   1.8963343e+00
   1.0000000e+00   2.3453811e+00   2.9191515e+00   1.9708373e+00   1.2966712e+00   3.3116277e+00   2.5009400e+00   4.1410009e+00   2.7114051e+00   3.5941855e+00   2.5412178e+00
   1.0000000e+00   2.3098533e+00   1.7615395e+00   3.1390103e+00   2.2362069e+00   3.0487621e+00   3.3054292e+00   3.4188222e+00   2.3840571e+00   3.6019859e+00   3.2941728e+00
   1.0000000e+00   1.3207313e+00   2.6635726e+00   5.8583564e+00   3.0218135e+00   2.8261764e+00   3.5439009e+00   1.8406171e+00   2.9493833e+00   3.0231209e+00   2.8052234e+00
   2.0000000e+00   2.7518311e+00   3.4625418e+00   3.9617878e+00   1.0017817e+00   2.5017447e+00   1.2233696e+00   3.9557198e+00   3.6691845e+00   3.7686418e+00   4.5976725e+00
   2.0000000e+00   4.1933549e+00   4.4246669e+00   4.2448852e+00   1.9460651e+00   2.3376972e+00   2.8251517e+00   2.8617422e+00   4.1498751e+00   2.2571826e+00   6.0954421e+00
   2.0000000e+00   1.4364270e+00   3.5502823e+00   3.6070513e+00   3.1495044e+00   1.8320341e+00   4.9867120e+00   3.7398050e+00   3.9894517e+00   2.9036946e+00   2.2442043e+00
   2.0000000e+00   1.2548108e+00   4.9425181e+00   1.8421710e+00   1.7680943e+00   2.5366877e+00   3.0573573e+00   3.1517483e+00   1.1071125e+00   2.0047693e+00   2.1276432e+00
   2.0000000e+00   2.9759053e+00   2.3063786e+00   1.1010924e+00   2.2287688e+00   2.0699616e+00   3.1747848e+00   6.8003105e-01   3.2945969e+00   1.7687376e+00   1.9470093e+00
   2.0000000e+00   1.6518105e+00   3.1850883e+00   2.9198090e+00   3.3012602e+00   2.9538442e+00   4.5762910e+00   1.9336412e+00  -6.8873493e-02   1.1623456e+00   2.0244004e+00
   2.0000000e+00   2.7127944e+00   2.8331292e+00   1.9842280e+00   3.1894290e+00   4.5650353e+00   1.7950735e+00   4.5968882e+00   1.4012207e+00   4.5897524e+00   2.8878919e+00
   2.0000000e+00   2.2487350e+00   3.1475159e+00   1.5554644e+00   3.1185723e+00   2.7037303e+00   3.8530591e+00   2.8098805e+00   2.1536825e+00   9.6815150e-01   3.3454226e+00
   2.0000000e+00   3.4317251e+00   1.9236946e+00   2.8613709e+00   5.4408932e+00   3.9716389e+00   2.6926814e+00   2.3882303e+00   3.0442020e+00   5.3552286e+00   3.1548786e+00
   1.0000000e+00   2.5687610e+00   2.8965900e+00   3.4320206e+00   3.6705962e+00   3.4879713e+00   3.2480140e+00   3.2724733e+00   2.9423152e+00   3.7640444e+00   1.6931577e+00
   2.0000000e+00   3.1218549e+00   2.6846412e+00   5.2529935e+00   2.3204700e+00   4.3504959e+00   3.6026591e+00   3.5743430e+00   2.8773816e+00   8.8534738e-01   4.5257117e+00
   2.0000000e+00   3.4205670e+00   2.6267379e+00   2.5404194e+00   3.0485287e+00   2.9935224e+00   2.7922857e+00   2.2730210e+00   4.0371513e+00   2.9096465e+00   3.9586329e+00
   1.0000000e+00   3.4048505e+00   2.6357481e+00   3.0904871e+00   4.1604839e+00   2.9005801e+00   2.3639936e+00   3.3059879e+00   3.1172412e+00   3.8848190e+00   2.0138279e+00
   2.0000000e+00   3.4837300e+00   2.7417267e+00   5.6081350e+00   4.8087226e+00   2.8487128e+00   3.6420171e+00   1.7325518e+00   3.8816717e+00   2.3116248e+00   2.7628108e+00
   1.0000000e+00   2.7066740e+00   3.0088412e+00   1.9628308e+00   3.6846212e+00   1.7825303e+00   2.8769387e+00   2.3166477e+00   2.9238594e+00   3.7957196e+00   2.5142110e+00
   2.0000000e+00   5.3052228e-01   4.2958869e+00   3.2531042e+00   2.2219630e+00   5.0324967e+00   3.1086943e+00   2.3744126e+00   2.0855725e+00   1.9622528e+00   2.9388361e+00
   2.0000000e+00   3.2522091e+00   2.6209258e+00   2.7334011e+00   3.6855498e+00   1.5730120e+00   3.5964601e+00   3.1885779e+00   1.8136860e+00   3.0981993e+00   2.3600826e+00
   2.0000000e+00   2.0708274e+00   2.9946645e+00   4.3174838e+00   3.5683328e+00   2.8760116e+00   3.9012982e+00   4.9165936e+00   4.1997547e+00   4.5237266e+00   2.2846765e+00
   1.0000000e+00   3.5318455e+00   1.3530586e+00   3.1117015e+00   3.5252744e+00   2.6335281e+00   2.7517734e+00   3.5964736e+00   2.5840383e+00   3.3742327e+00   3.1814140e+00
   2.0000000e+00   1.6736882e+00   3.1860717e+00   4.2714367e+00   2.9463214e+00   3.0736419e+00   2.0267441e+00   2.0886306e+00   3.4839434e+00   4.2390072e+00   2.6974056e+00
   1.0000000e+00   4.0240248e+00   3.0807515e+00   3.4117792e+00   2.7821330e+00   1.5688358e+00   3.4261317e+00   1.3215072e+00   2.9934875e+00   3.0655302e+00   2.9978259e+00
   2.0000000e+00   2.0987354e+00   2.3529960e+00   3.7579165e+00   3.0969492e+00   3.7785545e+00   4.3105813e+00   2.2162848e+00   2.4762349e+00   2.3196923e+00   2.6484796e+00
   1.0000000e+00   2.3441837e+00   3.3701968e+00   1.3276649e+00   2.4011553e+00   2.9568105e+00   2.3800102e+00   4.4939468e+00   3.4605168e+00   3.5135566e+00   2.8551303e+00
   1.0000000e+00   3.3981714e+00   2.7133313e+00   2.2665145e+00   3.5943788e+00   2.7710326e+00   3.4994386e+00   3.5215452e+00   2.1575887e+00   3.0536903e+00   3.2140714e+00
   2.0000000e+00   5.3453116e+00   2.7285347e+00   1.6767855e+00   2.9493135e+00   4.4217551e+00   4.4143037e+00   1.9126034e+00   3.9202932e+00   5.1301171e+00   2.3458578e+00
   2.0000000e+00   2.0547053e+00   1.8707348e+00   1.4884354e+00   4.3316581e+00   3.6746819e+00   2.9271813e+00   4.3327172e+00   4.2784153e+00   2.1803991e+00   4.3855814e+00
   2.0000000e+00   4.7895027e+00   3.8772976e+00   3.9114391e+00   3.7456396e+00   4.7187916e+00   3.3305644e+00   2.1543165e+00   4.8203717e+00   3.0989883e+00   3.6051279e+00
   2.0000000e+00   3.4904362e+00   2.0777182e+00   4.0438762e+00   3.2263360e+00   4.3144733e+00   2.8897184e+00   2.9634282e+00   3.6759051e+00   1.5382684e+00   2.4460557e-01
   2.0000000e+00   2.1070636e+00   3.1078000e+00   2.8629610e+00   4.3315034e+00   2.4528356e+00   2.0752489e+00   2.2982249e+00   3.9354846e+00   4.6269981e+00   2.3372967e+00
   2.0000000e+00   3.7642060e+00   3.1189259e+00   2.0096048e+00   3.8683089e+00   2.7441479e+00   2.1991196e+00   2.9870857e+00   3.7882612e+00   3.6604377e+00   3.6439253e+00
   2.0000000e+00   3.2218169e+00   3.7184391e+00   4.0444031e+00   3.3400478e+00   4.2471957e+00   1.7692601e+00   2.3144597e+00   1.9918056e+00   4.4171046e+00   3.9357330e+00
   2.0000000e+00   2.5300617e+00   3.7390802e+00   4.8246589e+00   2.0894020e+00   2.5828677e+00   2.8318826e+00   2.2576561e+00   2.8846697e+00   2.7467693e+00   1.5735273e+00
   1.0000000e+00   2.5628944e+00   1.6447411e+00   3.7034124e+00   4.3325892e+00   2.9248248e+00   4.8028701e+00   2.2574301e+00   3.4191436e+00   3.4504233e+00   4.7663624e+00
   2.0000000e+00   9.4860294e-01   4.2905214e+00   2.1778479e+00   2.8736709e+00   2.5510320e+00   3.2337118e+00   5.0343390e+00   1.8570279e+00   4.3013656e+00   2.9602486e+00
   2.0000000e+00   2.8392074e+00   3.5734196e+00   2.5506869e+00   2.6484009e+00   3.4173343e+00   4.6280675e+00   9.9409793e-01   2.7765228e+00   2.7066827e+00   1.4973746e+00
   2.0000000e+00   3.5307501e+00   2.0504453e+00   3.7032097e+00   3.0301429e+00   4.0752628e+00   2.1019887e+00   4.0231072e+00   1.5835890e+00   3.5692162e+00   2.5750372e+00
   2.0000000e+00   3.2645240e+00   2.0103109e+00   3.0622279e+00   4.0683220e+00   2.3910749e+00   2.5005175e+00   2.5367341e+00   2.7377006e+00   1.5943135e+00   2.3507113e+00
   2.0000000e+00   2.6680638e+00   2.5905125e+00   4.0264366e+00   3.1185748e+00   2.4981396e+00   4.7343030e+00   3.5511522e+00   3.2280287e+00   2.7068643e+00   4.5704536e+00
   2.0000000e+00   4.0650741e+00   2.4641644e+00   2.0180853e+00   1.8634105e+00   3.9537315e+00   1.6410420e+00   4.0344137e+00   3.3361196e+00   2.8804540e+00   8.0895178e-01
   2.0000000e+00   2.6035980e+00   3.9655013e+00   4.5361659e+00   2.7191512e+00   4.7102019e+00   1.6962284e+00   1.5332009e+00   3.6834509e+00   2.2999748e+00   2.1929070e+00
   2.0000000e+00   3.6158466e+00   4.0186432e+00   2.7121195e+00   2.1937901e+00   3.9524086e+00   4.9966175e+00   3.7405703e+00   3.9807248e+00   1.4229839e+00   3.3868484e+00
   1.0000000e+00   1.8422334e+00   3.2112965e+00   2.2887001e+00   2.7281989e+00   1.6271382e+00   3.9845628e+00   2.7452750e+00   2.7844686e+00   3.2875838e+00   3.7429250e+00
   1.0000000e+00   2.8069613e+00   4.0263613e+00   1.8250445e+00   1.7486760e+00   2.9315914e+00   3.2352088e+00   1.9694011e+00   3.9612213e+00   3.2402021e+00   1.3751843e+00
   2.0000000e+00   3.2862965e+00   3.1098244e+00   3.8557726e+00   3.3557718e+00   3.3145143e+00   3.0636584e+00   2.9680952e+00   4.0349595e+00   3.6224450e+00   4.3680247e+00
   1.0000000e+00   3.7212191e+00   4.3266116e+00   2.6638237e+00   2.6552076e+00   3.0728364e+00   4.1155733e+00   2.9079443e+00   2.8430901e+00   3.9685191e+00   1.5911605e+00
   2.0000000e+00   3.0386905e+00   4.2186230e+00   2.7258116e+00   2.1161428e+00   2.4710566e+00   3.6500685e+00   3.3079729e+00   3.1107751e+00   2.1254700e+00   2.1178337e+00
   1.0000000e+00   3.3431448e+00   1.7312463e+00   2.6227049e+00   2.4187464e+00   1.2441907e+00   3.7520643e+00   3.4036479e+00   3.9094227e+00   3.2622853e+00   2.6534407e+00
   1.0000000e+00   4.2560980e+00   3.8362906e+00   1.9602676e+00   4.2704408e+00   4.2069411e+00   4.4361856e+00   2.6945827e+00   2.9339356e+00   3.1450164e+00   3.8428394e+00
   2.0000000e+00   4.2441861e+00   3.3679670e+00   2.2916020e+00   1.8049247e+00   4.0615736e+00   4.2858489e+00   3.7483793e+00   2.2732426e+00   4.1975501e+00   3.5507303e+00
   2.0000000e+00   2.4368770e+00   2.7802375e+00   2.8808114e+00   3.4860462e+00   3.7232839e+00   3.2396042e+00   3.3077843e+00   2.4916187e+00   3.9247393e+00   3.0050886e+00
   2.0000000e+00   3.2346176e+00   3.8408877e+00   5.1694238e+00   3.1689488e+00   2.6222089e+00   1.6506586e+00   4.2741223e+00   2.3565433e+00   2.2161534e+00   3.8773206e+00
   2.0000000e+00   4.5473411e+00   2.5499135e+00   2.6233693e+00   1.8063778e+00   1.6854944e+00   4.3703175e+00   4.4238348e+00   1.9159042e+00   1.1849316e+00   2.4564590e+00
   2.0000000e+00   3.1669815e+00   2.4341538e+00   3.7986861e+00   3.0400710e+00   3.5835390e+00   1.9984714e+00   2.5094367e+00   4.2329015e+00   2.1881518e+00   4.5722160e+00
   2.0000000e+00   3.0315006e+00   3.5664660e+00   2.0579722e+00   2.0746562e+00   2.1387297e+00   5.0675293e-01   2.7234018e+00   9.1498689e-01   3.9889301e+00   3.0919460e+00
   2.0000000e+00   4.4188402e+00   2.8940559e+00   3.8731130e+00   3.8358793e+00   2.7602572e+00   3.3802166e+00   4.0701254e+00   2.9078422e+00   2.9926174e+00   1.1584419e+00
   2.0000000e+00   3.8920362e+00   3.0955858e+00   3.8959982e+00   3.5512778e+00   4.2496903e+00   3.1489862e+00   5.0272501e+00   3.1296255e+00   2.7962812e+00   2.0959329e+00
   2.0000000e+00   2.3429350e+00   4.1472685e+00   3.7155215e+00   2.8829794e+00   3.9615399e+00   2.4115528e+00   4.2974194e+00   3.2062927e+00   2.3032569e+00   2.0143518e+00
   2.0000000e+00   3.0037980e+00   2.5044531e+00   3.3716023e+00   2.0107941e+00   2.6708826e+00   3.1491751e+00   2.9990763e+00   2.7865192e+00   2.3749758e+00   1.8701714e+00
   2.0000000e+00   1.8759272e+00   3.2417091e+00   1.1747991e+00   2.4801259e+00   3.3662311e+00   4.3852518e+00   3.2116571e+00   1.4730162e+00   3.4632039e+00   3.6607859e+00
   1.0000000e+00   2.7513040e+00   3.7676815e+00   2.8584036e+00   2.5018669e+00   2.3371871e+00   3.3448762e+00   4.6094540e+00   2.4557810e+00   3.7581298e+00   1.7921844e+00
   2.0000000e+00   3.8986701e+00   1.8347326e+00   3.6013900e+00   3.3453986e+00   2.2157973e+00   2.7124866e+00   1.8774311e+00   1.9721878e+00   3.5063999e+00   2.9998015e+00
   1.0000000e+00   1.7119056e+00   3.1028906e+00   1.1907105e+00   4.2462365e+00   2.8018991e+00   3.1046965e+00   2.7540587e+00   3.6875563e+00   3.1800176e+00   2.8784596e+00
   2.0000000e+00   4.0216136e+00   2.8303713e+00   2.5810874e+00   3.7586836e+00   1.7130402e+00   1.3410156e+00   2.2081495e+00   2.6067208e+00   4.1690202e+00   2.2263799e+00
   2.0000000e+00   2.6157503e+00   3.4572737e+00   4.1975469e+00   2.5548914e+00   4.8883417e+00   1.5110689e+00   4.3970665e+00   3.4756583e+00   2.8196024e+00   3.1087900e+00
   2.0000000e+00   2.3025738e+00   3.2620577e+00   3.0337633e+00   1.1170140e+00   3.5038608e+00   1.9308265e+00   1.7495734e+00   2.9365468e+00   2.9837146e+00   2.2973357e+00
   2.0000000e+00   2.2655811e+00   3.0291267e+00   4.3563095e+00   2.2641108e+00   2.2376361e+00   1.8557114e+00   2.4787971e+00   2.4409525e+00   2.0204791e+00   4.8479700e+00
   1.0000000e+00   8.7026089e-01   2.1786128e+00   2.6616716e+00   3.3526676e+00   2.9930076e+00   5.2074813e+00   3.0604559e+00   2.2646030e+00   3.2006087e+00   1.4899703e+00
   2.0000000e+00   2.9057483e+00   3.9233739e+00   4.2386743e+00   1.9388761e+00   3.9604732e+00   3.5709345e+00   3.3301863e+00   1.6133801e+00   2.8525240e+00   3.2651047e+00
   2.0000000e+00   1.8479543e+00   4.4928808e+00   3.1598015e+00   2.9948363e+00   2.8262304e+00   3.9882192e+00   2.6030189e+00   2.2008263e+00   1.9801234e+00   2.5002870e+00
   1.0000000e+00   1.3208312e+00   3.4923411e+00   3.6782570e+00   4.4726198e+00   2.7701450e+00   2.7107009e+00   1.9837210e+00   2.3887806e+00   3.5552483e+00   2.7904964e+00
   1.0000000e+00   2.9950106e+00   3.8452678e+00   1.5582670e+00   4.6254662e+00   3.7777913e+00   2.2681581e+00   2.6687986e+00   2.8897765e+00   3.2699959e+00   1.2696206e+00
   2.0000000e+00   2.4125028e+00   3.0482351e+00   1.5204711e+00   3.1758175e+00   4.4765336e+00   3.7970664e+00   2.6742291e+00   3.4142587e+00   5.0614805e+00   3.8416448e+00
   1.0000000e+00   2.6007311e+00   2.6055728e+00   3.4883511e+00   4.7698051e+00   3.8687572e+00   3.4094430e+00   1.8148544e+00   3.2300953e+00   3.5167275e+00   3.2160898e+00
   2.0000000e+00   3.1242092e+00   3.1806132e+00   2.6412906e+00   3.5698262e+00   3.1357922e+00   2.5758276e+00   1.6617806e+00   3.8570310e+00   3.5178204e+00   4.0955955e+00
   2.0000000e+00   3.1643782e+00   1.4472927e+00   1.1748192e+00   3.7089371e+00   3.5305302e+00   1.2072722e+00   3.2039076e+00   3.0482087e+00   2.8235949e+00   3.6211048e+00
   2.0000000e+00   2.6499141e+00   4.6592576e+00   2.5469339e+00   3.5565599e+00   3.0232199e+00   5.0884283e+00   3.6945758e+00   4.0233485e+00   1.9075807e+00   2.2045102e+00
   2.0000000e+00   2.7147138e+00   3.9305190e+00   2.6444497e+00   2.5069575e+00   2.5517169e+00   5.0203867e+00   3.5337361e+00   2.8180071e+00   1.8136828e+00   1.7781624e+00
   1.0000000e+00   2.6021736e+00   1.1672202e+00   2.1452303e+00   3.1960178e+00   2.3415387e+00   1.9296433e+00   2.9998634e+00   2.7098716e+00   3.3383675e+00   2.4891638e+00
   2.0000000e+00   2.7436203e+00   1.6872042e+00   1.7531775e+00   3.5177415e+00   2.2148140e+00   4.2478443e+00   2.3735401e+00   3.8152039e+00   4.5337581e+00   3.5195378e+00
   1.0000000e+00   2.0645259e+00   3.5753798e+00   3.2217654e+00   4.1855278e+00   2.1529712e+00   2.7052706e+00   1.3411948e+00   3.3223323e+00   3.3777978e+00   1.8950633e+00
   1.0000000e+00   1.6925308e+00   2.8390121e+00   3.3356323e+00   4.2864928e-01   3.0108748e+00   2.3806511e+00   1.9907712e+00   3.1383747e+00   3.9532300e+00   2.7551138e+00
   2.0000000e+00   1.8747112e+00   2.9695574e+00   2.1975098e+00   2.1460094e+00   1.4115954e+00   1.9616693e+00   2.3787514e+00   2.5489875e+00   2.5098565e+00   8.1426878e-01
   1.0000000e+00   3.5278627e+00   1.3978644e+00   4.3237444e+00   4.3866599e+00   2.8719650e+00   2.5426059e+00   2.7024683e+00   2.8469594e+00   3.3135621e+00   2.0155869e+00
   2.0000000e+00   3.0054423e+00   3.1254981e+00   2.5125914e+00   3.6519262e+00   1.4867764e+00   3.1663070e+00   3.2431127e+00   2.1209979e+00   2.7361951e+00   3.4734497e+00
   2.0000000e+00   3.8998636e+00   3.1805449e+00   1.0193023e+00   3.2178060e+00   2.7316133e+00   1.5651692e+00   3.2207332e+00   2.8072931e+00   2.2078177e+00   3.8164661e+00
   1.0000000e+00   4.1799861e+00   3.6351092e+00   3.0229032e+00   3.5225859e+00   2.0797344e+00   3.1147337e+00   3.8184757e+00   3.1948856e+00   3.7440953e+00   4.3909207e+00
   2.0000000e+00   2.2362956e+00   1.5273035e+00   3.8136185e+00   4.1832797e+00   3.1458283e+00   1.4636371e+00   3.3404528e+00   4.5948781e+00   2.7194440e+00   3.4198909e+00
   2.0000000e+00   1.9433258e+00   4.0202820e+00   1.1024749e+00   2.0547137e+00   3.9731483e+00   2.8283984e+00   1.5989432e+00   2.5580567e+00  -2.1693781e-01   3.3612531e+00
