   2.0000000e+00   3.7833145e+00   9.4771337e-01   3.7846726e+00   1.8941475e+00   3.4611120e+00   2.8711994e+00   2.2007389e+00   3.0727889e+00   2.7157837e+00   4.0199436e+00
   2.0000000e+00   3.1754188e+00   1.6878601e+00   3.2791769e+00   3.6525863e+00   4.3121221e+00   3.8240764e+00   3.8881886e+00   3.5097431e+00   3.3385445e+00   4.1082645e+00
   2.0000000e+00   2.6503654e+00   3.8838527e+00   3.0222576e+00   3.7095163e+00   1.4405580e+00   3.7216712e+00   2.2982826e+00   4.3275890e+00   5.2385670e-01   2.5351073e+00
   2.0000000e+00   3.3425243e+00   1.7581860e+00   4.7573704e+00   4.4900462e+00   3.4559601e+00   3.3432895e+00   3.8406146e+00   4.8744292e+00   1.6970723e+00   3.1770691e+00
   2.0000000e+00   4.3478741e+00   2.7381939e+00   2.8057742e+00   4.3205835e+00   1.9607203e+00   1.3367066e+00   3.1892170e+00   3.4369822e+00   4.8484264e+00   2.9613978e+00
   1.0000000e+00   3.6368010e+00   3.2827381e+00   3.7408557e+00   2.2967582e+00   3.6846636e+00   2.4618347e+00   2.4054390e+00   4.9153553e+00   1.4330296e+00   3.3592640e+00
   2.0000000e+00   3.9996273e+00   3.3940157e+00   2.2057646e+00   1.1200461e+00   4.4582799e+00   2.9531634e+00   3.4205938e+00   2.7733605e+00   4.1222317e+00   2.7498264e+00
   2.0000000e+00   4.0292402e+00   3.6956583e+00   2.2875100e+00   9.9225848e-01   3.0377056e+00   1.7952610e+00   2.4598007e+00   3.5514744e+00   2.7674255e+00   2.3329140e+00
   2.0000000e+00   4.0381512e+00   2.2153047e+00   2.2708791e+00   2.6541620e+00   2.3909893e+00   2.2161231e+00   3.2622389e+00   1.8775770e+00   3.4928418e+00   2.8782663e+00
   1.0000000e+00   1.2780438e+00   3.3805943e+00   3.2244660e+00   4.2197948e+00   4.1548974e+00   3.2895125e+00   2.2403472e+00   1.9561522e+00   2.6525097e+00   3.0484422e+00
   2.0000000e+00   2.5065197e+00   4.5224037e+00   3.1526021e+00   4.8197947e+00   3.0826118e+00   2.0564638e+00   3.6304028e+00   2.8487125e+00   2.5166571e+00   2.7755387e+00
   2.0000000e+00   3.7007003e+00   1.2333089e+00   4.1540257e+00   4.0253094e+00   2.4512187e+00   2.5367961e+00   3.5747407e+00   2.7439628e+00   3.2353462e+00   2.9378001e+00
   2.0000000e+00   2.9339029e+00   2.4086465e+00   3.6925420e+00   3.1441395e+00   2.0246209e+00   3.3153306e+00   1.2261261e+00   1.5245766e+00   2.3992754e+00   2.7349491e+00
   1.0000000e+00   2.5788102e+00   3.9267846e+00   4.3133509e+00   1.1176308e+00   3.0355597e+00   4.5824495e+00   3.4711487e+00   2.3759323e+00   4.4150539e+00   3.2739879e+00
   1.0000000e+00   3.5045288e+00   3.2409214e+00   3.2167139e+00   2.9827453e+00   1.6208709e+00   4.0687812e+00   3.2779920e+00   4.7315603e+00   3.9728202e+00   3.3928459e+00
   1.0000000e+00   2.6766065e+00   2.4741823e+00   2.3184476e+00   2.6384617e+00   2.9675979e+00   4.2618221e+00   1.5952651e+00   1.1244356e+00   3.0784294e+00   3.6748033e+00
   2.0000000e+00   3.2564886e+00   2.2021582e+00   3.9502782e+00   3.8315523e+00   3.7681831e+00   4.9506861e+00   9.2459701e-01   3.0872120e+00   1.9405720e+00   4.1583538e+00
   2.0000000e+00   4.8457436e+00   2.3314244e+00   3.8768658e+00   4.0738909e+00   2.7192660e+00   3.7476264e+00   2.8391268e+00   2.1731749e+00   2.8728812e+00   1.7846525e+00
   2.0000000e+00   3.2604675e+00   1.9898959e+00   3.2739133e+00   3.5639202e+00   3.6578962e+00   2.4860568e+00   3.3531497e+00   2.7796412e+00   3.2791986e+00   4.1510882e+00
   1.0000000e+00   2.8449935e+00   2.9339656e+00   2.1147373e+00   2.2118733e+00   3.2053589e+00   2.8627611e+00   2.1118058e+00   3.2998672e+00   3.4519024e+00   3.1007472e+00
   2.0000000e+00   8.7102131e-01   2.5685390e+00   1.5817936e+00   3.0389209e-01   3.8845866e+00   3.0147031e+00   2.6873191e+00   5.6797612e+00   3.6436453e+00   4.9520078e+00
   2.0000000e+00   2.7350457e+00   3.1913789e+00   3.8708708e+00   2.3182213e+00   1.8569531e+00   2.7867495e+00   1.6118033e+00   3.0245519e+00   2.5374568e+00   1.7572230e+00
   2.0000000e+00   3.3646975e+00   4.3837645e-01   2.5413100e+00   1.7918185e+00   2.6965963e+00   3.2273766e+00   3.3054158e+00   1.8801365e+00   4.1384382e+00   2.3221074e+00
   2.0000000e+00   3.3687360e+00   3.2664370e+00   3.5278043e+00   3.8287659e+00   2.4305386e+00   3.7072727e+00   2.9243642e+00   4.0562289e+00   4.5414417e+00   2.8035554e+00
   2.0000000e+00   6.3035109e-01   3.7220566e+00   3.1615620e+00   1.0789822e+00   3.4337378e+00   3.0440492e+00   4.2207186e+00   2.8625169e+00   4.6202717e+00   4.0629623e+00
   2.0000000e+00   2.3286899e+00   1.5821691e+00   4.8046032e+00   1.5041171e+00   1.2197684e+00   2.4010763e+00   4.0432284e+00   3.7197063e+00   3.1451941e+00   4.3867716e+00
   2.0000000e+00   4.4854183e+00   1.5025958e+00   1.6523089e+00   2.5657120e+00   3.4635252e+00   4.8103660e+00   2.9763079e+00   3.1841869e+00   2.6466243e+00   2.6296164e+00
   2.0000000e+00   3.8691904e+00   6.3795782e-01   1.3720768e+00   2.9168694e+00   2.3053294e+00   2.8249638e+00   3.9532034e+00   3.3691527e+00   2.4261443e+00   2.9421229e+00
   2.0000000e+00   2.2388699e+00   3.1332912e+00   2.6737133e+00   2.4917531e+00   3.4136127e+00   3.9774886e+00   3.7654499e+00   2.9188830e+00   3.1988230e+00   4.5317390e+00
   1.0000000e+00   2.7202822e+00   3.2626805e+00   3.1567889e+00   2.3421485e+00   3.1237255e+00   3.3067333e+00   2.7201873e+00   2.2426027e+00   2.9491972e+00   3.4376834e+00
   2.0000000e+00   3.5542324e+00   3.2761253e+00   1.3027813e+00   2.9777652e+00   1.9200733e+00   2.2599052e+00   3.5130865e+00   2.4968105e+00   3.9644514e+00   5.0780607e+00
   2.0000000e+00   3.3820440e+00   2.1606789e+00   3.6498772e+00   9.2540958e-01   3.1336773e+00   2.5048701e+00   2.0748466e+00   4.1134284e+00   3.6740205e+00   1.6306093e+00
   2.0000000e+00   3.1311412e+00   3.3412956e+00   2.2553616e+00   3.3672510e+00   2.5507556e+00   2.5176664e+00   2.4759089e+00   1.8699854e+00   1.9761742e+00   4.4181589e+00
   2.0000000e+00   2.2373651e+00   4.9262336e+00   3.7187348e+00   2.6951611e+00   2.3042795e+00   3.5483299e+00   3.8362984e+00   2.1334554e+00   2.3182300e+00   3.8438023e+00
   2.0000000e+00   3.2524118e+00   1.4923773e+00   2.6110731e+00   2.9743724e+00   2.3204542e+00   2.2270192e+00   2.8468554e+00   2.4558639e+00   2.1262545e+00   4.7008271e+00
   2.0000000e+00   1.7388082e+00   2.9015108e+00   3.0306950e+00   2.5290160e+00   1.8151790e+00   2.5355976e+00   4.1171141e+00   3.8337822e+00   3.7193543e+00   4.6555821e+00
   2.0000000e+00   2.0134691e+00   3.2716196e+00   2.5518495e+00   9.4780974e-01   2.1741013e+00   4.4120922e-01   3.6010637e+00   4.2891568e+00   3.0730273e+00   4.7652547e+00
   2.0000000e+00   4.2955699e+00   5.0144519e+00   1.8100317e+00   4.2575740e+00   2.5434815e+00   4.2285314e+00   1.2359059e+00   2.6743237e+00   3.1829845e+00   3.2696612e+00
   2.0000000e+00   3.6281781e+00   4.8244869e+00   2.5966404e+00   3.5151220e+00   2.6325008e+00   2.9840470e+00   2.1216456e+00   3.7264452e+00   2.9787263e+00   3.5882851e+00
   2.0000000e+00   2.7927458e+00   4.0654697e+00   5.2880034e+00   3.2299933e+00   2.3760165e+00   3.7016621e+00   1.9982042e+00   3.9008241e+00   4.3953135e+00   2.2908654e+00
   2.0000000e+00   3.1018640e+00   2.8880513e+00   5.0130109e+00   2.5581158e+00   3.2184195e+00   3.5551032e+00   2.5862638e+00   2.6057459e+00   9.2113334e-01   2.1116939e+00
   2.0000000e+00   3.6976375e+00   4.5684605e+00   3.4720662e+00   4.5208185e+00   3.1023143e+00   2.7173611e+00   3.1048838e+00   3.6324358e+00   3.6033965e+00   3.1031671e+00
   2.0000000e+00   1.1023468e+00   2.2515483e+00   1.9916575e+00   4.2262451e+00   3.9735193e+00   3.9109122e+00   2.8978713e+00   4.2958172e+00   4.8486129e+00   1.9595371e+00
   2.0000000e+00   3.3770718e+00   2.1575888e+00   3.1174344e+00   2.6686976e+00   2.6103413e+00   3.9743676e+00   6.4371153e-01   2.3017503e+00   4.2385771e+00   3.6601664e+00
   2.0000000e+00   3.8039473e+00   2.5078549e+00   4.7283360e+00   4.7727139e+00   3.9946944e+00   3.7583103e+00   3.2879159e+00   2.2784679e+00   5.1352995e+00   6.8873343e-01
   2.0000000e+00   3.1616745e+00   2.1292557e+00   2.6870111e+00   3.6246532e+00   1.5139856e+00   1.5627665e+00   2.8719909e+00   3.1890304e+00   3.6298829e+00   2.9294387e+00
   2.0000000e+00   4.8152349e+00   1.6121755e+00   1.3482804e+00   3.4194649e+00   3.9118420e+00   3.2097397e+00   3.1526253e+00   3.3115172e+00   2.5238993e+00   1.7983847e+00
   2.0000000e+00   2.6010643e+00   1.3780523e+00   3.6953963e+00   2.4126950e+00   2.2791475e+00   3.3453315e+00   2.7133156e+00   4.1637823e+00   3.7749135e+00   4.5934419e+00
   2.0000000e+00   3.0145773e+00   2.0821684e+00   1.6246314e+00   3.1226176e+00   2.6439252e+00   2.1301111e+00   2.5171739e+00   1.8583172e+00   4.5031190e+00   3.7752084e+00
   2.0000000e+00   2.1256783e+00   4.3032954e+00   2.7941291e+00   4.2614154e+00   2.5016219e+00   3.5617821e+00   3.0534905e+00   5.7925527e+00   2.6471107e+00   4.2627471e+00
   1.0000000e+00   2.7493641e+00   3.3663537e+00   3.0481040e+00   3.1706286e+00   2.5089367e+00   2.8951242e+00   2.5892565e+00   2.8119138e+00   3.3096657e+00   3.2406723e+00
   2.0000000e+00   3.3437815e+00   3.6669183e+00   3.2513496e+00   2.1580861e+00   2.9828451e+00   2.5217671e+00   2.7002136e+00   2.7091796e+00   2.4368445e+00   1.8772151e+00
   2.0000000e+00   4.8223683e+00   3.3525648e+00   2.5147646e+00   1.4093365e+00   3.2492597e+00   2.3867742e+00   3.7999851e+00   1.6734883e+00   2.5259086e+00   2.0385197e+00
   2.0000000e+00   1.7304645e+00   2.0747198e+00   2.2970276e+00   3.7217824e+00   2.2620474e+00   4.3278675e+00   2.3271559e+00   2.0134353e+00   2.5568419e+00   2.9708005e+00
   2.0000000e+00   4.0072562e+00   1.6614725e+00   2.5404074e+00   2.0164581e+00   2.7682468e+00   1.4760010e+00   1.9540372e+00   2.3363888e+00   2.4471772e+00   1.5632989e+00
   1.0000000e+00   2.4514259e+00   3.4113157e+00   1.4436977e+00   3.5874735e+00   2.6870628e+00   3.5548021e+00   4.3070343e+00   3.5256095e+00   3.6977681e+00   3.0421800e+00
   1.0000000e+00   4.2471292e+00   3.6139072e+00   5.4612870e+00   3.5711666e+00   3.7837431e+00   3.8135089e+00   5.1766674e+00   3.1520969e+00   1.6769339e+00   3.1095962e+00
   2.0000000e+00   3.1450530e+00   3.1689753e+00   9.3047020e-01   2.5769117e+00   4.3266358e+00   2.9548613e+00   1.1762126e+00   2.5526560e+00   4.0152614e+00   2.0805054e+00
   1.0000000e+00   2.9571338e+00   2.4532271e+00   3.0814596e+00   3.7173236e+00   2.2804786e+00   2.6114835e+00   3.6437696e+00   2.9751092e+00   3.7039502e+00   3.7920629e+00
   2.0000000e+00   3.0241329e+00   4.6995875e+00   2.9124841e+00   2.8317674e+00   3.0279426e+00   3.4680716e+00   2.3054535e+00   4.4653660e+00   3.3019399e+00   3.0463134e+00
   2.0000000e+00   6.5664867e-01   3.2899368e+00   2.3135275e+00   3.2264837e+00   4.6387922e+00   3.6554928e+00   2.7403508e+00   4.4586313e+00   2.8127844e+00   2.4670668e+00
   1.0000000e+00   2.9299614e+00   2.6531935e+00   2.1543575e+00   2.0133334e+00   2.6297602e+00   3.5155391e+00   4.6864758e+00   2.8776822e+00   2.9535489e+00   3.3916415e+00
   2.0000000e+00   2.6736898e+00   3.7353614e+00   2.4464916e+00   3.9260598e-01   4.3968670e+00   2.0304980e+00   3.9538562e+00   2.1589931e+00   4.3043594e+00   2.8821127e+00
   1.0000000e+00   2.8047663e+00   3.0497076e+00   3.3312098e+00   3.2347035e+00   1.8240711e+00   4.0024107e+00   2.8441056e+00   2.5036755e+00   4.0347888e+00   3.0069296e+00
   2.0000000e+00   3.4739272e+00   1.2365786e+00   2.8141563e+00   3.6725678e+00   2.0170006e+00   1.6349820e+00   2.5751363e+00   4.1356288e+00   2.0610035e+00   2.6773297e+00
   2.0000000e+00   2.5568832e+00   1.9235045e+00   3.8132632e+00   4.3416418e+00   2.8440154e+00   3.1914565e+00   4.0588983e+00   3.4360141e+00   2.4447778e+00   3.9600376e+00
   2.0000000e+00   3.2091044e+00   3.6356332e+00   1.0268794e+00   2.2460329e+00   3.0084172e+00   2.9725960e+00   3.5154914e+00   3.1471286e+00   3.2199387e+00   2.7607635e+00
   2.0000000e+00   2.6567598e+00   1.5394549e+00   4.9087825e+00   4.2961571e+00   3.0238962e+00   2.4205081e+00   2.9879036e+00   3.0407587e+00   4.5201440e+00   1.7262925e+00
   1.0000000e+00   4.7285896e+00   2.7218908e+00   4.0196645e+00   2.4283714e+00   3.4434484e+00   9.0427906e-01   4.3322136e+00   2.9779764e+00   3.0050627e+00   3.4813052e+00
   2.0000000e+00   1.4284200e+00   3.0858779e+00   2.3237450e+00   3.3484536e+00   1.2127824e+00   1.8817563e+00   2.2361018e+00   3.1505836e+00   3.2620902e+00   1.9322643e+00
   2.0000000e+00   3.1059786e+00   4.7807699e+00   4.0086519e+00   1.6317285e+00   3.3323109e+00   4.7777019e+00   4.9061746e+00   2.2591004e+00   1.3422437e+00   1.1219241e+00
   2.0000000e+00   1.8132962e+00   4.0783774e+00   2.6220945e+00   4.2356050e+00   3.7340862e+00   3.4659468e+00   4.9844515e+00   4.3640897e+00   2.1665008e+00   2.6170715e+00
   2.0000000e+00   3.4592485e+00   2.8343336e+00   3.5392673e+00   3.5819369e+00   1.2994301e+00   4.3090252e+00   3.4833114e+00   4.9942262e+00   5.6752197e-01   4.5356102e+00
   2.0000000e+00   3.2272171e+00   3.2842239e+00   2.1741737e+00   1.7200805e+00   4.3068483e+00   4.1593446e+00   1.9206623e+00   3.6321732e+00   2.0752486e+00   2.1573850e+00
   2.0000000e+00   2.9296001e+00   3.8508418e+00   2.3485939e+00   3.7640204e+00   2.5134094e+00   4.7957897e+00   2.9646742e+00   3.6719022e+00   4.3824163e+00   4.2280322e+00
   1.0000000e+00   3.8389987e+00   2.6855170e+00   2.3096403e+00   3.9195397e+00   3.1965109e+00   1.8228707e+00   3.1828301e+00   3.9990362e+00   1.7630885e+00   3.4963803e+00
   2.0000000e+00   3.6136345e+00   4.5621831e+00   2.8300463e+00   2.7126683e+00   3.8483896e+00   3.9221820e+00   3.5326750e+00   1.9177302e+00   1.9429340e+00   2.9311593e+00
   1.0000000e+00   4.1576145e+00   3.5458958e+00   3.7160263e+00   1.9551560e+00   4.1761064e+00   1.9376639e+00   2.8074999e+00   9.8021305e-01   4.4985315e+00   3.7133379e+00
   2.0000000e+00   1.7338743e+00   2.0966124e+00   3.7813312e+00   3.6229843e+00   3.5324854e+00   3.5179349e+00   3.2012101e+00   2.0388182e+00   2.6071045e+00   3.4933439e+00
   2.0000000e+00   2.7525697e+00   4.0108126e+00   2.0540924e+00   2.5454541e+00   3.2938801e+00   2.0301077e+00   4.8322470e+00   5.2541872e+00   6.3133229e-01   2.5582059e+00
   2.0000000e+00   4.0064879e+00   5.2441449e+00   3.0725964e+00   3.0044580e+00   4.0918255e+00   3.9011216e+00   1.6827915e+00   1.9265818e+00   2.3581556e+00   1.8930628e+00
   2.0000000e+00   3.1677795e+00   1.9027305e+00   4.2494487e+00   3.7846076e+00   2.2646652e+00   1.0917490e+00   2.8765567e+00   4.6091228e+00   2.0985918e+00   3.2702413e+00
   2.0000000e+00   2.1343226e+00   3.3156497e+00   3.3950894e+00   1.5808620e+00   3.1939644e+00   2.4323601e+00   2.9908352e+00   2.6375778e+00   1.9081876e+00   4.9538347e+00
   1.0000000e+00   1.6805464e+00   3.5126657e+00   4.1561206e+00   2.6237003e+00   1.4423942e+00   4.6278928e+00   1.2729773e+00   4.5460292e+00   3.0556133e+00   3.5705814e+00
   1.0000000e+00   3.4978807e+00   3.0366880e+00   3.5165241e+00   4.5568960e+00   1.6413477e+00   2.9891057e+00   3.3477701e+00   3.7605346e+00   2.2236535e+00   3.3160409e+00
   2.0000000e+00   2.1749719e+00   4.1379506e+00   2.9231148e+00   4.8400917e+00   9.4726090e-01   7.7989929e-01   1.7567186e+00   3.4845192e+00   3.5662885e+00   2.9565170e+00
   2.0000000e+00   2.3768288e+00   1.7524915e+00   1.8211142e+00   2.5450634e+00   2.5953850e+00   3.2694078e+00   3.7017523e+00   4.8818497e+00   3.0106001e+00   4.3183771e+00
   2.0000000e+00   2.9641158e-01   1.9740976e+00   4.5441192e+00   3.4092533e+00   2.5081746e+00   1.6615649e+00   3.0133418e+00   3.5678289e+00   2.3134914e+00   2.9460750e+00
   1.0000000e+00   1.4225567e+00   3.5647258e+00   2.3288283e+00   8.8388772e-01   2.9036735e+00   4.3956528e+00   1.6842426e+00   4.8537373e+00   3.4625864e+00   3.0324826e+00
   1.0000000e+00   4.4243109e+00   2.1239276e+00   3.4575713e+00   3.3923049e+00   2.2335313e+00   3.8557854e+00   5.7309159e+00   2.5994343e+00   3.2470289e+00   3.2147139e+00
   1.0000000e+00   3.2435319e+00   3.4347807e+00   2.5073563e+00   3.9928790e+00   3.0305013e+00   2.5577402e+00   2.5225874e+00   4.1929030e+00   1.4548410e+00   3.7323894e+00
   2.0000000e+00   2.3419039e+00   2.8952791e+00   3.5454657e+00   2.5638140e+00   2.9469217e+00   1.4214838e+00   2.5599727e+00   2.3025223e+00   2.9853554e+00   1.9538342e+00
   2.0000000e+00   5.6834418e+00   1.8772987e+00   1.4787838e+00   3.6022655e+00   2.3017807e+00   6.4909058e-01   1.7255276e+00   6.0432643e+00   2.2298903e+00   3.5662522e+00
   2.0000000e+00   1.8542303e+00   2.0812631e+00   3.4455106e+00   4.2104353e+00   4.0792851e+00   4.1330670e+00   1.9784019e+00   4.1759506e+00   4.4832532e+00   2.4094720e+00
   2.0000000e+00   2.3606591e+00   1.8518884e+00   2.5566685e+00   2.4714602e+00   2.6303596e+00   2.9614364e+00   1.9761772e+00   1.9400305e+00   2.2493364e+00   3.7331237e+00
   2.0000000e+00   4.0614118e+00   4.1498468e+00   1.9607263e+00   4.5884370e+00   1.4365492e+00   5.0310357e+00   4.0982533e+00   2.6257516e+00   3.3833535e+00   2.8023942e+00
   2.0000000e+00   3.5193246e+00   1.6012391e+00   3.1801158e+00   3.0240442e+00   2.6392277e+00   3.4978351e+00   3.6632851e+00   5.0249551e+00   4.4802852e+00   3.0336157e+00
   2.0000000e+00   2.7121957e+00   1.9160089e+00   2.4657152e+00   3.2857935e+00   4.9242475e+00   1.8063309e+00   3.1595870e+00   1.3818106e+00   3.2578736e+00   3.1172461e+00
   2.0000000e+00   3.0491170e+00   3.3115744e+00   3.5734725e+00   1.6659214e+00   2.3946214e+00   7.6531514e-01   3.4005604e+00   3.3116979e+00   1.9330733e+00   2.6014535e+00
   2.0000000e+00   4.5633050e+00   3.3202695e+00   2.6116953e+00   2.6441650e+00   3.6522591e+00   3.1664562e+00   3.2688391e+00   2.3114190e+00   3.1956004e+00   1.1200284e+00
