   2.0000000e+00   2.5473799e+00   3.9778228e+00   3.7889224e+00   2.4783090e+00   2.6088614e+00   3.2103224e+00   2.5707108e+00   2.4606520e+00   3.0757123e+00   3.3261463e+00
   2.0000000e+00   2.3639370e+00   1.6224924e+00   2.2227768e+00   3.8110102e+00   1.5849050e+00   2.1607175e+00   7.4740468e-01   5.1301220e+00   3.2883772e+00   2.9693467e+00
   2.0000000e+00   3.2270393e+00   4.3461336e+00   3.0953476e+00   7.1824932e-01   3.0226383e+00   1.5881536e+00   4.0707417e+00   3.4931349e+00   3.1466072e+00   3.8446642e+00
   2.0000000e+00   4.2356070e+00   1.9941222e+00   4.8182740e+00   2.2982670e+00   3.8680855e+00   2.9478472e+00   4.3114145e+00   2.9940086e+00   3.5420137e+00   2.7298085e+00
   2.0000000e+00   3.0918327e+00   2.6351895e+00  -2.0870400e-02   1.8402005e+00   2.8350467e+00   3.6313684e+00   1.7073674e+00   3.0032252e+00   3.6931168e+00   3.6328053e+00
   2.0000000e+00   2.0304722e+00   3.8985676e+00   3.2714256e+00   2.3300945e+00   2.7327496e+00   3.3345517e+00   2.6801524e+00   3.2264664e+00   4.0534362e+00   2.9263169e+00
   1.0000000e+00   5.0720128e+00   4.8363580e+00   3.3190961e+00   3.8466326e+00   3.5718754e+00   3.2928931e+00   3.0828841e+00   3.5817135e+00   2.8389004e+00   3.9228420e+00
   2.0000000e+00   2.8017639e-01   3.7686948e+00   2.0555160e+00   3.8242841e+00   2.9683266e+00   3.1431667e+00   2.5753122e+00   4.2708497e+00   1.9301876e+00   1.9823390e+00
   2.0000000e+00   2.9281924e+00   2.9593132e+00   4.4262267e+00   3.4479288e+00   3.2143684e+00   3.4456032e+00   4.9184128e+00   3.3871453e+00   5.1635935e+00   2.3895617e+00
   2.0000000e+00   3.4044805e+00   4.3260952e+00   1.4884813e+00   3.5083184e+00   1.5114354e+00   1.1865580e+00   2.8327306e+00   3.6437957e+00   3.8326268e+00   2.9152917e+00
   1.0000000e+00   2.0724690e+00   2.5568907e+00   3.9460062e+00   5.0494748e+00   3.6615492e+00   2.5818529e+00   3.7340304e+00   4.5635680e+00   1.7276093e+00   2.5910832e+00
   2.0000000e+00   2.8004861e+00   3.2601805e+00   3.7156221e+00   1.4957299e+00   3.0495613e+00   2.9506003e+00   1.9053108e+00   1.2913777e+00   2.3112968e+00   3.2277634e+00
   1.0000000e+00   4.9373310e+00   2.2134811e+00   2.0528541e+00   2.7622883e+00   3.7481930e+00   1.8065149e+00   3.4831959e+00   2.9227209e+00   3.0915914e+00   2.5150731e+00
   2.0000000e+00   7.7558262e-01   2.5975775e+00   3.9517600e+00   3.3607965e+00   2.5583455e+00   3.4954227e+00   3.0738567e+00   3.4693096e+00   1.6394269e+00   3.1785269e+00
   2.0000000e+00   2.3602784e+00   2.1131954e+00   2.9753897e+00   2.6675954e+00   3.6189773e+00   5.4457381e+00   3.9753949e+00   3.3257953e+00   4.2619024e+00   4.0339835e+00
   2.0000000e+00   2.3279697e+00   2.1338014e+00   1.1184836e+00   3.3789514e+00   2.4597727e+00   1.2976733e+00   3.7052599e+00   3.6391790e+00   3.8477780e+00   2.9642824e+00
   2.0000000e+00   3.9177545e+00   3.3644460e+00   1.6894051e+00   8.0905066e-01   2.9682633e+00   2.1691799e+00   4.3419033e+00   3.8213606e+00   3.3338724e+00   2.4307286e+00
   2.0000000e+00   4.5477098e+00   3.8615571e+00   2.4399881e+00   5.1123162e+00   1.3007047e+00   2.8048342e+00   2.5755749e+00   3.3080096e+00   2.6327548e+00   2.4675550e+00
   1.0000000e+00   4.7149223e+00   3.9585599e+00   1.1218389e+00   5.8287467e+00   3.6599697e+00   2.3002195e+00   3.7099129e+00   5.1725376e+00   3.0241843e+00   3.0358776e+00
   2.0000000e+00   1.8325620e+00   4.3968455e+00   1.5349593e+00   3.5510172e+00   2.2590192e+00   3.4566617e+00   2.2902212e+00   3.4261424e+00   2.2225649e+00   2.9659981e+00
   2.0000000e+00   3.0705362e+00   2.8947000e+00   2.9114567e+00   2.1478261e+00   2.6594933e+00   2.2995146e+00   2.3116122e+00   1.9437930e+00   3.7172972e+00   2.2993192e+00
   2.0000000e+00   3.3304618e+00   2.4784924e+00   2.9138299e+00   2.5391828e+00   2.1144494e+00   3.6972715e+00   2.8195455e+00   1.8498625e+00   3.0398084e+00   1.7064544e+00
   2.0000000e+00   2.1605313e+00   1.7202926e+00   2.7078454e+00   3.5586057e+00   2.2880703e+00   2.5934601e+00   3.9816374e+00   2.9530509e+00   2.3250194e+00   3.8089547e+00
   2.0000000e+00   2.7700342e+00   4.1362026e+00   4.4905947e+00   3.5938541e+00   1.0371726e+00   3.4879781e+00   4.4589328e+00   4.7749106e+00   2.5001167e+00   3.0798859e+00
   2.0000000e+00   2.1205118e+00   4.6718039e+00   3.1737101e+00   2.7956015e+00   1.3728898e+00   1.7737537e+00   2.0740356e+00   3.0562118e+00   3.2898747e+00   2.9711971e+00
   2.0000000e+00   3.7299187e+00   3.9872490e+00   4.1272719e+00   2.9235239e+00   2.0232649e+00   3.8946843e+00   3.1712021e+00   1.1876363e+00   3.9278987e+00   2.3510152e+00
   2.0000000e+00   1.7655211e+00   2.8514019e+00   2.6274064e+00   3.1454818e+00   2.4721675e+00   8.6667375e-01   2.1793636e+00   2.4732337e+00   3.4888183e+00   2.3397736e+00
   2.0000000e+00   3.6085858e+00   4.1925362e+00   1.6834462e+00   3.5031766e+00   1.3642435e+00   4.1529498e+00   4.7491921e+00   5.4161681e+00   2.8807283e+00   3.6041606e+00
   2.0000000e+00   2.4033698e+00   1.6625168e-01   3.1074005e+00   2.2258090e+00   2.9335574e+00   3.1238157e+00   2.3318988e+00   2.6833936e+00   2.1235453e+00   2.3162947e+00
   2.0000000e+00   2.3632530e+00   1.8379191e+00   8.2161193e-01   2.6397066e+00   2.7686265e+00   8.6834901e-01   2.3418767e+00   2.5612723e+00   3.1500744e+00   4.8493967e+00
   2.0000000e+00   3.7841540e+00   3.0028703e+00   3.6375583e-01   2.4745826e+00   2.2632100e+00   3.9317514e+00   5.0537558e+00   3.9456901e+00   3.5418948e+00   3.2667158e+00
   2.0000000e+00   3.1099832e+00   3.3862220e+00   1.9298251e+00   4.0663840e+00   2.1223022e+00   3.0123646e-01   3.9321388e+00   4.5954550e+00   3.9671515e+00   4.3628537e+00
   2.0000000e+00   3.0487554e+00   1.3604635e+00   3.2294058e+00   2.6919296e+00   4.2482700e+00   4.1785913e+00   5.5563580e+00   2.2243473e+00   3.1352366e+00   3.0057289e+00
   2.0000000e+00   2.9276663e+00   2.1516149e+00   3.7599348e+00   3.9475255e+00   2.0564513e+00   3.9816495e+00   4.3947749e+00   3.2929331e+00   1.1424704e+00   3.4292760e+00
   2.0000000e+00   3.5583687e+00   4.1958479e+00   3.4101752e+00   3.4089461e+00   3.7740379e+00   2.6030012e+00   3.7233356e+00   9.0101117e-01   3.0308142e+00   1.3927110e+00
   1.0000000e+00   2.7286110e+00   2.2321313e+00   3.9758749e+00   1.5346510e+00   3.0950339e+00   2.0202417e+00   2.5831598e+00   3.4839438e+00   3.0206684e+00   3.5076882e+00
   2.0000000e+00   3.8201745e+00   3.1840978e+00   2.1998111e+00   2.3770600e+00   4.6419744e+00   5.3558088e+00   1.5284924e+00   2.4030977e+00   1.4588555e+00   1.1045161e+00
   2.0000000e+00   2.2071085e+00   3.2459425e+00   2.6733255e+00   2.3680010e+00   2.3321959e+00   2.3328445e+00   2.4325542e+00   4.8410540e+00   3.7105936e+00   3.4682823e+00
   1.0000000e+00   1.5395284e+00   2.9555705e+00   2.8668966e+00   4.2150584e+00   3.0903898e+00   3.4962702e+00   2.1234959e+00   2.1598019e+00   4.3820409e+00   3.0406457e+00
   2.0000000e+00   5.2861435e+00   3.5974973e+00   3.2868748e+00   1.9931231e+00   3.1775713e+00   2.8271490e+00   4.1675910e+00   2.6453508e+00   1.8946633e+00   2.7080445e+00
   2.0000000e+00   3.0218398e+00   4.2702812e+00   2.1217833e+00   9.0660593e-01   6.0710923e-01   2.3672953e+00   1.4685022e+00   3.1553377e+00   2.7108810e+00   2.5918406e+00
   2.0000000e+00   5.3558677e+00   3.2732007e+00   3.3626046e+00   3.1804173e+00   3.2151503e+00  -2.9074482e-01   1.1259576e+00   2.8978733e+00   2.2674215e+00   2.5550453e+00
   2.0000000e+00   2.6552324e+00   8.0466389e-01   3.2125935e+00   1.8735123e+00   4.8110080e+00   2.2710496e+00   2.0630438e+00   2.3589082e+00   3.1188230e+00   2.4116157e+00
   2.0000000e+00   3.3461168e+00   2.9224223e+00   2.1556315e+00   3.2133081e+00   3.2969707e+00   2.6253585e+00   3.8675011e-01   3.9512253e+00   2.7639610e+00   2.7847892e+00
   1.0000000e+00   1.2328092e+00   1.8424061e+00   2.4479862e+00   1.9008987e+00   3.1567038e+00   2.7555181e+00   2.8587002e+00   1.9614851e+00   4.2061078e+00   2.1553007e+00
   2.0000000e+00   3.4476850e+00   3.1675238e+00   4.9255395e+00   2.2230863e+00   4.5771070e+00   1.3084279e+00   3.2585592e+00   3.3551198e+00   2.8630355e+00   2.0052794e+00
   2.0000000e+00   4.1135799e+00   2.4889931e+00   2.6656384e+00   2.9046465e+00   4.0041921e+00   2.7730089e+00   2.3027356e+00   4.8730306e+00   2.5497223e+00   4.2373491e+00
   2.0000000e+00   2.0078655e+00   3.1695231e+00   2.7507621e+00   2.4981655e+00   1.2585349e+00   3.9053506e+00   2.8802477e+00   2.6503319e+00   3.7699935e+00   2.7834490e-01
   1.0000000e+00   2.4111457e+00   1.6603297e+00   3.0712501e+00   2.0432039e+00   3.7646112e+00   4.0100105e+00   3.2131751e+00   1.7883227e+00   2.6866053e+00   3.2422060e+00
   2.0000000e+00   2.3500674e+00   4.3303418e+00   3.3785995e+00   3.2737630e+00   1.3931186e+00   2.6560605e+00   4.1360967e+00   3.0121593e+00   3.0977751e+00   3.0321993e+00
   2.0000000e+00   1.7240782e+00   2.1711138e+00   2.4752615e+00   3.3750205e+00   4.8776944e+00   4.7523617e+00   3.7358641e+00   9.5259359e-01   1.1153102e+00   3.3215512e+00
   2.0000000e+00   1.2861745e+00   4.1469644e+00   3.4072229e+00   2.1875694e+00   2.9234550e+00   3.2677206e+00   3.7720142e+00   2.2542156e+00   3.8652505e+00   4.2829907e+00
   2.0000000e+00   2.5810831e+00   3.6903528e+00   3.6788181e+00   3.5336011e+00   2.6223123e+00   3.5480753e+00   2.7338012e+00   1.8379944e+00   1.7743383e+00   3.4523176e+00
   1.0000000e+00   1.7244379e+00   3.1584024e+00   3.9425174e+00   2.7941955e+00   3.7940332e+00   3.9292727e+00   3.2269994e+00   4.7376758e+00   2.7042096e+00   1.4688250e+00
   2.0000000e+00   4.6148562e+00   3.1826441e+00   4.2896811e+00   3.3858961e+00   1.7698566e+00   1.2242028e+00   2.4083542e+00   2.9159352e+00   1.6802091e+00   2.6497226e+00
   2.0000000e+00   1.3120917e+00   2.4346629e+00   2.6712319e+00   2.6906911e+00   2.5560415e+00   1.7574709e+00   2.4176290e+00   2.3247450e+00   4.7504032e+00   2.6409007e+00
   2.0000000e+00   4.3750485e+00   3.8384289e+00   1.9891644e+00   2.8070019e+00   3.4775394e+00   3.7491665e+00   1.9766050e+00   4.1246998e+00   2.8248566e+00   2.8112577e+00
   1.0000000e+00   1.6531072e+00   1.1264063e+00   2.1125357e+00   3.4792933e+00   3.1691744e+00   2.7057558e+00   2.4203063e+00   3.5744425e+00   2.0391102e+00   4.0706638e+00
   1.0000000e+00   1.6306111e+00   1.3676312e+00   2.5397677e+00   2.9935150e+00   3.0724332e+00   3.3676379e+00   2.8739677e+00   1.9401449e+00   3.9941609e+00   3.7291070e+00
   1.0000000e+00   1.6932045e+00   1.7300640e+00   3.9142136e+00   3.1880845e+00   3.6770285e+00   4.8826670e+00   2.4714896e+00   2.0786468e+00   3.4162675e+00   2.8032442e+00
   2.0000000e+00   2.6137657e+00   3.6192430e+00   3.5768305e+00   3.3585920e+00   1.8493674e+00   1.6661335e+00   7.0361364e-01   2.6025349e+00   2.3193358e+00   2.3886072e+00
   2.0000000e+00   2.3915824e+00   3.8359613e+00   5.3546845e+00   2.6087296e+00   2.9365156e+00   2.6958669e+00   3.4785996e+00   2.7822076e+00   4.5902924e+00   3.7805216e+00
   2.0000000e+00   3.1000915e+00   3.2843823e+00   2.9672329e+00   3.4978999e+00   2.8612040e+00   2.6730390e+00   2.6887242e+00   4.0408653e+00   1.4228404e+00   3.5168956e+00
   2.0000000e+00   2.9814244e+00   2.8859341e+00   1.0577729e+00   5.2711631e+00   2.3730864e+00   3.5916995e+00   4.8994904e+00   3.0731800e+00   3.8958309e+00   4.5839390e+00
   2.0000000e+00   1.9346646e+00   2.5325155e+00   1.5608229e+00   2.3559622e+00   3.6771197e+00   1.2057047e+00   4.9409512e+00   2.1613022e+00   3.1067017e+00   3.6182518e+00
   2.0000000e+00   4.1605348e+00   2.9969727e+00   1.4047770e+00   1.0061508e+00   2.2784767e+00   3.0222516e+00   5.0103309e+00   3.6314861e+00   2.7765251e+00   2.2010247e+00
   2.0000000e+00   2.6227135e+00   1.7309886e+00   1.5672738e+00   2.6987324e+00   3.7403376e+00   3.7278748e+00   2.0168829e+00   1.1488058e+00   2.6414065e+00   4.0539296e+00
   2.0000000e+00   2.5719609e+00   3.2373700e+00   2.4662269e+00   2.1799224e+00   2.7215843e+00   2.7222190e+00   2.2717299e+00   2.2541053e+00   3.7334692e+00   3.0841289e+00
   2.0000000e+00   3.9950741e+00   1.9955724e+00   1.5093691e+00   2.9643570e+00   5.9352009e+00   2.2125277e+00   3.0838644e+00   2.7259200e+00   4.4533876e+00   2.7357334e+00
   2.0000000e+00   2.1810782e+00   3.4363139e+00   1.0530399e+00   3.2344294e+00   2.4881039e+00   5.5397852e+00   6.1893181e+00   1.8916883e+00   3.4783084e+00   5.2805689e+00
   1.0000000e+00   2.7545832e+00   5.5462764e+00   3.0832779e+00   1.8024596e+00   3.7448321e+00   3.5904904e+00   3.6089858e+00   3.0269746e+00   2.6434854e+00   1.7467631e+00
   1.0000000e+00   3.2623356e+00   2.0654803e+00   3.6954990e+00   2.1969368e+00   3.4446982e+00   4.2828314e+00   3.1091928e+00   3.1163080e+00   3.9617840e+00   4.4929904e+00
   2.0000000e+00   3.8195886e+00   2.9068106e+00   3.4987811e+00   1.4025333e+00   4.6867453e+00   2.8274427e+00   3.4490216e+00   4.2644936e+00   2.6771920e+00   3.3365342e+00
   2.0000000e+00   3.3441488e+00   3.3359877e+00   2.2834250e+00   3.2560910e+00   4.6155961e+00   3.0528558e+00   2.9491619e+00   2.6197706e+00   3.4582308e+00   3.0171004e+00
   2.0000000e+00   3.0778913e+00   3.8814136e+00   3.0068422e+00   3.5890678e+00   2.1023994e+00   3.3594099e+00   4.0687854e+00   2.1196112e+00   2.6507340e+00   2.4499014e+00
   1.0000000e+00   3.5500637e+00   2.1600652e+00   4.9025412e+00   2.6050206e+00   3.1446776e+00   1.6697133e+00   3.0038920e+00   3.6992770e+00   3.0955485e+00   3.6196791e+00
   2.0000000e+00   2.8791257e+00   1.1927973e+00   3.6655660e+00   3.9263226e+00   5.0034855e+00   3.9657509e+00   2.8099170e+00   2.9506114e+00   4.2831969e+00   2.0783990e+00
   1.0000000e+00   3.0071691e+00   2.8178749e+00   2.9061971e+00   2.8082907e+00   3.2688790e+00   2.6439494e+00   2.8763642e+00   3.9134383e+00   3.1409753e+00   2.8067527e+00
   2.0000000e+00   2.2680796e+00   1.1309574e+00   3.6517848e+00   1.9388194e+00   1.4597753e+00   4.7863018e+00   3.9813340e+00   2.4344544e+00   4.9032241e+00   3.3584829e+00
   1.0000000e+00   2.0285771e+00   2.8386563e+00   2.7376736e+00   3.0889339e+00   3.0940679e+00   3.1005976e+00   2.8360534e+00   1.3259256e+00   3.6240810e+00   3.4820668e+00
   2.0000000e+00   2.6430161e+00   2.4425067e+00   2.9779445e+00   1.4173922e+00   4.9568546e+00   4.1712087e+00   2.8111013e+00   4.3412725e+00   2.8650986e+00   2.8082727e+00
   2.0000000e+00   2.8535306e+00   3.7792451e+00   3.9709944e+00   4.5304066e+00   2.7753984e+00   4.2168624e+00   3.9878922e+00   1.2677409e+00   2.7618318e+00   2.6204183e+00
   2.0000000e+00   5.3680070e+00   2.3290465e+00   3.3773174e+00   3.2083170e+00   1.0634024e+00   2.8074128e+00   2.8201714e+00   2.9871953e+00   2.9350331e+00   1.9805214e+00
   2.0000000e+00   2.0972867e+00   2.6280341e+00   3.0429916e+00   2.7998283e+00   3.9945892e+00   3.0809707e+00   3.7810127e+00   5.3725075e-01   2.0036288e+00   2.3743802e+00
   2.0000000e+00   2.6641533e+00   3.4033504e+00   2.2197451e+00   2.9593094e+00   2.9311681e+00   2.3611228e+00   3.8194955e+00   2.9919656e+00   1.5769855e+00   3.3274933e+00
   1.0000000e+00   1.8462546e+00   2.8997878e+00   2.3880790e+00   6.7840518e-01   3.6579546e+00   1.7822648e+00   3.2045845e+00   3.3285559e+00   5.3916225e+00   3.9593589e+00
   2.0000000e+00   3.4695657e+00   3.0373858e+00   2.8034799e+00   2.8322252e+00   1.1343530e+00   2.8852256e+00   3.0492132e+00   1.5320193e+00   4.2626555e+00   2.9294570e+00
   2.0000000e+00   3.0976841e+00   2.1676338e+00   2.3133184e+00   4.2432247e+00   2.3660892e+00   1.1595342e+00   2.9611282e+00   2.7307156e+00   3.0128509e+00   2.4101514e+00
   2.0000000e+00   2.5165969e+00   1.0236838e+00   1.2661303e+00   2.7242177e+00   2.1585426e+00   3.4871176e+00   2.4330627e+00   2.5690671e+00   1.1543497e+00   3.8840809e+00
   2.0000000e+00   2.2861396e+00   4.8105238e+00   2.6489468e+00   3.7644841e+00   2.5850638e+00   1.5622139e+00   4.4673162e+00   1.2193465e+00   3.9058655e+00   3.0834191e+00
   2.0000000e+00   3.8024319e+00   1.1848467e+00   5.6345859e+00   2.4397895e+00   1.5128755e+00   3.2412234e+00   3.9366039e+00   3.3325616e+00   2.1556270e+00   2.9828155e+00
   2.0000000e+00   2.4389393e+00   2.6078951e+00   3.8727935e+00   2.9040581e+00   1.1035445e+00   2.5672931e+00   3.0424847e+00   2.5725843e+00   2.0680674e+00   2.9635603e+00
   2.0000000e+00   2.0569520e+00   2.8455836e+00   2.5301040e+00   3.5203257e+00   2.0281100e+00   3.5847003e+00   4.9418765e+00   1.7968529e+00   2.1708499e+00   2.4256473e+00
   2.0000000e+00   1.8022479e+00   3.5955259e+00   2.6423180e+00   2.3903137e+00   5.1302493e+00   3.1052636e+00   4.4181716e+00   2.2800554e+00   4.4949490e+00   3.9462281e+00
   1.0000000e+00   4.0391767e+00   2.8746157e+00   1.1842097e+00   3.8280351e+00   3.1250448e+00   2.5180879e+00   2.7451836e+00   1.7102650e+00   2.6849416e+00   2.7756481e+00
   2.0000000e+00   2.1783455e+00   2.4055462e+00   3.9674048e+00   2.4887816e+00   2.7969354e+00   4.4502038e+00   1.4367736e+00   2.6105035e+00   2.2515372e+00   4.2101006e+00
   2.0000000e+00   3.6934512e+00   2.3977749e+00   3.3793587e+00   2.0127852e+00   4.6399667e+00   3.1400384e+00   2.2353447e+00   1.0016275e+00   3.8022114e+00   3.0287188e+00
   2.0000000e+00   3.3507776e+00   1.9354237e+00   3.8819205e+00   1.9582469e+00   3.7512808e+00   2.6911752e+00   1.6672530e+00   3.1265191e+00   2.8625427e+00   3.9227025e+00
   2.0000000e+00   2.6250081e+00   2.1826795e+00   4.9827513e+00   1.9430210e+00   5.1351437e+00   2.2710007e+00   2.4614962e+00   3.1788089e+00   3.6038101e+00   2.8451356e+00
   2.0000000e+00   4.0457174e+00   3.1382844e+00   3.3618858e+00   3.5054426e+00   2.3288326e+00   2.9547475e+00   3.4293794e+00   3.0767404e+00   2.4782912e+00   1.4322239e+00
