   2.0000000e+00   3.4401379e+00   2.2591851e+00   2.9593585e+00   4.2171409e+00   3.8620295e+00   2.2441718e-01   1.4540877e+00   4.2896045e+00   4.3121477e+00   1.2501816e+00
   2.0000000e+00   3.5250448e+00   4.5253950e+00   2.8803714e+00   3.1326646e+00   3.1745982e+00   1.4997509e+00   4.3320296e+00   3.2116859e+00   4.2601192e+00   1.7757591e+00
   2.0000000e+00   3.9688847e+00   2.1235958e+00   2.3809701e+00   2.1885851e+00   2.7157117e+00   3.5509072e+00   3.4263073e+00   3.3437247e+00   2.5931434e+00   4.0541835e+00
   2.0000000e+00   2.4682904e+00   4.1598614e+00   3.1224906e+00   3.8908573e+00   4.5267560e+00   3.1157037e+00   4.8252378e+00   4.3850683e+00   4.1256299e+00   5.2480720e+00
   2.0000000e+00   1.6075022e+00   1.7452794e+00   1.4220430e+00   2.8435853e+00   4.6250026e+00   3.5355806e+00   3.7187531e+00   3.2219587e+00   3.1506622e+00   2.1053985e+00
   2.0000000e+00   1.8538704e+00   1.1120972e+00   3.8744492e+00   3.0392196e+00   1.6129470e+00   3.2065086e+00   1.2928020e+00   3.4420679e+00   4.2934655e+00   3.6996113e+00
   2.0000000e+00   3.0110764e+00   2.4667288e+00   2.9077275e+00   3.4929259e+00   2.2576084e+00   5.0603510e+00   3.8704531e+00   3.1549543e+00   2.7019711e+00   2.5586621e+00
   2.0000000e+00   1.9063359e+00   3.3674957e+00   2.6493593e+00   1.9950929e+00   1.9774846e+00   1.1448169e+00   3.5300925e+00   3.2171043e+00   4.4027408e+00   2.4435629e+00
   2.0000000e+00   2.5549563e+00   2.9895750e+00   1.9362516e+00   1.0668433e+00   3.9732558e+00   3.4462200e+00   3.4547044e+00   4.2748200e+00   3.1152518e+00   3.6272166e+00
   2.0000000e+00   5.5383261e-01   2.4098712e+00   3.7838450e+00   2.2882702e+00   1.7845855e+00   2.5909463e+00   1.5641688e+00   1.9487811e+00   4.2400341e+00   2.6872400e+00
   2.0000000e+00   2.0447458e+00   4.2398452e+00   4.0513375e+00   1.8454825e+00   4.6839610e+00   2.3151707e+00   1.9425582e+00   1.8449195e+00   1.2481228e+00   3.9776054e+00
   1.0000000e+00   3.5332014e+00   2.8918980e+00   2.1553549e+00   1.5589015e+00   3.2156739e+00   3.4465147e+00   4.0662417e+00   2.1012949e+00   2.3796502e+00   1.5601406e+00
   2.0000000e+00   4.0811609e+00   1.5359776e+00   3.3334450e+00   2.1845564e+00   4.2491216e+00   3.5176193e+00   2.9214608e+00   5.8574969e+00   2.5111570e+00   4.6208489e+00
   2.0000000e+00   3.1071725e+00   2.9324598e+00   2.6868922e+00   4.5051885e+00   4.4645616e+00   2.9604281e+00   2.4783168e+00   2.9107749e+00   2.9536493e+00   3.2945698e+00
   2.0000000e+00   2.8002705e+00   4.3366474e+00   2.1469607e+00   1.4480150e+00   4.4302476e+00   3.4404875e+00   2.4545608e+00   2.9941719e+00   2.0907661e+00   2.2617604e+00
   2.0000000e+00   2.5037941e+00   3.2675540e+00   3.3463964e+00   1.5891358e+00   3.0494181e+00   4.1913911e+00   1.0897983e+00   1.3861190e+00   2.4022422e+00   3.9154481e+00
   2.0000000e+00   4.0916128e+00   2.7816192e+00   3.5821303e+00   1.8774906e+00   2.1561042e+00   1.5507250e+00   4.2909485e+00   3.9170582e+00   4.9775980e+00   2.7853896e+00
   2.0000000e+00   2.9883202e+00   2.0267419e+00   3.2573253e+00   2.7072034e+00   1.0976866e+00   3.6858042e+00   3.9843353e+00   2.5908965e+00   3.2426198e+00   1.9987240e+00
   2.0000000e+00   3.8403812e+00   2.1977791e+00   2.5142071e-01   2.3526322e+00   2.3971288e+00   4.1995156e+00   2.5426063e+00   2.6479707e+00   3.1529046e+00   2.1022402e+00
   2.0000000e+00   3.0486987e+00   3.2142627e+00   3.2527047e+00   3.1397831e+00   4.3675147e+00   2.2566936e+00   5.5124174e+00   2.8671898e+00   2.0716261e+00   4.8207873e+00
   2.0000000e+00   2.6475033e+00   4.7681219e+00   2.4880304e+00   2.8974370e+00   3.0928237e+00   1.6494615e+00   2.4545947e+00   3.1713860e+00   3.3401279e+00   2.7354821e+00
   2.0000000e+00   2.4172581e+00   1.3000800e+00   4.2742460e+00   2.6161267e+00   1.5796010e+00   1.9584465e+00   1.1747353e+00   2.9088532e+00   1.4791367e+00   1.7238444e+00
   2.0000000e+00   3.1828213e+00   1.3474806e+00   3.1069033e+00   4.9505265e+00   1.6898624e+00   3.0750883e+00   9.4079197e-01   3.5251860e+00   2.1725982e+00   3.3197855e+00
   2.0000000e+00   2.0628137e+00   2.5731977e+00   2.9130301e+00   4.2040475e+00   1.2026490e+00   3.3197282e+00   1.3960229e+00   1.7861829e+00   2.3094952e+00   9.3032779e-01
   2.0000000e+00   3.5464612e+00   9.0906506e-01   3.0340790e+00   1.1763403e+00   3.5484576e+00   2.0298234e+00   1.1027668e+00   2.8720875e+00   2.3803505e+00   2.7227968e+00
   2.0000000e+00   3.2487881e+00   2.2780649e+00   1.4582950e+00   2.0292797e+00   3.4752221e+00   1.7983190e+00   2.4097549e+00   2.6674973e+00   2.8137768e+00   1.4666064e+00
   2.0000000e+00   4.3599957e+00   3.5003836e+00   2.5751805e+00   3.3531062e+00   1.7999977e+00   3.6856177e+00   3.0478245e+00   4.8596231e+00   2.7080935e+00   5.1350785e-01
   2.0000000e+00   1.0796218e+00   5.2209742e+00   2.2239438e+00   1.0025286e+00   1.5152194e+00   1.8322615e+00   4.1189812e+00   3.3500931e+00   2.5066214e+00   3.4603177e+00
   1.0000000e+00   4.6458510e+00   1.5251701e+00   4.1686294e+00   3.6802989e+00   3.8939419e+00   3.0327522e+00   3.1851845e+00   2.5771529e+00   2.8292822e+00   3.2864570e+00
   1.0000000e+00   3.8685487e+00   2.3903532e+00   3.9424765e+00   2.6581417e+00   3.6620859e+00   2.7812696e+00   2.9111837e+00   3.3489905e+00   1.4118640e+00   3.1732215e+00
   2.0000000e+00   2.6304589e+00   2.2775203e+00   2.0877039e+00   2.3663844e+00   2.9520052e+00   2.1868134e+00   3.2782978e+00   2.2648554e+00   3.8454899e+00   2.6343537e+00
   2.0000000e+00   3.0311882e+00   3.5102662e+00   2.2890208e+00   2.9180371e+00   2.2178512e+00   2.4380070e+00   3.9631408e+00   3.8437659e+00   3.4112014e+00   2.1739552e+00
   2.0000000e+00   3.0953148e+00   4.6604155e+00   2.9598346e+00   3.0655607e+00   3.9585030e+00   2.1973619e+00   2.5592112e+00   3.8117654e+00   2.5351947e+00   2.9236529e+00
   2.0000000e+00   4.2057417e+00   3.5180391e+00   4.3073839e+00   5.1484369e+00   2.9178053e+00   2.5002317e+00   4.3787571e+00   3.8973077e+00   3.7863605e+00   4.5831281e+00
   2.0000000e+00   4.2009226e+00   2.7808716e+00   1.7576071e+00   1.4677519e+00   4.6421684e+00   2.0283258e+00   3.7496095e+00   2.4335935e+00   4.8338991e+00   3.8513465e+00
   2.0000000e+00   3.8004985e+00   3.9807481e+00   4.9006147e+00   4.0306323e+00   4.3403927e+00   2.6714749e+00   1.4970282e+00   2.6369211e+00   1.5963565e+00   2.9170845e+00
   2.0000000e+00   4.4800062e+00   3.8650921e+00   2.0588441e+00   2.6136762e+00   4.8527473e+00   4.4843916e+00   3.5231456e+00   3.6938657e+00   2.8386385e+00   2.2379603e+00
   2.0000000e+00   3.3688278e+00   2.6855811e+00   2.4984202e+00   2.9583654e+00   5.5657337e+00   3.6119406e+00   2.4500098e+00   2.7999804e+00   3.1488103e+00   2.2256713e+00
   2.0000000e+00   1.8727250e+00   4.2624987e+00   3.6872144e+00   3.0984413e+00   1.5620536e+00   2.1912167e+00   3.0213568e+00   2.5860039e+00   4.0836972e+00   4.4693637e+00
   2.0000000e+00   3.4734988e+00   3.4554445e+00   1.4876038e+00   3.7294179e+00   2.3992302e+00   1.8591555e+00   1.9322113e+00   1.5481084e+00   2.6356384e+00   2.4446301e+00
   2.0000000e+00   1.1376994e+00   3.5179269e+00   1.2532921e+00   3.3428473e+00   4.6401329e+00   2.7924841e+00   3.5323364e+00   4.0851617e+00   4.3104271e+00   3.6189535e+00
   1.0000000e+00   2.7935474e+00   1.7555979e+00   3.9905465e+00   4.0173153e+00   3.6619158e+00   3.6804525e+00   5.6278922e+00   3.3202710e+00   3.8944819e+00   2.7230944e+00
   2.0000000e+00   3.1799661e+00   2.8098705e+00   4.1312264e+00   3.5328115e+00   1.4193478e+00   1.9981826e+00   4.2463067e+00   2.7847875e+00   2.7577154e+00   2.3433852e+00
   2.0000000e+00   3.4069569e+00   3.0904472e+00   4.1862986e+00   3.9450690e+00   3.0544561e+00   9.8126871e-01   3.2240458e+00   4.1686289e+00   2.1969037e+00   2.0595046e+00
   2.0000000e+00   2.9499167e+00   2.5849069e+00   4.2050986e-01   2.6485537e+00   2.6089831e+00   2.7285178e+00   4.2305735e+00   3.5472294e+00   2.8818705e+00   4.8054244e+00
   2.0000000e+00   3.8122942e+00   2.1848642e+00   3.5108344e+00   2.4152438e+00   3.2629980e+00   1.3369387e+00   3.3076997e+00   2.6094706e+00   2.6405601e+00   2.7168484e+00
   2.0000000e+00   3.2860900e+00   3.6932434e+00   1.7214905e+00   3.3249882e+00   2.1326317e+00   3.5190334e+00   3.5657486e+00   1.4002395e+00   3.4702346e+00   1.6290844e+00
   2.0000000e+00   2.6084733e+00   4.6877181e+00   2.9808246e+00   3.8775175e+00   3.2832593e+00   1.8194434e+00   2.3008953e+00   4.0493408e+00   2.5040093e+00   1.6470977e+00
   2.0000000e+00   2.6727714e+00   3.9838334e+00   1.1519827e+00   2.6952364e+00   1.6975750e+00   4.0320132e+00   2.6823499e+00   4.2458614e+00   2.3306403e+00   2.5258200e+00
   2.0000000e+00   3.8758638e+00   2.7161486e+00   1.8663541e+00   3.1425461e+00   3.7479331e+00   4.7500612e+00   3.0824265e+00   3.1603063e+00   4.6417243e+00   2.9220351e+00
   2.0000000e+00   2.5993951e+00   4.2339657e+00   4.1866826e+00   4.5117833e+00   4.2028725e+00   1.1048875e+00   3.4760722e+00   4.1381970e+00   4.7554343e+00   3.0436866e+00
   1.0000000e+00   5.0142643e+00   2.2707319e+00   2.5874798e+00   3.7544842e+00   3.1498524e+00   3.6223554e+00   3.4375811e+00   3.2195931e+00   4.9024350e+00   2.8431196e+00
   2.0000000e+00   1.5636420e+00   3.7478197e+00   4.1010269e+00   2.1956450e+00   2.2118707e+00   1.2398137e+00   2.4269272e+00   3.3039496e+00   3.4117918e+00   4.0423625e+00
   2.0000000e+00   1.7333010e+00   2.6569919e+00   2.1705420e+00   2.8376188e+00   2.7636195e-01   2.9143575e+00   4.1802762e+00   3.1273695e+00   3.1471630e+00   3.4898027e+00
   2.0000000e+00   3.6081461e+00   3.0249612e+00   9.3037949e-01   3.7036990e+00   3.0668023e+00   4.6540224e+00   4.4368328e+00   2.5123084e+00   3.0331733e+00   2.5404020e+00
   2.0000000e+00   2.3549284e+00   1.4801236e+00   8.0373179e-01   1.6583585e+00   2.1828750e+00   4.3354586e+00   4.2577650e+00   2.8876688e+00   1.8195365e+00   3.8224940e+00
   1.0000000e+00   3.1431014e+00   2.8467727e+00   4.1913931e+00   3.0918215e+00   3.6093890e+00   2.3110151e+00   3.8331298e+00   3.6586394e+00   2.0701485e+00   2.3612029e+00
   2.0000000e+00   4.0388623e+00   3.6892646e+00   3.9940627e+00   3.8682091e+00   2.5394686e+00   3.8978720e+00   3.8697338e+00   1.2257840e+00   2.5248834e+00   3.0081877e+00
   2.0000000e+00   2.8397991e+00   1.7212168e+00   2.5866770e+00   1.4500533e+00   1.1957436e+00   1.7390739e+00   3.4367743e+00   2.5863434e+00   3.7895720e+00   2.9470521e+00
   2.0000000e+00   3.5767534e+00   3.5239611e+00   3.3195902e+00   1.4519948e+00   3.5688326e+00   5.5903292e-01   2.0851973e+00   4.6213858e+00   2.6503102e+00   3.0877814e+00
   2.0000000e+00   2.7726702e+00   2.9976714e+00   2.3601870e+00   3.7454767e+00   3.2388090e+00   4.0506933e+00   3.5578371e+00   3.4403816e+00   3.4610481e+00   1.4570183e+00
   2.0000000e+00   3.7780001e+00   1.9195405e+00   1.7060020e+00   3.2825322e+00   2.6514676e+00   3.1825174e+00   2.0647086e+00   4.6970530e+00   3.1031054e+00   4.9813355e+00
   2.0000000e+00   1.4778276e+00   3.6335510e+00   3.9527234e+00   1.1560149e-01   2.6072101e+00   4.4025241e+00   4.2266669e+00   1.2941920e+00   2.5681127e+00   1.9432292e+00
   1.0000000e+00   2.9952081e+00   2.3876064e+00   1.2088975e+00   2.1712677e+00   3.2063865e+00   2.7515541e+00   4.7385853e+00   1.5930652e+00   3.9658566e+00   4.6572566e+00
   2.0000000e+00   2.5558543e+00   2.2792550e+00   2.2690043e+00   2.4368703e+00   4.6122748e+00   3.7115986e+00   1.3212459e+00   2.9929410e+00   4.1141871e+00   2.3141198e+00
   2.0000000e+00   1.6681630e+00   2.1828294e+00   2.7519722e+00   2.2767655e+00   5.4472932e+00   1.9887250e+00   3.3149749e+00   3.0583909e+00   3.0271148e+00   1.2644608e+00
   2.0000000e+00   6.9407544e-01   3.8714814e+00   3.1867994e+00   5.4675040e+00   4.4736969e+00   2.8879163e+00   1.8334634e+00   4.3714374e+00   2.2983954e+00   2.6275025e+00
   2.0000000e+00   2.3792900e+00   4.0040664e+00   1.3795332e+00   2.9615190e+00   9.6780485e-01   3.3414652e+00   3.9057745e+00   4.3525209e+00   3.0224104e+00   2.0005270e+00
   2.0000000e+00   3.4267025e+00   4.5847944e+00   4.9489645e+00   2.7606084e+00   2.4670914e+00   5.6860412e+00   2.6394165e+00   2.3535103e+00   2.2459787e+00   2.0245270e+00
   2.0000000e+00   3.1105037e+00   2.8455213e+00   2.9473684e+00   3.7944537e+00   2.7251393e+00   2.2735716e+00   9.6753453e-01   3.6168799e+00   4.6404774e-01   2.1084052e+00
   2.0000000e+00   4.1624135e+00   3.0639549e+00   2.6110900e+00   2.9820662e+00   3.0865833e+00   4.0805403e+00   2.0655715e+00   3.9256288e+00   1.6952975e+00   3.1389582e+00
   2.0000000e+00   2.7710167e+00   4.0310434e+00   1.2592300e+00   1.5544769e+00   4.6517301e+00   2.0312920e+00   3.5496498e+00   3.8354219e+00   5.2278680e-01   2.1369844e+00
   2.0000000e+00   4.2478482e+00   2.4853308e+00   1.2509984e+00   3.1092872e+00   2.5442662e+00   2.5648816e+00   2.8440724e+00   3.0611030e+00   3.9131713e+00   6.5703173e+00
   2.0000000e+00   3.1200972e+00   2.1639947e+00   3.0105003e+00   2.9286523e+00   1.5390342e+00   6.3210420e-01   3.6467852e+00   4.2692395e+00   2.0842900e+00   3.0925646e+00
   2.0000000e+00   1.7955235e+00   3.4928524e+00   2.9282830e+00   5.1409653e+00   2.3543956e+00   3.7108070e+00   3.7007977e+00   2.2385436e+00   1.9678642e+00   4.5238867e+00
   2.0000000e+00   1.4916415e+00   3.5340820e+00   3.6377780e+00   2.6308521e+00   2.8692744e+00   1.1015636e+00   2.7850225e+00   3.6130247e+00   8.2923704e-01   1.9879619e+00
   2.0000000e+00   3.8385792e+00   4.8665171e+00   2.0206689e+00   3.8434936e+00   2.3325164e+00   2.7447776e+00   5.0212871e+00   5.0583802e+00   2.6183903e+00   1.3009964e+00
   2.0000000e+00   3.3189030e+00   2.4998305e+00   1.6816653e+00   3.6296221e+00   1.6529547e+00   2.8147293e+00   2.3780584e+00   2.2204361e+00   2.7321903e+00   1.6463080e+00
   2.0000000e+00   3.4628712e+00   3.7941831e+00   2.1031936e+00   3.0317062e+00   2.4295420e+00   4.2889091e+00   2.6057176e+00   2.4182529e+00   4.4402258e+00   4.5052589e+00
   2.0000000e+00   1.3577987e+00   3.8719664e+00   3.0799184e+00   3.7339251e+00   1.2065942e+00   3.6042123e+00   1.8405701e+00   3.3321195e+00   2.8011950e+00   4.4900286e+00
   2.0000000e+00   2.6383958e+00   4.7507798e+00   1.8784612e+00   3.8568091e+00   1.1111890e+00   4.1058321e+00   3.4519170e+00   3.0545659e+00   3.2978628e+00   3.1928205e-01
   2.0000000e+00   3.8705762e+00   3.5163002e+00   2.0465055e+00   3.0488884e+00   2.2324435e+00   2.5339816e+00   2.6944281e+00   3.0491309e+00   9.8635157e-01   4.0516030e+00
   2.0000000e+00   2.4793755e+00   2.9775692e+00   1.8363941e+00   3.3318623e+00   2.3339063e+00   2.7589579e+00   3.4745951e+00   2.7298255e+00   3.7827327e+00   4.3333564e+00
   2.0000000e+00   3.0686374e+00   4.6834599e+00   3.4617227e+00   2.6641810e+00   1.4695955e+00   4.0537942e+00   6.5153419e-01   3.3950887e+00   2.2051860e+00   3.6485968e+00
   1.0000000e+00   3.5539138e+00   3.3291409e+00   2.2831047e+00   4.0279525e+00   3.3188677e+00   2.7390471e+00   3.2312949e+00   2.0330261e+00   3.2887509e+00   2.9409904e+00
   2.0000000e+00   3.2215560e+00   2.3427987e+00   2.6070657e+00   2.6733970e+00   2.7549739e+00   3.0187609e+00   3.7932319e+00   2.8736923e+00   3.1241327e+00   4.0784516e+00
   2.0000000e+00   2.8623702e+00   3.9587298e+00   3.1103826e+00   3.3381370e+00   2.7125196e+00   1.8054272e+00   2.7406749e+00   2.9857621e+00   3.9133809e+00   2.6620028e+00
   2.0000000e+00   3.1760974e+00   1.2471245e+00   6.1270946e+00   2.1209867e+00   2.4073470e+00   2.5429626e+00   4.0026407e+00   1.8837623e+00   2.7626376e+00   3.1370393e+00
   2.0000000e+00   2.6089444e+00   2.6349081e+00   2.5419731e+00   1.9431201e+00   1.9595832e+00   2.4894625e+00   2.4603315e+00   2.2293810e+00   3.4001792e+00   3.5792763e+00
   2.0000000e+00   2.5619783e+00   1.8135062e+00   3.9631017e+00   1.6491682e+00   4.0935313e+00   3.9536658e+00   5.1098413e-01   3.9785702e+00   1.2330339e+00   4.3064458e+00
   2.0000000e+00   9.9993374e-01   2.8073247e+00   4.6386351e+00   2.2024180e+00   2.1584497e+00   4.8768728e+00   2.6507648e+00   5.5054717e+00   3.4856777e+00   3.0185416e+00
   2.0000000e+00   2.6875060e+00   3.4002208e+00   1.9408415e+00   4.1445135e+00   1.2429092e+00   4.0117318e+00   2.6764160e+00   2.7974290e+00   2.2405544e+00   4.7542625e+00
   2.0000000e+00   3.3393141e+00   2.2783523e+00   3.2262314e+00   1.1056230e+00   2.3080942e+00   2.5723961e+00   2.4708660e+00   3.7986189e+00   5.2423685e+00   4.5103136e+00
   2.0000000e+00   3.3206137e+00   2.6407877e+00   3.3332184e+00   1.3096834e+00   1.9217059e+00   3.7940106e+00   4.9179748e+00   3.4424695e+00   3.7003209e+00   4.6645099e+00
   2.0000000e+00   3.7680546e+00   4.9052817e+00   4.0189487e+00   4.8855696e+00   3.9492446e+00   1.2180006e+00   2.8663533e+00   1.3861039e+00   2.8820723e+00   2.5998404e+00
   2.0000000e+00   1.8182551e+00   3.4589177e+00   2.8192102e+00   3.7417612e+00   9.7507461e-01   2.3047605e+00   8.4075554e-01   3.4403647e+00   2.3418436e+00   1.9383224e+00
   2.0000000e+00   3.4817132e+00   2.3774374e+00   4.7534346e+00   2.7237846e+00   2.8577049e+00   2.9198159e+00   3.2341835e+00   2.7100749e+00   1.8835817e+00   3.1777489e+00
   2.0000000e+00   3.1660617e+00   2.3699653e+00   1.8754262e+00   1.8142967e+00   2.6127571e+00   3.5278603e+00   2.9307501e+00   4.1526672e+00   1.8328309e+00   3.8014370e+00
   2.0000000e+00   4.3291370e+00   2.8504814e+00   2.9904710e+00   4.4599366e+00   4.2823560e+00   2.4817960e+00   4.9874623e+00   2.2131405e+00   3.0465315e+00   1.7839711e+00
   2.0000000e+00   4.4353892e+00   4.3527064e+00   2.1426282e+00   1.6443977e+00   2.2417787e+00   4.6831664e+00   2.4701335e+00   4.4539893e+00   3.4344898e+00   2.8732911e+00
