   2.0000000e+00   3.0979181e+00   5.1075779e+00   3.2201586e+00   3.6983586e+00   2.0841412e+00   2.7425101e+00   2.8010811e+00   2.2647978e+00   2.6015338e+00   2.8929436e+00
   2.0000000e+00   4.1118707e+00   3.0224722e-01   2.7821652e+00   3.6599580e+00   2.9908910e+00   4.7874692e+00   2.5684890e+00   1.8032732e+00   2.6631759e+00   3.0804812e+00
   2.0000000e+00   5.4579846e+00   2.8687507e+00   1.4448173e+00   1.2058744e+00   3.2517435e+00   2.7105319e+00   2.9155848e+00   4.1472667e+00   3.4600323e+00   3.3860573e+00
   2.0000000e+00   5.2710057e+00   2.0794848e+00   3.3110369e+00   1.2795177e+00   4.6671086e+00   2.3563100e+00   2.4996076e+00   2.8928427e+00   2.9660421e+00   2.9875741e+00
   2.0000000e+00   1.0549759e+00   2.8769345e+00   3.4597917e+00   4.2346269e+00   2.9874623e+00   2.0785696e+00   2.0512895e+00   1.9933414e+00   2.3724335e+00   2.7045572e+00
   2.0000000e+00   5.5968342e+00   4.5872286e+00   1.7867101e+00   2.2763637e+00   2.0555123e+00   1.7818584e+00   2.5904766e+00   2.3804639e+00   3.4469818e+00   2.7197207e+00
   2.0000000e+00   2.9853068e+00   3.2276974e+00   4.0109739e+00   2.2383284e+00   2.2483690e+00   3.9664030e+00   2.7405489e+00   2.5522284e+00   1.8607441e+00   2.9714295e+00
   2.0000000e+00   2.4712807e+00   2.8191832e+00   3.1447968e+00   2.5806305e+00   2.4219247e+00   5.2748406e+00   3.3534076e+00   2.9833613e+00   3.7341797e+00   3.9286078e+00
   2.0000000e+00   2.7980366e+00   2.3685921e+00   3.6096574e+00   1.7006340e+00   1.6440276e+00   1.0919374e+00   3.0349987e+00   2.4952454e+00   4.5412391e+00   3.0835823e+00
   2.0000000e+00   3.0064226e+00   8.7030617e-01   4.1662486e+00   1.7968070e+00   2.6540371e+00   2.9351147e+00   2.9612021e+00   4.1448940e+00   4.6504214e+00   2.4004763e+00
   2.0000000e+00   2.7365195e+00   1.6067470e+00   3.9179602e+00   3.8982736e+00   1.3466740e+00   3.5820682e+00   3.6908748e+00   3.8279663e+00   3.6250187e+00   3.8311300e-01
   1.0000000e+00   3.4076843e+00   4.8160103e+00   2.5241696e+00   1.3050540e+00   3.7158411e+00   2.6543583e+00   4.7482006e+00   2.3911971e+00   5.5719406e+00   3.0442646e+00
   2.0000000e+00   2.7242705e+00   2.5337656e+00   2.0082857e+00   2.0114396e+00   2.9577469e+00   2.4806280e+00   3.8551594e+00   7.6503909e-01   3.6979089e+00   2.1636891e+00
   2.0000000e+00   3.9344506e+00   1.3691256e+00   3.3931022e+00   2.4980479e+00   1.3638353e+00   3.5304506e+00   3.0672520e+00   1.1857164e+00   2.3089404e+00   2.8175126e+00
   2.0000000e+00   1.6191530e+00   3.6907099e+00   3.3185338e+00   4.6602915e+00   2.6963635e+00   3.1057924e+00   3.2289306e+00   4.2799870e+00   1.6703158e-02   4.1823516e+00
   1.0000000e+00   2.5815327e+00   1.1586941e+00   2.3791196e+00   2.8295117e+00   3.3677767e+00   4.1072530e+00  -3.2028077e-01   1.9119048e+00   3.1683544e+00   2.8927741e+00
   2.0000000e+00   3.9161465e+00   3.4536225e+00   1.7758372e+00   4.1866062e+00   2.2247630e+00   3.0236099e+00   2.1220296e+00   5.2751543e+00   4.6499882e+00   2.7735287e+00
   2.0000000e+00   2.7266631e+00   2.6952163e+00   4.3994459e+00   2.4012676e+00   4.8669471e+00   2.6559604e+00   3.2220524e+00   4.4090121e+00   9.1075041e-02   4.3754648e+00
   2.0000000e+00   1.8800839e+00   1.5838521e+00   3.0533901e+00   4.2746847e+00   4.9283231e+00   4.4829191e+00   3.7761784e+00   3.3154412e+00   4.9402043e+00   5.1043432e+00
   2.0000000e+00   4.1200761e+00   2.9898120e+00   2.9811422e+00   4.3572652e+00   3.6641230e+00   3.5429408e+00   3.3784628e+00   3.6927709e+00   2.0805268e+00   4.4686545e+00
   1.0000000e+00   3.1757352e+00   3.8121603e+00   3.2747561e+00   3.3917921e+00   3.2684734e+00   1.7342408e+00   3.6512713e+00   2.9829533e+00   2.7470950e+00   3.5120898e+00
   2.0000000e+00   2.5121550e+00   4.1640930e+00   2.7462480e+00   8.8138420e-01   3.9311054e+00   3.7694226e+00   4.5126156e+00   2.9329460e+00   3.5947514e+00   3.3926880e+00
   2.0000000e+00   1.3232958e+00   4.1326203e+00   2.7368262e+00   3.0299119e+00   4.0768711e+00   3.3537723e+00   4.5261574e+00   3.3261958e+00   4.0508555e+00   2.5704571e+00
   1.0000000e+00   2.8707318e+00   2.8539376e+00   3.2059233e+00   2.3803627e+00   3.3914360e+00   3.5307991e+00   3.3592786e+00   2.6832042e+00   4.1819234e+00   3.7807097e+00
   1.0000000e+00   2.9721894e+00   1.8998250e+00   4.2091205e+00   3.2606772e+00   3.4700261e+00   3.8314978e+00   3.1389188e+00   3.9457308e+00   1.6884275e+00   3.0985096e+00
   2.0000000e+00   2.7022352e+00   3.0157901e+00   4.1420232e+00   4.2157802e+00   4.3038931e+00   1.5034439e+00   3.1782629e+00   1.8541045e+00   3.1560075e+00   3.8127252e+00
   2.0000000e+00   3.2361066e+00   2.6070525e+00   2.5462968e+00   1.8762915e+00   6.9857883e-01   4.8925758e+00   3.7128208e+00   1.3025602e+00   2.4836047e+00   3.5475700e+00
   1.0000000e+00   3.3553655e+00   2.7910997e+00   1.7851247e+00   4.1412479e+00   3.2381336e+00   2.3748158e+00   4.3132235e+00   3.2629964e+00   2.2139274e+00   3.1904022e+00
   2.0000000e+00   1.6771227e+00   2.4472548e+00   2.7624488e+00   2.7814419e+00   2.1748007e+00   2.5090426e+00   3.0694680e+00   2.4507188e+00   2.6697489e+00   1.7755134e+00
   2.0000000e+00   1.5329694e+00   3.9763321e+00   2.7982309e+00   3.1729655e+00   3.7545397e+00   3.5057479e+00   2.4109410e+00   3.5016040e+00   3.5746402e+00   1.2982693e+00
   2.0000000e+00   4.5702683e+00   1.6237842e+00   2.1502242e+00   4.4168238e+00   1.7902067e+00   2.1731483e+00   2.0654526e+00   2.3394679e+00   1.8397823e+00   1.7136448e+00
   2.0000000e+00   4.5265503e+00   3.5227469e+00   1.9880772e+00   1.8850850e+00   1.8086706e+00   1.8883772e+00   3.0317157e+00   2.6165114e+00   2.9024398e+00   3.1467058e+00
   2.0000000e+00   3.0658753e+00   2.4882433e+00   3.3762744e+00   1.4713960e+00   1.4750644e+00   2.5213122e+00   1.9168842e+00   4.1523331e+00   2.5982994e+00   4.2257234e+00
   2.0000000e+00   4.0460550e+00   4.4123001e+00   1.7220623e+00   3.7441972e+00   2.8853279e+00   3.2286859e+00   2.3045438e+00   1.1113327e+00   3.7074662e+00   2.8696566e+00
   2.0000000e+00   2.1220579e+00   3.8587536e+00   4.1892113e+00   2.5340935e+00   2.9490692e+00   4.1246653e+00   2.4062234e+00   2.3507702e+00   3.0073828e+00   3.9307237e+00
   1.0000000e+00   3.3008762e+00   4.0538357e+00   2.3393540e+00   4.7033553e+00   3.3328703e+00   2.7119825e+00   2.4063354e+00   3.0971721e+00   2.7565820e+00   1.4428584e+00
   1.0000000e+00   2.7069681e+00   3.3841870e+00   2.9849941e+00   2.4001631e+00   3.7669641e+00   3.2370938e+00   2.5335879e+00   2.8376737e+00   1.3895158e+00   2.2763148e+00
   2.0000000e+00   3.9462862e+00   2.3376323e+00   2.1485083e+00   3.7898616e+00   9.4319170e-01   3.0200763e+00   3.3673960e+00   3.5944859e+00   3.5319194e+00   2.4203816e+00
   1.0000000e+00   2.1237742e+00   4.6953097e-01   3.1849723e+00   3.1246735e+00   3.1568176e+00   3.1178109e+00   3.2437020e+00   1.9488345e+00   1.1104822e+00   3.5096157e+00
   2.0000000e+00   1.7800285e+00   3.7287345e+00   2.7837979e+00   3.0505956e+00   5.0381218e+00   1.4625646e+00   3.1902771e+00   2.8131757e+00   4.6865290e+00   1.6442021e+00
   2.0000000e+00   1.9921869e+00   1.3286354e+00   2.2799535e+00   2.2724504e+00   4.0663018e+00   7.8062406e-01   5.0902001e+00   3.1782653e+00   3.7497779e+00   2.2772341e+00
   1.0000000e+00   2.6541934e+00   3.3818102e+00   1.3278933e+00   3.1283009e+00   3.8600224e+00   3.7842748e+00   2.8401069e+00   2.7539755e+00   2.1160256e+00   2.5221795e+00
   2.0000000e+00   2.8493562e+00   3.3105176e+00   1.1593857e+00   4.1274112e+00   4.9610651e+00   3.8268100e+00   4.3987811e+00   4.3729618e+00   6.9399042e-01   3.3257900e+00
   2.0000000e+00   3.4027813e+00   3.4766264e+00   2.2482606e+00   2.3955845e+00   2.4787993e+00   3.8298982e+00   2.5046558e+00   3.6583687e+00   3.2274917e+00   3.2648389e+00
   1.0000000e+00   3.9142855e+00   4.3401937e+00   2.1207489e+00   3.8258266e+00   3.4021500e+00   1.0811311e+00   2.3301301e+00   4.7379330e+00   1.9858321e+00   2.5113038e+00
   2.0000000e+00   3.4341504e+00   3.3382961e+00   1.1694209e+00   4.0020036e+00   3.2969353e+00   3.9154471e+00   2.2331677e+00   5.5011786e+00   5.3866602e+00   4.2014163e+00
   2.0000000e+00   3.6362772e+00   1.7151249e+00   2.7776275e+00   3.9930394e+00   2.9224325e+00   2.1540927e+00   2.7761337e+00   3.0267668e+00   2.3568936e+00   1.7073562e+00
   2.0000000e+00   3.3229020e+00   4.1383996e+00   2.7282079e+00   2.1673731e+00   2.2493184e+00   3.2115536e+00   2.0895107e+00   1.9691076e+00   4.2644120e+00   1.3009005e+00
   2.0000000e+00   3.5925118e+00   5.3701949e+00   3.6254147e+00   4.4022127e+00   1.6994296e+00   2.5368226e+00   2.4633565e+00   2.7024875e+00   1.9585084e+00   1.9279346e+00
   2.0000000e+00   3.6957788e+00   3.7523090e+00   3.7044212e+00   4.2730450e+00   2.2807692e+00   1.0661955e+00   1.4835763e+00   3.4103425e+00   3.1804748e+00   2.3998843e+00
   2.0000000e+00   2.2919638e+00   3.8458690e+00   3.5921360e+00   4.3406005e+00   2.5872708e+00   4.4212775e+00   3.6963404e+00   3.0562332e+00   2.4146356e+00   3.8793458e+00
   1.0000000e+00   3.3480967e+00   3.8001693e+00   2.2535316e+00   2.5962556e+00   3.2257345e+00   3.4253847e+00   2.7681887e+00   1.5653849e+00   2.5091562e+00   5.3717228e+00
   2.0000000e+00   2.1400696e+00   3.4139347e+00   4.0176649e+00   4.3146948e+00   2.8747842e+00   1.6281196e+00   3.7331163e+00   3.8030048e+00   3.2238137e+00   2.6001717e+00
   2.0000000e+00   2.2533075e+00   3.9114587e+00   4.1657891e+00   3.0483183e+00   4.9658614e+00   1.0072099e+00   2.2438603e+00   1.8780055e+00   1.8715487e+00   1.2631994e+00
   2.0000000e+00   3.2649214e+00   3.3319804e+00   2.6893653e+00   2.8287725e+00   2.6454758e+00   3.3829969e+00   3.6327808e+00   3.0138612e+00   4.2565196e+00   2.3441086e+00
   2.0000000e+00   2.4238440e+00   2.9342415e+00   1.7828703e+00   3.1911698e+00   2.8896154e+00   3.1962425e+00   3.4058152e+00   2.1667604e+00   2.1248461e+00   1.0084677e-01
   2.0000000e+00   2.5887918e+00   2.2685496e+00   3.7232734e+00   2.2653598e+00   3.2248223e-01   2.7453286e+00   1.6743484e+00   4.2349068e+00   8.6329460e-01   2.3148141e+00
   2.0000000e+00   4.3206293e+00   2.8834852e+00   2.5518876e+00   2.7704234e+00   4.0543278e+00   4.3097181e+00   3.2461266e+00   3.0271955e+00   3.0700801e+00   4.2704496e+00
   2.0000000e+00   3.6569991e+00   4.5486146e-01   1.6686372e+00   3.5900962e+00   3.1573223e+00   4.1158715e+00   2.0094115e+00   5.5976073e+00   3.6598455e+00   4.5578208e+00
   2.0000000e+00   1.2135258e+00   6.4004809e-01   2.4311282e+00   3.5860228e+00   2.7512573e+00   2.6159186e+00   2.1450826e+00   2.3203184e+00   4.0969053e+00   2.3940033e+00
   2.0000000e+00   9.0057659e-01   2.0994362e+00   4.4230168e+00   2.3001720e+00   1.8275472e+00   3.0469654e+00   3.7287483e+00   2.3560422e+00   2.1465210e+00   1.4485098e+00
   2.0000000e+00   3.7392988e+00   3.0403753e+00   2.6419582e+00  -2.9731606e-01   7.4245033e-01   3.2001012e+00   3.8915466e+00   2.6354624e+00   2.8894616e+00   3.3758094e+00
   2.0000000e+00   1.7343264e+00   2.4696360e+00   3.2736361e+00   3.7504224e+00   3.2586152e+00   3.9069844e+00   2.5641285e+00   2.2825348e+00   4.6932334e+00   3.2743612e+00
   2.0000000e+00   3.3550020e+00   4.3073136e+00   1.3207804e+00   1.6993443e+00   4.4286313e+00   2.7712747e+00   3.8637318e+00   3.5080420e+00   2.9888786e+00   2.4744854e+00
   1.0000000e+00   3.1008674e+00   2.8866593e+00   2.5858381e+00   2.3792606e+00   3.2003712e+00   3.1684645e+00   2.6358263e+00   3.3195494e+00   9.8687299e-01   3.9900993e+00
   2.0000000e+00   3.4459281e+00   3.3272944e+00   2.4275132e+00   3.2878352e+00   4.5581007e+00   3.6143736e+00   2.5618652e+00   3.2582059e+00   2.1732936e+00   3.3214017e+00
   2.0000000e+00   2.8866441e+00   1.9114943e+00   5.6638824e-01   1.8807875e+00   4.1600477e+00   2.3589965e+00   4.4134005e+00   1.9669188e+00   1.6456625e+00   3.2312607e+00
   2.0000000e+00   3.9851259e+00   2.6883742e+00   3.7184976e+00   4.3839921e+00   1.8048235e+00   3.5675786e+00   3.4921818e+00   3.8798335e+00   3.4794636e+00   2.3775880e+00
   2.0000000e+00   2.9223945e+00   3.2262814e+00   2.2073229e+00   1.9663594e+00   4.2939115e+00   2.4437647e+00   3.4497703e+00   3.0787290e+00   2.3374095e+00   4.2737695e+00
   2.0000000e+00   2.5261226e+00   4.3835087e+00   1.3360205e+00   4.2796352e+00   4.2843491e+00   3.1403564e+00   3.1914068e+00   4.1696465e+00   1.2803918e+00   4.5867947e+00
   2.0000000e+00   4.2085647e+00   3.0780632e+00   2.5841408e+00   1.8287866e+00   3.6564273e+00   3.0854401e+00   1.9652345e+00   3.9728482e+00   3.3275022e+00   1.8820971e+00
   2.0000000e+00   2.8357624e+00   3.5216845e+00   3.6226361e+00   4.8689769e+00   4.8492766e+00   2.7218435e+00   2.0437911e+00   2.6640454e+00   2.4996978e+00   2.7564257e+00
   2.0000000e+00   1.2534021e+00   3.5291537e+00   2.4170788e+00   2.6344762e+00   5.0861980e+00   2.8024404e+00   4.2522699e+00   2.1965856e+00   5.4760251e+00   3.3256581e+00
   1.0000000e+00   3.8677983e+00   2.5003443e+00   3.5490418e+00   5.4193829e+00   3.0678329e+00   3.3831240e+00   1.4331097e+00   1.3163465e+00   3.7493554e+00   2.8158513e+00
   2.0000000e+00   1.2423955e+00   3.0482680e+00   3.3552815e+00   2.7601536e+00   5.1438713e+00   2.7165195e+00   1.3621019e+00   4.7620091e+00   3.0689707e+00   4.0753006e+00
   2.0000000e+00   2.9053989e+00   3.0859303e+00   3.6735378e+00   2.4983674e+00   2.7161873e+00   2.5463574e+00   3.5766912e-01   1.7401443e+00   4.6400054e+00   9.8893537e-01
   2.0000000e+00   6.4358340e-01   2.6511848e+00   5.0324614e-01   2.5166411e+00   3.5452772e+00   1.6813297e+00   3.4820001e+00   2.5982648e+00   4.1127583e+00   2.7601786e+00
   2.0000000e+00   1.4475193e+00   3.0252915e+00   4.0791650e+00   3.7798468e+00   3.0848332e+00   2.5537319e+00   2.1299079e+00   1.4332398e+00   3.1082101e+00   2.6726434e+00
   2.0000000e+00   2.0046125e+00   4.5465625e+00   3.2878314e+00   3.9187525e+00   2.5267733e+00   2.8531690e+00   2.4756945e+00   3.1853959e+00   3.7258695e+00   4.8571292e+00
   1.0000000e+00   3.9284242e+00   4.0939608e+00   1.8737908e+00   3.0652186e+00   3.2571213e+00   3.3694628e+00   2.1225915e+00   2.9893009e+00   4.4532665e+00   1.9305456e+00
   1.0000000e+00   3.7065222e+00   3.2161776e+00   3.3586053e+00   2.7731682e+00   3.6245502e+00   2.4414272e+00   2.8153920e+00   2.5815623e+00   4.4580485e+00   4.1176142e+00
   2.0000000e+00   1.5168623e+00   3.3591952e+00   2.2446403e+00   3.4860566e+00   3.6974477e+00   3.0691298e+00   3.1703993e+00   1.8419186e+00   3.3652089e+00   2.7339301e+00
   2.0000000e+00   4.8668697e+00   3.8595106e+00   3.1912953e+00   3.4776054e+00   2.5937690e+00   2.8369671e+00   2.9022511e+00   2.5968672e+00   3.8642956e+00   3.3742439e+00
   2.0000000e+00   1.0499081e+00   1.4791283e+00   3.7627446e+00   2.4465307e+00   1.0816647e+00   4.7826310e+00   3.0811279e+00   3.5745381e+00   5.3728277e+00   2.0425436e+00
   2.0000000e+00   2.3101752e+00   2.4765147e+00   3.2349175e+00   3.2156066e-01   3.8530362e+00   4.3439496e+00   3.3437984e+00   2.4627918e+00   2.1903298e+00   2.8093019e+00
   1.0000000e+00   3.7197563e+00   4.3757849e+00   4.4915596e+00   2.4126428e+00   3.2321591e+00   2.7830290e+00   3.0277680e+00   4.0037256e+00   3.2149964e+00   1.4836608e+00
   2.0000000e+00   4.8406052e+00   1.6385693e+00   1.8535125e+00   3.2067744e+00   4.0355341e+00   2.9161520e+00   3.7480789e+00   3.9204039e+00   3.6369402e+00   2.0276706e+00
   2.0000000e+00   2.9625796e+00   2.7029341e+00   3.2222514e+00   4.0409326e+00   1.9138086e+00   3.6928027e+00   2.6193339e+00   2.6647750e+00   2.8166107e+00   1.9211562e+00
   2.0000000e+00   1.0727302e+00   3.0066874e+00   2.9021102e+00   3.0229357e+00   2.2879904e+00   3.1739864e+00   1.5943827e+00   3.8045098e+00   1.4682330e+00   3.9421130e+00
   1.0000000e+00   3.6261245e+00   3.5861016e+00   3.1949620e+00   4.2391083e+00   3.4724471e+00   3.2793935e+00   2.0048620e+00   3.9881478e+00   3.6050666e+00   2.3855277e+00
   2.0000000e+00   2.8494794e+00   3.2751901e+00   4.1476156e+00   1.7450758e+00   4.4816423e+00   2.6316941e+00   3.0010343e+00   1.0325688e+00   3.5301913e+00   1.7620526e+00
   2.0000000e+00   2.8617714e+00   4.7904566e+00   3.1137380e+00   2.0262708e+00   2.7397388e+00   2.9431514e+00   3.8927192e+00   2.6063045e+00   4.5977570e+00   1.0797152e+00
   2.0000000e+00   3.7475995e+00   3.0081561e+00   2.3638448e+00   1.8476053e+00   1.4724358e+00   2.5598357e+00   3.8141429e+00   3.5284570e+00   1.7967165e+00   3.1164364e+00
   2.0000000e+00   2.6476851e+00   3.9705827e+00   3.2980645e+00   4.3699986e+00   2.8490097e+00   2.6572158e+00   2.3590432e+00   5.6992136e+00   3.4714307e+00   1.4637357e+00
   1.0000000e+00   3.6737287e+00   2.3350209e+00   2.7887839e+00   3.4220809e+00   3.0136161e+00   2.9447056e+00   1.8630324e+00   3.1405890e+00   3.4458543e+00   1.7950028e+00
   2.0000000e+00   2.8822169e+00   4.7241243e+00   2.3317252e+00   2.4426322e+00   4.4227413e+00   2.1937146e+00   3.1168048e+00   2.5594123e+00   2.0607765e+00   2.1577008e+00
   2.0000000e+00   3.8657035e+00   3.4496685e+00   3.9638630e+00   4.5584151e+00   3.6616224e+00   1.9499820e+00   1.1090367e+00   1.5430079e+00   2.9700953e+00   1.5463861e+00
   2.0000000e+00   3.6791240e+00   1.9197595e+00   2.1960105e+00   2.9917608e+00   1.3427339e+00   2.5063522e+00   2.3977582e+00   2.7444440e+00   9.5196144e-01   3.5881572e+00
   2.0000000e+00   4.4914519e+00   3.2063620e+00   3.8651306e+00   3.0351921e+00   2.3852379e+00   3.6315147e+00   1.2418971e+00   3.4940492e+00   4.3233836e+00   3.9850877e+00
   2.0000000e+00   3.7224612e+00   2.7937112e+00   3.5758267e+00   3.0240588e+00   4.1729842e+00   4.0781290e+00   2.9173171e+00   3.4898552e+00   2.9555185e+00   3.9968407e+00
