   2.0000000e+00   4.2111163e+00   1.9309876e+00   3.3705887e+00   4.2458104e+00   2.3056831e+00   3.3485283e+00   1.3830865e+00   2.2861346e+00   5.0050613e+00   3.5329367e+00
   2.0000000e+00   1.6584260e+00   1.9314065e+00   1.8445813e+00   3.3580079e+00   9.3191910e-01   3.5409186e+00   3.8451585e+00   3.3826380e+00   2.5885907e+00   2.4727415e+00
   2.0000000e+00   2.6611742e+00   2.0407462e+00   2.1926870e+00   4.8505952e+00   4.0314308e+00   2.8883497e+00   2.8491920e+00   1.5707757e+00   2.0869429e+00   1.1513863e+00
   1.0000000e+00   3.7464414e+00   1.0451163e+00   4.0276122e+00   3.0204772e+00   4.1636073e+00   3.4205055e+00   3.0667703e+00   1.8184174e+00   3.4074524e+00   2.9668408e+00
   2.0000000e+00   3.6893018e+00   4.0317347e+00   3.0537536e+00   4.4620566e+00   5.1779260e+00   4.0639057e+00   2.0817497e+00   4.0578665e+00   3.6316782e+00   2.4705492e+00
   2.0000000e+00   1.8797341e+00   3.1856764e+00   3.8637620e+00   3.2036802e+00   3.2697204e+00   1.4755770e+00   3.6181778e+00   2.7714270e+00   1.5088982e+00   4.2722775e+00
   1.0000000e+00   3.1477031e+00   4.0052509e+00   4.1315177e+00   3.8733509e+00   3.1507271e+00   2.7696799e+00   3.6907916e+00   3.4012412e+00   3.3662943e+00   3.0484720e+00
   1.0000000e+00   2.7806473e+00   3.4011687e+00   3.1343111e+00   4.2506566e+00   2.7113724e+00   3.1325030e+00   2.7170747e+00   2.8627610e+00   3.6594961e+00   3.9756260e+00
   1.0000000e+00   2.3130965e+00   3.3853270e+00   2.9827633e+00   3.6993105e+00   4.0082741e+00   3.6272784e+00   2.8303460e+00   1.8668058e+00   3.5676153e+00   3.3841368e+00
   1.0000000e+00   2.9548676e+00   9.6193431e-01   2.6833478e+00   3.7676880e+00   3.7526723e+00   1.7667693e+00   2.6977302e+00   1.9290573e+00   3.3123120e+00   3.0590644e+00
   2.0000000e+00   3.5578099e+00   2.6173735e+00   2.9605610e+00   4.7610568e+00   2.6858295e+00   2.9919209e+00   3.0569015e+00   3.8682990e+00   2.8160151e+00   1.3156315e-01
   2.0000000e+00   4.7309866e+00   3.9077366e+00   3.3108635e+00   1.9592078e+00   2.9527464e+00   1.8542202e+00   2.0191490e+00   4.4954385e+00   3.8858223e+00   1.4245874e+00
   2.0000000e+00   2.2897348e+00   2.7372616e-01   4.0874671e+00   4.0130473e+00   1.7746659e+00   3.7294051e+00   2.7796612e+00   2.1995803e+00   2.5443335e+00   3.3651288e+00
   2.0000000e+00   3.4725478e+00   2.2240997e+00   3.0312411e+00   3.2165133e+00   2.1018616e+00   1.8894167e+00   3.6806892e-01   2.5844973e+00   3.4690521e+00   4.4215006e+00
   2.0000000e+00   2.6946054e+00   2.5902087e+00   2.2726148e+00   4.0875202e+00   3.5393844e+00   3.7783992e+00   4.1028916e+00   3.5414878e+00   2.7989075e+00   3.5432088e+00
   2.0000000e+00   1.2769382e+00   1.1741358e+00   2.9845141e+00   5.0505842e+00   1.3447238e+00   2.3734319e+00   2.5989280e+00   2.6077116e+00   2.7849747e+00   3.7785502e+00
   2.0000000e+00   1.9261978e+00   4.2576809e+00  -8.3321494e-02   2.9490537e+00   3.0225934e+00   2.5953150e+00   3.8802777e+00   3.0200902e+00   2.6138283e+00   2.3341587e+00
   2.0000000e+00   3.0347490e+00   1.5536444e+00  -1.1535059e-01   4.1357587e+00   4.8702178e+00   2.4463719e+00   2.3094759e+00   2.0408185e-01   2.0935553e+00   3.1103401e+00
   2.0000000e+00   3.2252156e+00   1.9437570e+00   3.2916389e+00   4.2696328e+00   3.8639083e+00   3.0841094e+00   1.4572804e+00   1.3109348e+00   3.9152127e+00   3.0428089e+00
   2.0000000e+00   4.0521610e+00   2.5772929e+00   2.6580163e+00   2.9398656e+00   3.3704139e+00   2.5085098e+00   3.6564769e+00   3.6092474e+00   2.1956721e+00   3.3873442e+00
   2.0000000e+00   3.9258238e+00   1.8215977e+00   3.4341686e+00   1.8228753e+00   3.5686968e+00   2.4709368e+00   4.3168836e+00   3.7863662e+00   2.3939106e+00   3.0065286e+00
   2.0000000e+00   2.3134077e+00   1.6708550e+00   1.6716227e+00   3.5611571e+00   3.3354459e+00   3.7902208e+00   2.1242681e+00   4.1186882e+00   1.5317397e+00   2.5326160e+00
   2.0000000e+00   2.4773071e+00   4.5983659e+00   2.2103297e+00   3.2157337e+00   2.7167427e+00   2.0454036e+00   2.8770841e+00   2.1545570e+00   2.2466430e+00   6.6059235e-01
   2.0000000e+00   2.5953957e+00   3.3567443e+00   3.9756606e+00   1.4755896e+00   1.3470409e+00   4.0381679e+00   1.9728714e+00   2.5919643e+00   2.4896632e+00   7.3743681e-02
   2.0000000e+00   2.6622733e+00   4.0843391e+00   3.9977010e+00   3.1683563e+00   2.7905771e+00   4.0151335e+00   4.6477432e-01   3.6062156e+00   3.4040400e+00   2.9856809e+00
   2.0000000e+00   2.9555963e+00   2.3330231e+00   1.2677592e+00   3.0717324e+00   4.2669060e+00   2.9480471e+00   2.2768423e+00   4.4072262e+00   2.6200114e+00   1.7673339e+00
   2.0000000e+00   2.9964597e+00   4.6267454e+00   1.5489204e+00   4.5058909e+00   3.1559549e+00   3.4793261e+00   5.4243491e+00   4.0730498e+00   4.5509279e+00   4.6141703e+00
   1.0000000e+00   2.6796501e+00   3.3275857e+00   4.3536640e+00   1.8327926e+00   1.6266462e+00   3.4496234e+00   2.8633396e+00   1.4684544e+00   3.6183779e+00   2.4014626e+00
   2.0000000e+00   2.5790405e+00   4.3525226e+00   4.2778788e+00   3.2990593e+00   2.0440709e+00   1.8170330e+00   2.3338679e+00   3.0820235e+00   1.6184714e+00   2.8112451e+00
   2.0000000e+00   3.9372098e+00   2.1768947e+00   5.3325299e+00   1.3602364e+00   2.0601364e+00   5.5097811e+00   3.5428568e+00   2.1054906e+00   4.2392049e+00   2.0952600e+00
   2.0000000e+00   3.0149522e+00   3.4027549e+00   3.5035245e+00   3.4250181e+00   5.6592049e+00   4.1173909e+00   2.7790153e+00   3.3864060e+00   1.7199477e+00   3.5382077e+00
   1.0000000e+00   3.9789202e+00   2.8593577e+00   3.9944253e+00   3.2572798e+00   2.4862287e+00   3.3266834e+00   3.6436561e+00   3.3972805e+00   3.3741194e+00   2.7534742e+00
   1.0000000e+00   3.0580148e+00   2.2979516e+00   2.9663405e+00   2.4418196e+00   4.3406641e+00   2.6656373e-01   3.9213449e+00   2.8603807e+00   3.3697969e+00   2.4473615e+00
   2.0000000e+00   2.0115054e+00   4.2358783e+00   3.2940324e+00   1.9146971e+00   1.9216457e+00   1.8978694e+00   3.8150046e+00   2.6122476e+00   3.9318939e+00   3.7950343e+00
   2.0000000e+00   3.8321818e+00   3.8582642e+00   3.3853264e+00   1.7233175e+00   3.3046093e+00   1.7335067e+00   4.4464783e+00   2.4051075e+00   2.5696095e+00   4.5059490e+00
   2.0000000e+00   1.5502023e+00   3.1714970e+00   1.5013524e+00   3.0711571e+00   1.6983275e+00   3.1505602e+00   4.0633852e+00   3.7614110e+00   1.9702328e+00   2.7407093e+00
   2.0000000e+00   5.1331630e+00   3.9021353e+00   3.9158884e+00   9.7734097e-01   3.7188064e+00   4.0055094e+00   1.6314400e+00   3.9371869e+00   2.4340453e+00   2.5467092e+00
   2.0000000e+00   2.1321088e+00   2.0609760e+00   2.9604681e+00   4.1524543e+00   2.3003204e+00   1.9596596e+00   3.0028692e+00   2.1718021e+00   2.9083541e+00   2.4062179e+00
   2.0000000e+00   3.5704755e+00   2.6057270e+00   3.2663184e+00   1.6742506e+00   2.2487705e+00   2.7103537e+00   2.5814324e+00   5.2498663e+00   2.3084455e+00   4.6578769e+00
   2.0000000e+00   3.0653945e+00   3.0950753e+00   3.6946252e+00   1.9093596e+00   4.2229619e+00   3.2025382e+00   4.3500402e+00   3.1078373e+00   2.8207082e+00   1.9403084e+00
   2.0000000e+00   3.6538001e+00   2.6791428e+00   3.6501662e+00   4.0967203e+00   2.6085509e+00   2.4021816e+00   3.2445847e+00   4.0097791e+00   7.9960450e-01   3.3126966e+00
   1.0000000e+00   2.9905826e+00   1.4980685e+00   7.8396989e-01   4.1348870e+00   1.7968365e+00   2.5137590e+00   3.6470663e+00   4.7185438e+00   3.0784077e+00   2.2438255e+00
   2.0000000e+00   2.1695558e+00   3.6076088e+00   2.1220789e+00   2.1052514e+00   3.1110109e+00   3.3261379e+00   1.3108601e+00   4.4538765e+00   2.1091502e+00   2.5557114e+00
   1.0000000e+00   2.7744111e+00   3.8470701e+00   3.2067010e+00   3.6819659e+00   2.2271089e+00   3.4862556e+00   3.3482801e+00   2.5142725e+00   3.0578082e+00   4.5168020e+00
   2.0000000e+00   2.3499519e+00   3.3481795e+00   3.3859385e+00   2.3819943e+00   4.7853470e+00   5.7793840e+00   2.7376892e+00   3.1178507e+00   1.7920893e+00   7.8923372e-01
   2.0000000e+00   2.3928362e+00   2.7957761e+00   3.1557324e+00   4.2322747e+00   2.7594856e+00   4.1897953e+00   2.7370303e+00   3.7867872e+00   2.7181395e+00   4.2356569e+00
   2.0000000e+00   3.2538649e+00   3.5783861e+00   1.8742748e+00   3.9063257e+00   2.9214644e+00   4.1649989e+00   1.7631705e+00   1.7467392e+00   3.4806729e+00   2.8508876e+00
   1.0000000e+00   3.6576864e+00   2.3267988e+00   3.0817657e+00   2.2007336e+00   1.6025058e+00   3.4465067e+00   3.6247518e+00   2.3286639e+00   3.7692616e+00   1.4176370e+00
   2.0000000e+00   3.3651462e+00   3.9147376e+00   2.0900565e+00   3.2221532e+00   5.4585126e+00   4.3658807e+00   5.5141002e+00   2.5829645e+00   1.7437077e+00   3.7362862e+00
   2.0000000e+00   1.2477888e+00   4.8446030e+00   4.6193159e+00   3.2528142e+00   2.9160672e+00   1.6405534e+00   4.3821742e+00   2.0096494e+00   2.2811227e+00   4.8316829e+00
   1.0000000e+00   1.3844663e+00   4.9035940e+00   3.6872567e+00   3.9230138e+00   2.1773804e+00   3.5894189e+00   3.3171342e+00   3.5864554e+00   3.4155502e+00   3.1146242e+00
   2.0000000e+00   1.8050434e+00   2.8169812e+00   2.8960811e+00   3.6112266e+00   5.8096867e-01   3.4453190e+00   2.6530575e+00   1.1164772e+00   2.5793590e+00   2.9476222e+00
   2.0000000e+00   3.7772914e+00   1.9372875e+00   3.8153163e+00   2.9005853e+00   2.1848189e+00   2.3476512e+00   1.9745590e+00   3.3125936e+00   2.8798919e+00   2.1739792e+00
   2.0000000e+00   4.9625925e+00   1.8001486e+00   3.1022988e+00   4.2891414e+00   3.8840877e+00   3.6495714e+00   1.9398363e+00   4.2899954e+00   4.3360733e+00   2.5254936e+00
   2.0000000e+00   3.6382319e+00   3.6524385e+00   2.6586275e+00   3.2443239e+00   3.0088711e+00   3.9683261e+00   3.0407224e+00   3.4335544e+00   2.5248612e+00   3.1623045e+00
   2.0000000e+00   2.7498440e+00   4.0077177e+00   2.2913682e+00   2.1539806e+00   4.0175081e+00   2.4723487e+00   2.9623779e+00   3.0264535e+00   2.6174615e+00   4.5037730e+00
   2.0000000e+00   2.6286595e+00   3.5808496e+00   1.9142175e+00   1.9482821e+00   1.2308391e+00   4.8701859e+00   1.3124531e+00   2.8018657e+00   4.1708136e+00   2.7257852e+00
   2.0000000e+00   2.0108783e+00   2.1280839e+00   2.4712862e+00   1.3195552e+00   3.6400316e+00   3.2008240e+00   2.8402218e+00   3.2517818e+00   1.8104361e+00   4.0622801e+00
   2.0000000e+00   6.7998289e-01   2.0667419e+00   3.7974630e+00   4.1643567e+00   2.0811370e+00   2.4773451e+00   1.4204964e+00   3.6651972e+00   1.7073014e+00   4.2432348e+00
   2.0000000e+00   2.4013986e+00   4.7150826e+00   1.1115490e+00   3.0033913e+00   3.1556548e+00   3.2878673e+00   4.0015533e+00   3.2279631e+00   3.0392437e+00   3.8850348e+00
   2.0000000e+00   4.3538111e+00   2.9267219e+00   3.5700521e+00   2.5578658e+00   4.5275143e+00   1.6083448e+00   2.8702137e+00   3.4170998e+00   4.4484663e+00   2.9652191e+00
   2.0000000e+00   3.8336578e+00   3.3035537e+00   6.7367830e-01   3.9221814e+00   3.6791373e+00   2.3684272e+00   4.0921150e+00   1.4438797e+00   1.4718816e+00   4.2220204e+00
   2.0000000e+00   4.5352023e+00   5.0136280e+00   2.9659943e+00   3.3226811e+00   3.2660246e+00   2.6395853e+00   3.1559069e+00   3.8858279e+00   2.8372458e+00   9.5244253e-01
   2.0000000e+00   5.1405973e+00   3.5088392e+00   2.6230584e+00   1.4098515e+00   3.7769289e+00   3.5545187e+00   3.9603271e+00   3.1962642e+00   4.0207007e+00   2.5875014e+00
   2.0000000e+00   3.7564098e+00   1.8205132e+00   3.9054339e+00   3.6562466e+00   3.2243048e+00   2.1398003e+00   3.3781553e+00   1.5574059e+00   5.0633916e+00   2.2684350e+00
   2.0000000e+00   1.4801567e+00   1.7147260e+00   3.2902102e+00   4.0136516e+00   4.2999821e+00   3.1025855e+00   2.9251693e+00   3.4038336e+00   2.3933803e+00   3.2579056e+00
   2.0000000e+00   1.3531769e+00   4.1762923e+00   5.2797574e+00   3.1449892e+00   2.4713788e+00   1.4024054e+00   3.2610294e+00   2.1421611e+00   2.8304573e+00   2.7550872e+00
   2.0000000e+00   4.7466372e+00   2.9515318e+00   3.3391818e+00   2.9996130e+00   1.5509653e+00   4.2775733e+00   4.8679696e+00   3.2714825e+00   4.1010379e+00   2.1914059e+00
   2.0000000e+00   3.6561211e+00   2.9616602e+00   3.1554032e+00   2.0833472e+00   3.1154607e+00   4.1450525e+00   4.8681371e-02   2.1066705e+00   2.7853848e+00   5.6512640e+00
   2.0000000e+00   3.8077384e+00   3.1974970e+00   3.0158103e+00   3.8161273e+00   2.0309673e+00   3.6472904e+00   1.6219146e+00   3.9164845e+00   3.3054564e+00   3.6362126e+00
   2.0000000e+00   4.1380554e+00   4.8191182e+00   3.4156887e+00   1.5047582e+00   2.4804672e+00   1.9079523e+00   2.4392057e+00   3.3582774e+00   2.3692439e+00   2.3160584e+00
   2.0000000e+00   3.1192064e+00   2.9101397e+00   1.8519353e+00   2.6570487e+00   2.8244291e+00   4.3994806e+00   3.6673754e+00   4.2365597e+00   2.6164599e+00   4.2319159e+00
   2.0000000e+00   3.9903411e+00   5.2849950e-01   2.9555422e+00   1.6384046e+00   3.4592622e+00   2.9483580e+00   3.8831884e+00   4.7418482e+00   2.7679850e+00   3.3769904e+00
   2.0000000e+00   4.2249930e+00   3.2318987e+00   2.6482197e+00   3.7504686e-01   4.1613804e+00   1.7373745e+00   7.9931090e-01   3.9443144e+00   3.0750265e+00   2.8195364e+00
   2.0000000e+00   2.4112816e+00   2.9240872e+00   5.1609016e+00   3.2594511e+00   4.1254921e+00   3.3844833e+00   3.8198308e+00   3.1223502e+00   2.7334247e+00   2.0204288e+00
   2.0000000e+00   2.0475552e+00   1.7337554e+00   4.2589540e+00   1.3207808e+00   4.2922123e+00   4.3304864e+00   2.0678556e+00   3.5586239e+00   3.4764661e+00   1.9181934e+00
   2.0000000e+00   2.7158576e+00   1.3868682e+00   2.6289721e+00   3.1524777e+00   4.6484403e+00   2.4856805e+00   3.4108800e+00   3.2136737e+00   2.9285161e+00   1.7078683e+00
   2.0000000e+00   2.3524648e+00   1.6952830e+00   3.7200900e+00   4.7418409e+00   1.6565741e+00   4.0331352e+00   2.8121419e+00   2.6348778e+00   2.8136180e+00   3.7127285e+00
   2.0000000e+00   2.3580511e+00   2.2396182e+00   9.8174575e-01   1.4577831e+00   3.5758666e+00   3.5490956e+00   2.1654603e+00   1.3647850e+00   2.5059129e+00   2.0895590e+00
   2.0000000e+00   3.8137538e-01   5.0755188e+00   4.1465461e+00   3.3591291e+00   3.2901394e+00   1.1416579e+00   2.8242332e+00   1.6926604e+00   4.6433308e+00   2.6783178e+00
   2.0000000e+00   2.9899038e+00   2.8476929e+00   2.7223783e+00   2.7239824e+00   7.2983936e-01   2.8812253e+00   4.1232054e+00   1.6688465e+00   1.3400320e+00   3.9397115e+00
   2.0000000e+00   2.3954119e+00   2.8166101e+00   1.7490226e+00   2.0048123e+00   4.2085056e+00   4.0389229e+00   2.1431111e+00   2.4321911e+00   2.9584404e+00   3.8498398e+00
   2.0000000e+00   2.1214581e+00   2.8891141e+00   4.5870825e+00   3.9028879e+00   2.3110489e+00   2.5234990e+00   4.0149669e+00   1.6019157e+00   3.6649851e+00   2.8008281e+00
   1.0000000e+00   3.7941886e+00   2.1677249e+00   3.0197660e+00   4.7589294e+00   2.6525209e+00   4.0985256e+00   3.2181957e+00   3.5943879e+00   3.2447030e+00   3.3843522e+00
   2.0000000e+00   2.4409013e+00   4.5659487e+00   2.2385221e+00   2.5305491e+00   2.4071835e+00   1.3472873e+00   3.1962212e+00   3.2349370e+00   1.8170090e+00   5.1443958e+00
   2.0000000e+00   2.2307127e+00   3.2930029e+00   4.0679936e+00   3.2251716e+00   2.1510846e+00   5.0943513e+00   3.3208728e+00   1.3009430e+00   2.7574624e+00   3.3891495e+00
   2.0000000e+00   3.6399938e+00   3.2261624e+00   3.9785977e+00   2.5547527e+00   2.7904046e+00   3.1311943e+00   2.4725230e+00   1.0252062e+00   2.0192031e+00   4.1308718e+00
   2.0000000e+00   2.9430741e+00   1.8969048e+00   2.3669034e+00   4.2066002e+00   5.4113291e+00   3.1951656e+00   2.9504618e+00   2.6309138e+00   4.7778638e+00   1.5648792e+00
   2.0000000e+00   3.5373954e+00   2.6234268e+00   3.7812653e+00   3.1093878e+00   2.5596078e+00   3.7294850e+00   2.7746819e+00   3.6635678e+00   4.7627861e+00   3.4455322e+00
   2.0000000e+00   2.9518891e+00   2.9284717e+00   2.4520489e+00   3.2164731e+00   3.1042680e+00   2.8593765e+00   2.2142034e+00   2.5426882e+00   2.8971460e+00   3.9808289e+00
   2.0000000e+00   1.2852369e+00   2.7999046e+00   3.0601251e+00   4.2292914e+00   3.7382172e+00   2.3233724e+00   1.9104682e+00   1.5187542e+00   3.3497564e+00   1.9881141e+00
   2.0000000e+00   3.0409076e+00   2.5154985e+00   1.1869923e+00   3.9233297e+00   3.0896739e+00   3.6703903e+00   3.3329941e+00   1.5252892e+00   2.4116586e+00   1.5847687e+00
   1.0000000e+00   3.0407267e+00   3.7403355e+00   2.2542460e+00   2.3529434e+00   2.6068312e+00   4.2624222e+00   3.5367003e+00   3.9273049e+00   3.4838105e+00   1.3928522e+00
   2.0000000e+00   3.0952906e+00   3.6328041e+00   3.1869813e+00   1.9743517e+00   2.9578287e+00   2.0610754e+00   2.3142748e+00   3.0389493e+00   2.3479115e+00   1.9076154e+00
   2.0000000e+00   2.9019319e+00   1.6556362e+00   3.8917907e+00   4.5806027e+00   3.5681815e+00   3.6964589e+00   2.3672278e+00   3.4137368e+00   4.3738900e+00   4.4454363e+00
   2.0000000e+00   3.4667310e+00   3.9219557e+00   2.6707825e+00   2.7269192e+00   4.2041375e+00   3.6414849e+00   2.9737179e+00   2.3019717e+00   2.7008175e+00   4.3445203e+00
   2.0000000e+00   2.6035165e+00   2.4015052e+00   3.6699340e+00   1.0720933e+00   3.6294560e+00   2.8764939e+00   2.4775907e+00   2.7996745e+00   4.7294950e+00   2.8675228e+00
   2.0000000e+00   2.3414859e+00   2.2727489e+00   2.9507775e+00   2.3781809e+00   4.7761976e+00   3.7907363e+00   4.0415395e+00   4.2256622e+00   4.7957671e+00   1.7083973e+00
   1.0000000e+00   1.1623261e+00   2.2918327e+00   2.1975234e+00   2.7684683e+00   3.2327222e+00   2.8898134e+00   2.9584515e+00   2.6770761e+00   3.6896124e+00   2.4524686e+00
   2.0000000e+00   3.8923148e+00   4.0450597e+00   4.2193370e+00   3.4548086e+00   2.0653828e+00   3.9403342e+00   1.8149548e+00   2.9331785e+00   3.0659103e+00   1.2714628e+00
