   2.0000000e+00   2.2205245e+00   4.1438892e+00   1.9328173e+00   3.5416625e+00   4.2418683e+00   2.7920796e+00   2.7302235e+00   2.9883483e+00   1.5210410e+00   4.2645010e+00
   1.0000000e+00   1.7119228e+00   4.1995123e+00   2.7948555e+00   2.7882278e+00   3.3421426e+00   3.2653474e+00   3.1615317e+00   2.6078283e+00   3.3380760e+00   2.8423950e+00
   2.0000000e+00   2.9955148e+00   3.4874907e+00   4.2286174e+00   1.4343495e+00   3.5505928e+00   2.4477298e+00   2.7677220e+00   3.7514056e+00   2.0543732e+00   2.1013688e+00
   1.0000000e+00   2.1593000e+00   2.5812822e+00   4.6557894e+00   2.4621349e+00   3.6547007e+00   4.5096936e+00   2.2358842e+00   3.7310767e+00   4.1136245e+00   1.8820337e+00
   2.0000000e+00   4.2677812e+00   2.5223443e+00   3.0020492e+00   5.9095092e+00   3.2868112e+00   2.2800274e+00   2.0703416e+00   2.8719101e+00   2.6919937e+00   1.7581166e+00
   2.0000000e+00   5.2273835e+00   1.8256647e+00   4.4858261e+00   3.4928272e+00   4.4183576e+00   1.8474406e+00   3.6078671e+00   2.4436679e+00   3.8627350e+00   3.3984553e+00
   2.0000000e+00   3.1526620e+00   4.1643478e+00   2.8414472e+00   3.2150983e+00   1.8810682e+00   2.3738229e+00   2.4348891e+00   3.2575859e+00   4.7242630e+00   3.3393931e+00
   2.0000000e+00   3.2822603e+00   2.1016421e+00   2.1260648e+00   2.5909853e+00   2.9253123e+00   2.3057382e+00   2.0588211e+00   4.8614907e+00   2.6606459e+00   2.2164229e+00
   2.0000000e+00   1.0416551e+00   1.0526587e+00   2.8961592e+00   1.1805490e+00   4.0841195e+00   1.7214505e+00   1.6286631e+00   1.5449738e+00   2.3982178e+00   3.7540285e+00
   2.0000000e+00   4.4973941e+00   2.1729879e+00   1.2573993e+00   3.1355983e+00   2.9854504e+00   1.7230554e+00   1.6264351e+00   4.7180341e+00   4.1117115e+00   1.9344163e+00
   2.0000000e+00   2.3761744e+00   4.4510556e+00   2.1737456e+00  -7.8963218e-02   3.6429255e+00   4.7293374e+00   3.6866086e+00   1.1637697e+00   3.3168987e+00   4.4873628e+00
   2.0000000e+00   3.3908986e+00   3.2528315e+00   2.3787764e+00   2.0766185e+00   1.3801308e+00   3.0671332e+00   2.6359454e+00   2.1630661e+00   3.0372828e+00   8.7226757e-01
   2.0000000e+00   2.7987020e+00   2.6332415e+00   4.3784282e+00   1.5448775e+00   3.3487475e+00   2.0762332e+00   3.6190511e+00   3.5744738e+00   3.1422216e+00   2.7262256e+00
   2.0000000e+00   3.3435620e+00   3.2042979e+00   3.2225549e+00   2.7867061e+00   4.0834135e+00   4.0671077e+00   4.2154049e+00   4.1095090e+00   2.2609842e+00   3.7533096e+00
   2.0000000e+00   2.9136077e+00   3.3884392e+00   5.0441420e+00   4.0736173e+00   7.5988014e-01   2.0415538e+00   2.7331701e+00   2.1365135e+00   4.0498451e+00   3.0122751e+00
   2.0000000e+00   3.1306922e+00   3.4379469e+00   3.4451338e+00   3.5159497e+00   2.7643557e+00   4.5342375e+00   3.7254524e+00   2.8161994e+00   2.5401094e+00   3.0490701e+00
   2.0000000e+00   1.9359433e+00   2.8197179e+00   3.3536367e+00   2.5563340e+00   1.7468287e+00   2.7083710e+00   5.8959517e+00   2.1838185e+00   4.1101096e+00   2.4914798e+00
   2.0000000e+00   3.1326948e+00   5.2844226e+00   2.7762671e+00   1.3734620e+00   1.9698039e+00   2.2313462e+00   2.6646327e+00   1.4587830e+00   2.5138501e+00   4.9652575e+00
   1.0000000e+00   1.5116300e+00   4.0582332e+00   2.1084592e+00   2.4668319e+00   3.5928357e+00   4.3203005e+00   3.4476096e+00   4.1409600e+00   4.4559230e+00   2.5396649e+00
   2.0000000e+00   2.8914335e+00   5.2305344e-01   3.1694713e+00   1.8144217e+00   4.0902526e+00   2.4422952e+00   2.6945266e+00   2.5186347e+00   3.2971301e+00   3.6979982e+00
   2.0000000e+00   3.1825896e+00   2.0485866e+00   2.6238610e+00   3.4294818e+00   2.7905386e+00   3.0089443e+00   4.1169479e+00   3.0305794e+00  -1.0270395e-01   4.2112566e+00
   2.0000000e+00   2.7215544e+00   2.9675086e+00   1.4427466e+00   2.4143794e+00   2.4807788e+00   3.7271606e+00   2.5997767e+00   5.1130242e+00   2.8174059e+00   2.6602409e+00
   2.0000000e+00   3.3257195e+00   3.4971781e+00   3.5149369e+00   4.4167441e+00   4.8022461e+00   3.2903809e+00   2.5828469e+00   3.3417732e+00   4.2599672e+00   4.4486456e+00
   2.0000000e+00   3.8849953e+00   2.7152489e+00   2.8350090e+00   2.8826230e+00   2.9138748e+00   2.3609505e+00   3.6629793e+00   2.9737966e+00   2.6811330e+00   3.4439106e+00
   2.0000000e+00   1.4060015e+00   2.9541354e+00   3.2619980e+00   1.4811398e+00   3.3806104e+00   8.9370718e-01   2.9782472e+00   3.7202781e+00   2.3493605e+00   1.5121976e+00
   2.0000000e+00   1.5446393e+00   2.6750847e+00   2.4796041e+00   3.0792361e+00   2.6520745e+00   2.2178953e+00   2.3153629e+00   3.2403199e+00   3.4488367e+00   2.5287243e+00
   1.0000000e+00   2.3802243e+00   1.6836342e+00   3.6853962e+00   3.7173677e+00   3.5073297e+00   3.6824973e+00   8.3318287e-01   1.7935899e+00   4.4640001e+00   2.8547849e+00
   2.0000000e+00   3.4282077e+00   5.1297614e+00   2.4014625e+00   2.5040612e+00   1.7778325e+00   4.0764166e+00   1.5921304e+00   3.7342761e+00   3.7419269e+00   3.6379232e+00
   1.0000000e+00   3.3457032e+00   2.8038773e+00   3.3557861e+00   3.6177384e+00   3.0215643e+00   3.2456337e+00   2.4593427e+00   3.0084014e+00   3.1132844e+00   3.7127072e+00
   2.0000000e+00   2.6446592e+00   5.3246577e+00   3.6681915e+00   3.3393041e+00   2.1142917e+00   3.9271134e+00   3.7883134e+00   2.9110061e+00   3.5152166e+00   3.6970642e+00
   2.0000000e+00   3.5801048e+00   2.1097810e+00   2.8746493e+00   3.3844474e+00   2.8083772e+00   3.3228142e+00   3.6989266e+00   3.7619168e+00   3.5183308e+00   1.5530012e+00
   1.0000000e+00   5.0787723e+00   2.7428150e+00   2.0796315e+00   2.6734506e+00   3.6895146e+00   4.4522529e+00   3.5461871e+00   3.1955165e+00   2.8198534e+00   1.4742479e+00
   2.0000000e+00   1.9209506e+00   1.6911587e+00   3.2386400e+00   2.8723555e+00   4.9593320e+00   4.4991321e+00   4.0278239e+00   2.4520429e+00   3.3976018e+00   4.3455117e+00
   2.0000000e+00   2.1539151e+00   2.1443962e+00   4.0771931e+00   2.8657326e+00   2.5479586e+00   2.4166851e+00   2.8006293e+00   1.7925973e+00   2.9870687e+00   3.8234466e+00
   1.0000000e+00   1.1700039e+00   3.9020377e+00   8.2196211e-01   2.8715212e+00   3.5332546e+00   3.0201611e+00   3.3815713e+00   3.6511874e+00   3.7014696e+00   3.4121845e+00
   2.0000000e+00   3.1336107e+00   3.7557650e+00   3.1140049e+00   1.5442661e+00   2.5429446e+00   3.6012759e+00   2.9381457e+00   3.7874477e+00   3.6210934e+00   4.5461898e+00
   1.0000000e+00   3.7947935e+00   2.1245278e+00   3.1411374e+00   2.9817340e+00   3.0894461e+00   4.2833251e+00   3.4492307e+00   3.2032373e+00   1.5724579e+00   4.8469487e+00
   2.0000000e+00   2.6284992e+00   3.1509604e+00   3.3499534e+00   1.8095632e+00   5.7825861e+00   3.1476520e+00   2.8145004e+00   3.0917341e+00   2.4530694e+00   2.2277040e+00
   1.0000000e+00   4.0900491e+00   2.5596050e+00   2.6213240e+00   3.1279466e+00   3.1813291e+00   2.4851675e+00   4.0327745e+00   2.9102580e+00   1.7694964e+00   3.0419028e+00
   2.0000000e+00   2.7684392e+00   3.8276460e+00   3.3381812e+00   1.8335547e+00   2.4030548e+00   2.9700960e+00   1.4383130e+00   2.8816936e+00   3.0960679e+00   3.4310674e+00
   2.0000000e+00   3.2437044e+00   2.2306753e+00   2.4459116e+00   4.3627652e+00   4.0022244e+00   1.6670245e+00   5.3619244e+00   2.7899488e+00   7.2227613e-01   3.1203654e+00
   2.0000000e+00   4.0138834e+00   4.5557760e+00   3.2552972e+00   3.8209752e+00   3.9248121e+00   2.4677989e+00   2.7297446e+00   4.4335917e+00   2.8819563e+00   3.2028053e+00
   2.0000000e+00   3.5879130e+00   1.4496486e+00   4.1481387e+00   2.4608069e+00   1.4783205e+00   2.1404663e+00   1.7678946e+00   4.1606105e+00   4.0581546e+00   3.1941547e+00
   2.0000000e+00   3.3156851e+00   3.2907460e+00   2.9092308e+00   5.0646126e+00   2.3599147e+00   3.1823055e+00   1.8549708e+00   2.6271456e+00   3.4362949e+00   4.0865713e+00
   2.0000000e+00   4.4264767e+00   1.4869753e+00   1.9207783e+00   4.1393571e+00   2.5519848e+00   2.7558682e+00   2.9587315e+00   3.7397229e+00   4.4115237e+00   2.5127636e-01
   2.0000000e+00   2.0859415e+00   2.2743465e+00   2.8966286e+00   3.8533972e+00   2.7463333e+00   4.1456638e+00   4.3018001e+00   2.4202206e+00   2.9853878e+00   2.9941082e+00
   2.0000000e+00   2.5352522e+00   1.9243913e+00   3.4340960e+00   9.2724927e-01   3.1049093e+00   3.1964322e+00   2.0566943e+00   2.2831888e+00   2.4622086e+00   2.7495670e+00
   2.0000000e+00   3.2962008e+00   4.5488176e+00   2.7297757e+00   1.7342460e+00   2.4396383e+00   1.8664654e+00   3.4190233e+00   2.8777400e+00   1.1652390e+00   2.5312960e+00
   1.0000000e+00   2.6429575e+00   2.8374791e+00   4.6612803e+00   2.2977192e+00   3.4334416e+00   3.4392607e+00   2.1742276e+00   3.2072738e+00   5.6355334e+00   3.1440094e+00
   1.0000000e+00   2.4361433e+00   3.3258208e+00   2.5588307e+00   2.6723063e+00   3.4707564e+00   2.0047877e+00   3.9546722e+00   2.4345333e+00   3.2907739e+00   3.5342110e+00
   2.0000000e+00   3.7203820e+00   1.5580919e+00   2.5749225e+00   1.6884486e+00   2.1574295e+00   3.2073165e+00   2.4483291e+00   1.5607806e+00   4.0655986e+00   2.7150596e+00
   1.0000000e+00   2.4923649e+00   2.0399254e+00   4.6296658e+00   3.6550806e+00   3.3759190e+00   5.4452591e+00   2.2024850e+00   3.8003446e+00   3.5352273e+00   3.0181335e+00
   2.0000000e+00   3.3950615e+00   3.3475777e+00   3.2986405e+00   2.4772880e+00   1.8781435e+00   2.5623577e+00   5.1764067e+00   2.5538738e+00   2.6126561e+00   1.3500822e+00
   1.0000000e+00   2.8166287e+00   2.8968819e+00   3.5353094e+00   2.8346282e+00   3.8248896e+00   3.2016657e+00   3.2794763e+00   3.0229575e+00   2.6803608e+00   1.8857091e+00
   2.0000000e+00   2.5641976e+00   3.6606314e+00   4.3336351e+00   2.4514543e+00   2.7861532e+00   4.1458124e+00   4.3082065e+00   3.5847289e+00   4.7547691e-01   2.6266893e+00
   1.0000000e+00   3.4572542e+00   4.1571101e+00   2.3448158e+00   2.9117406e+00   3.7200252e+00   1.9849081e+00   3.9574908e+00   3.0833848e+00   1.9937162e+00   2.8296190e+00
   2.0000000e+00   3.2910983e+00   2.0806109e+00   2.8142994e+00   4.3721799e+00   2.0065317e+00   4.2543231e+00   3.2102689e+00   3.0226588e+00   2.5758429e+00   1.9330229e+00
   2.0000000e+00   1.0262929e+00   2.0294756e+00   3.8694913e+00   1.1695286e+00   3.7818648e+00   2.5991723e+00   4.3534010e+00   3.3574924e+00   2.3387929e+00   1.8193557e+00
   2.0000000e+00   2.6609434e+00   3.4560978e+00   2.2033401e+00   2.0385355e+00   2.7237328e+00   3.8326951e+00   2.8859180e+00   3.5487165e+00   3.7275673e+00   3.6129168e+00
   2.0000000e+00   1.9213869e+00   2.8791844e+00   3.2388616e+00   2.5290854e+00   2.9273587e+00   2.4662028e+00   3.5460556e+00   2.4235082e+00   3.4566142e+00   3.1348287e+00
   2.0000000e+00   3.1118957e+00   3.0128987e+00   1.8365867e+00   3.5547399e+00   2.7282763e+00   4.7307099e+00   1.4462232e+00   3.3520115e+00   2.4938293e+00   4.3769033e+00
   2.0000000e+00   2.2825345e+00   2.1144359e+00   3.5093170e+00   1.9769149e+00   3.6712410e+00   4.1931968e+00   1.7780373e+00   3.6067289e+00   1.8153544e+00   3.5457388e+00
   2.0000000e+00   2.9858409e+00   2.0514144e+00   5.2356590e+00   2.4752192e+00   4.8027197e+00   2.3138733e+00   3.7652262e+00   3.3527506e+00   3.7817875e+00   1.8343641e+00
   2.0000000e+00   4.2535780e+00   3.4467960e+00   2.8374624e+00   3.7034838e+00   3.8960985e+00   4.8292098e+00   2.6458984e+00   1.4773045e+00   2.9196173e+00   7.8142672e-01
   2.0000000e+00   4.7017528e+00   4.5601464e+00   2.5977332e+00   1.7720653e+00   3.0294499e+00   2.7205606e+00   2.5898287e+00   4.1474138e+00   3.3341624e+00   3.1392367e+00
   2.0000000e+00   3.7985459e+00   2.6534842e+00   4.6610854e+00   4.0476090e+00   2.2524238e+00   3.8066081e+00   3.3842416e+00   1.9596966e+00   3.3460399e+00   2.7728584e+00
   1.0000000e+00   1.4018803e+00   4.1081699e+00   2.0619953e+00   3.3421787e+00   3.0840472e+00   3.1778773e+00   3.7094887e-01   4.9452569e+00   2.8805082e+00   3.5545595e+00
   2.0000000e+00   4.4671987e+00   4.3697118e+00   2.6234080e+00   3.5699124e+00   2.0023804e+00   2.9951275e+00   2.6396970e+00   2.3385843e+00   3.7162048e+00   3.9139722e+00
   2.0000000e+00   4.0750716e+00   4.0719982e+00   2.9672096e+00   2.9851110e+00   2.9126428e+00   5.0309949e+00   1.9201277e+00   2.7804412e+00   3.2279440e+00   2.7998166e+00
   2.0000000e+00   3.2534381e+00   4.5164162e+00   3.6069951e+00   2.0025480e+00   3.9420729e+00   1.4613827e+00   3.4723293e+00   4.0893390e+00   3.0466564e+00   3.1487870e+00
   2.0000000e+00   5.4304722e+00   3.3587806e+00   1.9109572e+00   1.4004724e+00   2.9125015e+00   1.4825541e+00   3.0305479e+00   1.6418572e+00   1.9352535e+00   2.2786425e+00
   2.0000000e+00   2.5390479e+00   1.3857572e+00   2.0322236e+00   3.1533807e+00   4.1927760e+00   3.8118808e+00   1.4679980e+00   3.4637750e+00   3.0398600e+00   4.2012931e+00
   2.0000000e+00   4.7936832e+00   2.1762312e+00   3.3044405e+00   3.7155574e+00   2.5018318e+00   8.3643623e-01   2.9006523e+00   3.7356770e+00   3.9168641e+00   3.0518852e+00
   1.0000000e+00   1.8935007e+00   2.8454403e+00   2.8108586e+00   3.7242027e+00   3.4375463e+00   3.8216554e+00   2.7742168e+00   3.5379401e+00   2.5912421e+00   2.4674108e+00
   1.0000000e+00   2.6027680e+00   1.5480508e+00   1.3239934e+00   2.9139543e+00   3.3300442e+00   4.3070165e+00   3.5243380e+00   2.2728793e+00   3.4010766e+00   2.5425465e+00
   2.0000000e+00   1.8274455e+00   2.4757952e+00   1.2764008e+00   4.6481364e+00   1.5998581e+00   1.5135977e+00   2.3743001e+00   3.4551601e+00   3.6349774e+00   4.8182728e+00
   2.0000000e+00   3.5626143e+00   4.2746968e+00   1.2678750e+00   3.1850278e+00   2.4781189e+00   2.9674739e+00   1.6505093e+00   2.0204549e+00   6.3305850e+00   3.5079586e+00
   2.0000000e+00   3.3639426e+00   2.2195270e+00   3.0198097e+00   2.5970146e+00   4.0049184e+00   2.4012371e+00   2.9244241e+00   3.2988048e+00   2.2815421e+00   3.4204403e+00
   2.0000000e+00   2.3487821e+00   3.2029798e+00   3.4531331e+00   3.1052228e+00   1.8622106e+00   3.9326793e+00   3.5012972e+00   2.4482221e+00   2.7960333e+00   3.3369283e+00
   2.0000000e+00   1.5930287e+00   3.2812834e+00   3.6670685e+00   2.3840299e+00   2.8467520e+00   2.3667318e+00   3.3608960e+00   3.1892863e+00   2.5700877e+00   3.4543301e+00
   2.0000000e+00   3.0238642e-01   4.8452468e+00   1.9380123e+00   3.6875306e+00   2.0257507e+00   3.8037888e+00   3.6605955e+00   2.1842206e+00   1.4670304e+00   3.4722544e+00
   2.0000000e+00   2.0463787e+00   2.7481767e+00   9.8916059e-01   4.5567528e+00   2.0204988e+00   2.2356954e+00   2.0632520e+00   3.4131294e+00   3.1836979e+00   3.0063762e+00
   2.0000000e+00   1.5654707e+00   3.6453609e+00   3.5922315e+00   4.0400862e+00   2.0785479e+00   4.0773985e+00   2.1480804e+00   2.5080457e+00   3.3254178e+00   4.7115906e+00
   1.0000000e+00   3.6610834e+00   1.7686517e+00   2.9157947e+00   3.2482616e+00   3.8231384e+00   3.3728136e+00   2.3308689e+00   2.1481206e+00   2.6375436e+00   2.7605710e+00
   2.0000000e+00   4.0774277e+00   2.1228583e+00   2.9822533e+00   1.6391964e+00   3.0065651e+00   1.8141118e+00   3.6172551e+00   7.9352516e-01   2.9550470e+00   2.1565619e+00
   1.0000000e+00   9.9783730e-01   3.3265496e+00   2.5939049e+00   2.3633284e+00   3.3741328e+00   1.8489038e+00   3.2836406e+00   3.4705515e+00   2.8976198e+00   2.5872487e+00
   2.0000000e+00   1.2526123e+00   3.5243528e+00   2.6884361e+00   3.4030443e+00   2.4448048e+00   3.0566488e+00   3.3509757e+00   4.7384653e+00   2.6977925e+00   4.1829661e+00
   2.0000000e+00   2.5210518e+00   2.5278324e+00   4.9017549e+00   2.9234000e+00   2.8753615e+00   1.0219507e+00   4.0175039e+00   2.4446343e+00   2.1464051e+00   3.7815206e+00
   2.0000000e+00   3.9473373e+00   3.2747341e+00   2.8461503e+00   4.3824358e+00   3.8369743e+00   3.9157473e+00   3.6776562e+00   4.4388652e+00   2.2807041e+00   4.1719620e+00
   2.0000000e+00   4.2531982e+00   2.3272680e+00   3.5107884e+00   3.6608561e+00   1.7125238e+00   4.4764587e+00   2.8258380e+00   2.8153046e+00   2.0829678e+00   2.7858471e+00
   2.0000000e+00   4.4704731e+00   3.5742491e+00   8.2870225e-01   1.5663064e+00   2.2414872e+00   3.6613477e+00   3.1616055e+00   2.1877675e+00   3.6989119e+00   3.1509365e+00
   2.0000000e+00   2.6036095e+00   2.2976524e+00   1.5126585e+00   3.6329759e+00   4.0205771e+00   1.8525256e+00   5.2280815e+00   3.0826376e+00   2.9741224e+00   1.1856902e+00
   2.0000000e+00   2.3423863e+00   3.2512992e+00   2.2182964e+00   3.6686095e+00   4.6944274e+00   3.2404855e+00   4.4416765e+00   2.5917349e+00   3.3280503e+00   3.9455967e+00
   2.0000000e+00   1.9662438e+00   3.3524129e+00   3.1467928e+00   4.7507002e+00   2.1368117e+00   5.2377065e+00   2.5514644e+00   3.6944112e+00   2.2989426e+00   2.8925128e+00
   1.0000000e+00   3.5509300e+00   4.4328810e+00   3.3616583e+00   3.0853257e+00   3.4392806e+00   4.2576805e+00   1.1353725e+00   2.1407204e+00   8.3366148e-01   3.0560385e+00
   2.0000000e+00   3.7647989e+00   1.8905462e+00   5.5097858e+00   3.2630153e+00   1.7531220e+00   3.5457977e+00   2.6075791e+00   3.1294018e+00   3.0497733e+00   4.0134945e+00
   2.0000000e+00   1.4698546e+00   3.2137587e+00   1.2426665e+00   1.4245909e+00   3.6577018e+00   3.8741138e+00   3.1342303e+00   3.2877711e+00   3.6261162e+00   2.7266274e+00
   1.0000000e+00   2.8601732e+00   1.2735930e+00   1.2718535e+00   2.5396609e+00   3.1331278e+00   4.3434145e+00   1.0023651e+00   3.1272450e+00   4.1435752e+00   3.4308413e+00
   2.0000000e+00   2.4686923e+00   3.1268331e+00   2.7188190e+00   1.5064508e+00   1.9862099e+00   3.1920755e+00   4.3028813e+00   3.2865367e+00   1.1783430e+00   2.2821521e+00
   1.0000000e+00   3.6021585e+00   3.7843111e+00   2.1305754e+00   2.8520350e+00   3.5089666e+00   2.8934839e+00   4.4193293e+00   2.5764212e+00   3.2968850e+00   2.4681606e+00
