   2.0000000e+00   3.0936509e+00   2.9489274e+00   2.5184403e+00   2.6045386e+00   3.1969624e+00   4.7088460e+00   3.4679893e+00   1.7176931e+00   3.9383704e+00   3.6817619e+00
   2.0000000e+00   4.4697104e+00   2.7406967e+00   2.8821852e+00   3.4819134e+00   3.4780505e+00   4.2421130e+00   2.8194972e+00   3.2696557e+00   1.8573419e+00   1.2981869e+00
   2.0000000e+00   2.6054243e+00   4.4060448e+00   2.2375323e+00   2.4563790e+00   3.8431326e+00   3.1528422e+00   1.2334034e+00   3.5969046e+00   3.7411043e+00   1.1334654e+00
   2.0000000e+00   1.9715687e+00   3.0598472e+00   2.6515470e+00   2.1458562e+00   3.4905606e+00   3.2519880e+00   3.0179723e+00   3.9341076e+00   2.3521396e+00   3.6948706e+00
   2.0000000e+00   1.4742754e+00   4.9536053e+00   1.4161485e+00   2.4054303e+00   3.1862426e+00   1.4512160e+00   3.7835481e+00   4.4680867e+00   2.2800971e+00   2.3549368e+00
   1.0000000e+00   2.0173853e+00   2.0177017e+00   3.9708502e+00   3.5746600e+00   4.5064607e+00   3.0161111e+00   2.8997331e+00   3.5491569e+00   2.0757776e+00   4.0458596e+00
   2.0000000e+00   2.9662139e+00   4.0193341e+00   2.3972704e+00   4.1055406e+00   4.2339533e+00   2.3255163e+00   4.4025732e+00   2.6814823e+00   5.4159108e+00   2.9993404e+00
   1.0000000e+00   2.2310261e+00   3.3437432e-01   3.4018822e+00   4.0512434e+00   3.1128670e+00   3.4849845e+00   2.6724914e+00   3.6618991e+00   7.8480474e-01   4.4606290e+00
   2.0000000e+00   3.1609630e+00   4.7271598e-01   3.0716083e+00   2.5548943e+00   3.3622102e+00   3.9404435e+00   1.0673463e+00   3.8286371e+00   3.7146343e+00   1.9549693e+00
   2.0000000e+00   2.7625465e+00   2.3933502e+00   5.1003577e+00   1.7085051e+00   2.3430377e+00   3.1073135e+00   3.2718106e+00   3.5140606e+00   3.6335412e+00   2.3677031e+00
   2.0000000e+00   4.0115079e+00   4.2067183e+00   2.9673242e+00   6.0158118e-01   1.4587997e+00   1.4030064e+00   3.2170544e+00   2.1577441e+00   3.8160050e+00   6.1688493e+00
   2.0000000e+00   3.4100001e+00   3.9656147e+00   2.1689377e+00   1.8267179e+00   3.2604892e+00   2.8055571e+00   3.9868897e+00   2.8096710e+00   2.4847508e+00   2.8247881e+00
   2.0000000e+00   2.0940927e+00   2.7357757e+00   2.2814641e+00   4.3671674e+00   3.4958929e+00   3.2041080e+00   2.0487892e+00   3.1467186e+00   4.4245283e+00   2.5068647e+00
   2.0000000e+00   3.9158994e+00   2.5868818e+00   2.4294532e+00   1.1524349e+00   3.2962057e+00   2.7671353e+00   2.6284445e+00   3.2444607e+00   3.2771103e+00   1.6465791e+00
   1.0000000e+00   1.2915226e+00   2.2358251e+00   3.2440094e+00   3.4469064e+00   3.0748596e+00   3.6617208e+00   3.4065844e+00   3.2349413e+00   4.4000618e+00   2.8558266e+00
   2.0000000e+00   2.8027372e+00   1.8196380e+00   2.1687808e+00   3.7287288e+00   3.7738889e+00   3.5308718e+00   2.5719008e+00   1.4403015e+00   4.2605852e+00   1.6062590e+00
   2.0000000e+00   2.9100676e+00   3.0515879e+00   2.6384387e+00   2.6438938e+00   5.5239365e+00   3.8068418e+00   2.5917427e+00   3.2699378e+00   2.7265067e+00   4.5790188e+00
   1.0000000e+00   2.5754886e+00   2.4570294e+00   3.0385626e+00   4.0825534e+00   2.4164025e+00   1.8423305e+00   2.0146883e+00   2.2850465e+00   3.4709826e+00   3.6127374e+00
   2.0000000e+00   2.2985013e+00   2.1321142e+00   5.5725429e+00   3.9725158e+00   2.2378169e+00   2.9612180e+00   4.0076841e+00   3.7408455e+00   4.6121485e+00   2.9533840e+00
   2.0000000e+00   3.5812842e+00   2.8141366e+00   1.5839421e+00   3.5366598e+00   3.9984532e+00   3.7901234e+00   3.7958598e+00   2.9568634e+00   4.3789874e+00   1.9899090e+00
   1.0000000e+00   2.9672456e+00   2.6159719e+00   3.6608562e+00   3.9374901e+00   2.9127743e+00   2.4682739e+00   2.7198025e+00   3.2546670e-01   3.8552879e+00   1.9456624e+00
   2.0000000e+00   2.9247248e+00   2.2864895e+00   2.9224759e+00   2.0684915e+00   1.3973892e+00   2.9772688e+00   2.9276573e+00   2.7467411e+00   3.6965041e+00   2.6994820e+00
   2.0000000e+00   1.5660611e+00   3.0167338e+00   2.8061609e+00   4.4326228e+00   1.1086705e+00   4.1151669e+00   2.3598269e+00   1.8698998e+00   3.8811714e+00   3.7631369e+00
   2.0000000e+00   2.3819598e+00   9.9517322e-01   2.9221084e+00   2.6833955e+00   3.6952610e+00   3.5912919e+00   4.6770380e+00   2.3704012e+00   3.7249858e+00   2.5172151e+00
   2.0000000e+00   1.3120627e+00   2.3647026e+00   3.8370748e+00   2.8217491e+00   3.2846772e+00   4.0914639e+00   4.2760492e+00   3.9931132e+00   3.7484842e+00   3.1096471e+00
   2.0000000e+00   4.1206643e+00   1.1952529e+00   2.6991551e+00   3.9226513e+00   1.2477484e+00   2.5083201e+00   1.2787507e+00   3.6683778e+00   4.7807083e+00   2.5126389e+00
   2.0000000e+00   4.2179119e+00   3.4156964e+00   2.2217343e+00   3.2637507e+00   2.2384037e+00   3.1746495e+00   3.4814032e+00   3.7012758e+00   3.0217783e+00   2.9436711e+00
   2.0000000e+00   2.9646768e+00   2.7549707e+00   2.8453856e+00   3.5953127e+00   1.9712663e+00   4.6687361e+00   1.2790723e+00   3.4237685e+00   2.5946241e+00   3.5491534e+00
   2.0000000e+00   1.7629391e+00   2.1408791e+00   2.9591314e+00   3.2333020e+00   3.5347513e+00   1.9278417e+00   3.5629366e+00   3.0671274e+00   3.4838924e+00   3.0478566e+00
   2.0000000e+00   2.6152264e+00   2.6151892e+00   4.5425788e+00   3.4476296e+00   2.1898066e+00   2.3835663e+00   3.1247363e+00   3.6261117e+00   3.7707172e+00   3.4012338e+00
   2.0000000e+00   1.8819048e+00   3.1338153e+00   4.1026670e+00   1.4179545e+00   1.8310075e+00   3.0621118e+00   2.9410447e+00   1.6032631e+00   1.7432242e+00   2.3215966e+00
   2.0000000e+00   2.8167578e+00   3.9941368e+00   1.6579505e+00   1.8529744e+00   3.0418877e+00   3.0281728e+00   1.5091138e+00   2.0218632e+00   1.2933594e+00   3.2510650e+00
   1.0000000e+00   3.0310394e+00   1.8841285e+00   3.8835140e+00   7.7751116e-01   3.8943633e+00   3.8961022e+00   2.8800167e+00   2.1933370e+00   2.8833145e+00   1.9201245e+00
   2.0000000e+00   1.6192184e+00   3.4432539e+00   8.1569120e-01   3.2468176e+00   3.5460339e+00   3.0704388e+00   2.0956056e+00   4.3689787e+00   3.0869272e+00   2.1665515e+00
   1.0000000e+00   4.0491380e+00   3.8963418e+00   3.2384156e+00   3.1579513e+00   2.0655242e+00   4.5208784e+00   3.5550680e+00   2.8189684e+00   4.5782599e+00   2.6243877e+00
   1.0000000e+00   3.8063027e+00   2.4587823e+00   3.1092002e+00   3.1108721e+00   3.0754441e+00   1.8993272e+00   3.8333047e+00   2.0344542e+00   4.1805305e+00   5.5581841e+00
   2.0000000e+00   2.5162609e+00   4.0111374e+00   1.3595659e+00   1.3427492e+00   3.0958659e+00   2.8334824e+00   1.8719712e+00   3.0682106e+00   4.4063904e+00   5.2867191e+00
   2.0000000e+00   3.3020937e+00   3.2749530e+00   2.0134792e+00   2.7881038e+00   2.3069961e+00   3.2262816e+00   3.0163208e+00   1.9330904e+00   2.9104908e+00   4.3081475e+00
   1.0000000e+00   2.1351502e+00   1.7954961e+00   3.8883887e+00   3.5308476e+00   3.6325379e+00   4.7746985e+00   3.0404518e+00   2.7902614e+00   5.9537674e+00   2.5743992e+00
   2.0000000e+00   1.9593644e+00   2.8132508e+00   2.4362493e+00   5.8726465e+00   3.9393022e+00   3.2947299e+00   4.2045522e+00   3.8245419e+00   2.6027252e+00   2.2583923e+00
   2.0000000e+00   8.7664117e-01   2.9497940e+00   2.3511134e+00   2.6844879e+00   2.8509354e+00   2.9698936e+00   2.2775999e+00   2.4911872e+00   3.4185976e+00   3.7085881e+00
   2.0000000e+00   3.5779906e+00   3.5739450e+00   1.7969070e+00   2.7909813e+00   3.2868925e+00   1.7899463e+00   1.6295662e+00   1.7936285e+00   3.7775110e+00   1.9273713e+00
   2.0000000e+00   1.4040768e+00   2.1308573e+00   1.5577725e+00   4.0001265e+00   2.7252850e+00   3.6404680e+00   4.4255215e+00   2.8584943e+00   3.7176775e+00   2.0299953e+00
   1.0000000e+00   3.3971262e+00   2.8878191e+00   3.4943439e+00   3.6888067e+00   2.6787576e+00   2.7567866e+00   2.7945215e+00   2.5934163e+00   3.0318300e+00   4.6583199e+00
   2.0000000e+00   1.7365307e+00   2.2546031e+00   3.3401963e+00   2.3114660e+00   2.8702861e+00   3.8575231e+00   2.2504310e-01   2.0354003e+00   2.3741748e+00   2.5844219e+00
   2.0000000e+00   4.7259807e+00   2.0397483e+00   1.9590473e+00   2.3194992e+00   4.7958349e+00   2.0729724e+00   4.4792149e+00   1.5255193e+00   2.7050528e+00   2.8604344e+00
   2.0000000e+00   2.8570286e+00   3.2581897e+00   2.1137819e+00   4.3490565e+00   3.6897445e+00   2.7319571e+00   4.6261690e+00   1.1522217e+00   4.8582152e+00   3.3916842e+00
   2.0000000e+00   2.5644365e+00   3.1191931e+00   3.5086842e+00   3.4517069e+00   2.2357342e+00   3.3885857e+00   4.6557533e+00   3.3980466e+00   2.6305434e+00   1.4407004e+00
   2.0000000e+00   4.0701319e+00   3.9178655e+00   3.0759225e+00   1.5231835e+00   2.3941123e+00   4.0139481e+00   1.4917223e+00   4.2845344e+00   3.2413555e+00   2.7698889e+00
   2.0000000e+00   3.3552281e+00   4.4366366e+00   2.1172217e+00   3.1941701e+00   1.5793214e+00   2.1939415e+00   3.0280830e+00   1.8026140e+00   3.8986377e+00   1.7845001e+00
   2.0000000e+00   2.9690633e+00   3.5377276e+00   2.9190315e+00   1.7655732e+00   3.2612273e+00   2.9666703e+00   4.6162473e+00   3.3613214e+00   3.5906165e+00   2.0037957e+00
   2.0000000e+00   3.9579343e+00   2.3354042e+00   2.2636985e+00   1.5732203e+00   3.7820897e+00   4.9286151e+00   2.6841544e+00   2.6396765e+00   3.7785919e+00   2.9027349e+00
   2.0000000e+00   2.4406492e+00   2.5632341e+00   2.4904028e+00   3.1425922e+00   3.3250441e+00   4.7554472e+00   2.1761917e+00   3.2418016e+00   2.3223469e+00   4.3317575e+00
   2.0000000e+00   3.1211324e+00   2.8730458e+00   2.7416872e+00   2.6269998e+00   4.4955183e+00   4.0293428e+00   2.9266626e+00   3.5368839e+00   3.4515157e+00   3.6712050e+00
   2.0000000e+00   4.3638225e+00   1.2918868e+00   2.0099012e+00   3.0862095e+00   5.2185130e+00   3.2847086e+00   1.5117785e+00   4.2122914e+00   4.1360571e+00   1.1547525e+00
   2.0000000e+00   3.9339493e+00   1.2636238e+00   3.4922196e+00   1.9118078e+00   4.0240535e+00   3.8527598e+00   4.2223063e+00   4.4916727e+00   3.0583049e+00   3.6835152e+00
   2.0000000e+00   1.8709664e+00   9.5403987e-01   4.0086683e+00   1.9407899e+00   3.3979475e+00   3.8155006e+00   2.1974330e+00   2.6433746e+00   3.3832876e+00   2.7487417e+00
   2.0000000e+00   2.1614679e+00   4.0004381e+00   1.8269247e+00   4.1030574e+00   4.2936187e+00   3.5038005e+00   3.6335268e+00   1.9812205e+00   2.1894447e+00   3.5060376e+00
   1.0000000e+00   3.9456058e+00   1.3297687e+00   3.7945076e+00   3.0908301e+00   3.6614800e+00   2.4405888e+00   3.5969386e+00   1.4336142e+00   2.9049637e+00   3.0809894e+00
   2.0000000e+00   1.3407720e+00   2.5915438e+00   2.9035956e+00   3.8115978e+00   6.1906779e+00   4.1090033e+00   4.5834387e+00   3.2206029e+00   4.7892983e+00   3.4061585e+00
   2.0000000e+00   2.1349701e+00   4.1430764e+00   2.2223104e+00   4.7386822e+00   2.1216549e-01   2.7842395e+00   2.2941365e+00   1.6566812e+00   2.4894700e+00   3.1005971e+00
   1.0000000e+00   3.4395216e+00   3.2737764e+00   3.3134075e+00   2.7712532e+00   2.0324714e+00   2.2532037e+00   2.4887613e+00   4.0355223e+00   4.5055557e+00   2.1424184e+00
   2.0000000e+00   3.6310165e+00   3.4701355e+00   2.2691776e+00   5.6662481e-01   3.1163869e+00   4.3563742e+00   3.8905651e+00   2.9939886e+00   2.3570417e+00   3.7533494e+00
   2.0000000e+00   1.4598212e+00   3.9959846e+00   2.3931106e+00   4.2475421e+00   5.8164456e+00   2.9500602e+00   5.0611548e+00   2.8657765e+00   1.3367086e+00   5.7636065e-01
   1.0000000e+00   2.5021518e+00   3.0568298e+00   3.8406819e+00   2.8225580e+00   2.3438149e+00   2.6422271e+00   3.2080712e+00   1.8504944e+00   4.0561079e+00   3.6207670e+00
   2.0000000e+00   3.4763449e+00   2.0918898e+00   3.9631734e+00   1.6878126e+00   3.3030035e+00   1.8091609e+00   1.6114972e+00   3.2608367e+00   2.5000245e+00   1.7059539e+00
   2.0000000e+00   3.3537596e+00   1.7158601e+00   1.5680256e+00   2.0436780e+00   2.8866404e+00   1.9256060e+00   2.6169933e+00   3.1767160e+00   5.1302261e+00   4.5493053e+00
   2.0000000e+00   7.9311126e-01   3.0996680e+00   1.3993094e+00   3.3774150e+00   3.5944357e+00   2.5226745e+00   5.3134908e+00   3.6636058e+00   2.6222900e+00   2.1062413e+00
   2.0000000e+00   3.2881842e+00   3.4164240e+00   4.5356351e+00   3.4060447e+00   3.8873993e+00   4.8588441e+00   3.9526664e+00   3.5754029e+00   2.3164067e+00   3.1090213e+00
   2.0000000e+00   2.5800879e+00   3.7259374e+00   4.5541061e+00   9.6583638e-01   3.0614961e+00   4.8089619e+00   3.5567566e+00   4.1107068e+00   4.4022221e+00   2.5148227e+00
   2.0000000e+00   3.7023813e+00   2.0254189e+00   2.0608919e+00   3.5678544e+00   1.8076647e+00   2.5505338e+00   2.8501134e+00   2.3375067e+00   4.0970159e+00   1.3839883e+00
   2.0000000e+00   4.1718847e+00   1.6947627e+00   4.7199407e+00   3.1440309e+00   2.2806450e+00   3.0110692e+00   3.0399404e-03   4.0904159e+00   2.8879779e+00   1.3469227e+00
   2.0000000e+00   3.9659210e+00   2.2202519e+00   1.6880838e+00   1.8300539e+00   2.9230866e+00   2.1453027e+00   3.1745588e+00   3.6264748e+00   4.8911639e+00   9.0831249e-01
   2.0000000e+00   3.7673934e+00   2.8268177e+00   2.9451639e+00   3.1909027e+00   1.7186556e+00   2.7359962e+00   3.1983346e+00   2.8517590e+00   2.0311031e+00   2.7613516e+00
   2.0000000e+00   2.6287804e+00   3.9155962e+00   4.5062040e+00   2.9750298e+00   2.7594404e+00   2.1438045e+00   2.5464307e+00   3.5107199e+00   4.5420283e+00   5.2989980e+00
   2.0000000e+00   4.1688124e+00   1.3376004e-01   3.1016093e+00   3.6946702e+00   2.7945054e+00   1.5944995e+00   4.6963851e+00   3.6246258e+00   1.5584856e+00   1.9987747e+00
   2.0000000e+00   3.0673761e+00   3.8772722e+00   4.0145298e+00   1.9825760e+00   2.2414532e+00   4.4685964e+00   3.5714629e+00   4.3197813e+00   2.9269734e+00   2.9806675e+00
   2.0000000e+00   4.5926599e+00   4.7391737e+00   2.3843988e+00   1.3427960e+00   1.5300499e+00   3.7327143e+00   2.6184442e+00   2.8966754e+00   4.6909689e+00   1.8256236e+00
   2.0000000e+00   2.2750617e+00   1.3617918e+00   4.3697435e+00   2.4896706e+00   3.5958175e-01   2.2526519e+00   1.8710863e+00   1.8854788e+00   3.6057418e+00   3.0714584e+00
   1.0000000e+00   4.9442619e+00   2.7549826e+00   3.0055066e+00   2.1463746e+00   2.7636898e+00   9.6118912e-01   2.3962363e+00   2.5391129e+00   2.8530216e+00   4.4995795e+00
   2.0000000e+00   3.1542642e+00   5.9523408e-01   3.9979945e+00   3.3116728e+00   4.1941033e+00   1.8590133e+00   2.0447790e+00   3.0061986e+00   1.6356512e+00   3.3380953e+00
   2.0000000e+00   2.2711109e+00   4.0693829e+00   2.4669883e+00   3.2346153e+00   2.1021286e+00   1.8411652e+00   2.8011212e+00   3.2602592e+00   2.4252471e+00   4.0261580e+00
   2.0000000e+00   2.9698116e+00   1.8323065e+00   1.1444025e+00   2.1931804e+00   2.8559784e+00   3.3424630e+00   1.4617983e+00   3.5714275e+00   1.6567514e+00   4.2134304e+00
   2.0000000e+00   5.5510148e+00   3.7058038e+00   3.9138701e+00   2.6901840e+00   2.0826391e+00   3.7926945e+00   1.9503359e+00   1.5337289e+00   1.6418418e+00   4.6380269e+00
   2.0000000e+00   1.5067630e+00   2.8898105e+00   4.7809064e+00   3.7287198e+00   3.2423873e+00   4.2429547e+00   2.6100030e+00   2.9248565e+00   3.3002875e+00   1.3206513e+00
   2.0000000e+00   3.4490819e+00   3.1443831e+00   2.6628358e+00   3.5660257e+00   1.2209304e+00   3.4921353e+00   4.2030386e+00   2.2685638e+00   4.0995036e+00   2.9489638e+00
   2.0000000e+00   4.1977979e+00   2.2314204e+00   4.0494730e+00   3.0780789e+00   2.0563739e+00   3.0140297e+00   3.6517584e+00   2.5005897e+00   3.2605781e+00   4.1125903e+00
   2.0000000e+00   2.6962311e+00   3.8312169e+00   2.5719851e+00   3.1146974e+00   3.1846934e+00   1.6137997e+00   3.8305530e+00   3.4998591e+00   2.7430428e+00   3.0076235e+00
   1.0000000e+00   3.3099469e+00   2.9503127e+00   3.4097306e+00   2.3126784e+00   9.4217476e-01   3.5053171e+00   2.4893343e+00   3.1069019e+00   2.7201022e+00   4.4509863e+00
   2.0000000e+00   4.1872714e+00   3.0986981e+00   2.1009891e+00   3.4268066e+00   1.7946371e+00   7.3963544e-01   3.4505416e+00   2.3530459e+00   1.3464925e+00   3.8606068e+00
   2.0000000e+00   3.1581222e+00   2.5035323e+00   2.4597747e+00   2.5142108e+00   2.9819397e+00   1.5098214e+00   2.6669971e+00   3.4408269e+00   3.3245712e+00   2.7914618e+00
   2.0000000e+00   3.2673554e+00   2.0887362e+00   1.4230019e+00   4.5842242e+00   4.2166485e+00   2.2750415e+00   3.4407045e+00   3.7348321e+00   2.2259736e+00   2.2918848e+00
   2.0000000e+00   1.1354219e+00   2.5849364e+00   3.8004037e+00   3.8331335e+00   3.1707579e+00   2.5757818e+00   2.2119027e+00   2.8289000e+00   2.1871343e+00   2.9658772e+00
   2.0000000e+00   3.1091828e+00   3.3317017e+00   1.6497763e+00   3.1668490e+00   2.9884387e+00   2.3928930e+00   3.0220715e+00   3.6003783e+00   2.8317216e+00   3.3250158e+00
   1.0000000e+00   2.7530507e+00   3.5122095e+00   3.3109175e+00   3.7882409e+00   2.7742982e+00   3.7263431e+00   3.5149671e+00   1.4039238e+00   2.6697651e+00   2.7589263e+00
   2.0000000e+00   3.4656042e+00   3.5642555e+00   2.6001579e+00   4.6164545e+00   3.6007707e+00   3.2546481e+00   4.3433005e+00   2.7337982e+00   4.2911609e+00   4.4598587e+00
   2.0000000e+00   2.6776406e+00   2.1915562e+00   2.7393462e+00   1.4485940e+00   3.3178325e+00   2.9482586e+00   3.5826017e+00   3.7162348e+00   3.4896640e+00   3.5224420e+00
   2.0000000e+00   1.9187584e+00   3.6921112e+00   3.7336064e+00   3.4128879e+00   2.7348931e+00   2.4204787e+00   1.0950338e+00   1.3186056e+00   3.0260175e+00   3.3796730e+00
   2.0000000e+00   2.8684745e+00   1.2162244e+00   4.8611555e+00   3.8342803e+00   2.1213006e+00   3.0770820e+00   2.3307884e+00   1.9683180e+00   4.3228235e+00   3.0762751e+00
   2.0000000e+00   3.2227279e+00   3.0687425e+00   4.5735532e+00   2.3833827e+00   3.5987329e+00   2.3883679e+00   1.7234790e+00   2.6742745e+00   2.1222192e+00   3.0864993e+00
