   2.0000000e+00   3.5002601e+00   4.0741387e+00   2.7183797e+00   4.0028013e+00   1.8732855e+00   4.7839379e-01   2.5832564e+00   3.0006609e+00   2.7828179e+00   3.4808449e+00
   2.0000000e+00   2.5809964e+00   2.4672926e+00   3.3436280e+00   4.0255393e+00   3.8218172e+00   2.5946548e+00   2.4620174e+00   1.8518621e+00   2.9517063e+00   1.4636206e+00
   2.0000000e+00   3.2080206e+00   1.4905399e+00   1.8192004e+00   2.1043312e+00   1.7634912e+00   2.5573224e+00   3.3343701e+00   3.0386198e+00   3.8490687e+00   4.5387949e+00
   2.0000000e+00   1.9029672e+00   2.5136407e+00   1.3683902e+00   4.3691281e+00   2.9267482e+00   1.9883025e+00   5.7770439e+00   1.6362764e+00   1.8773534e+00   1.3472408e+00
   2.0000000e+00   2.5449541e+00   3.6302189e+00   4.3089706e+00   2.3406868e+00   1.9693422e+00   2.3308925e+00   3.7006048e+00   4.1122234e+00   2.5517383e+00   3.3209451e+00
   2.0000000e+00   2.6370076e+00   3.4053705e+00   1.5352391e+00   4.5978989e+00   1.7870707e+00   1.7247987e+00   3.5621750e+00   1.3941641e+00   3.7750530e+00   1.4112184e+00
   1.0000000e+00   4.1947316e+00   2.7180759e+00   2.8411699e+00   2.8776528e+00   3.3749838e+00   1.8941048e+00   3.2276644e+00   3.2658138e+00   3.6339729e+00   3.7616896e+00
   2.0000000e+00   2.2439057e+00   2.5998809e+00   2.1497083e+00   2.6784873e+00   2.5911941e+00   1.5643665e+00   2.5456532e+00   2.8111878e+00   3.7391957e+00   2.4241062e+00
   1.0000000e+00   2.0915238e+00   5.3017159e+00   1.8957650e+00   1.4825769e+00   2.6517797e+00   2.9369176e+00   1.4351909e+00   2.7599301e+00   3.2538303e+00   3.3264818e+00
   2.0000000e+00   3.9874817e+00   3.7019311e+00   4.4356663e+00   1.0706801e+00   2.2436199e+00   3.0605823e+00   3.1449533e+00   4.1020145e+00   3.1281044e+00   4.8612804e+00
   2.0000000e+00   2.7606791e+00   2.1579471e+00   1.9422731e+00   3.6185256e+00   4.8931530e+00   2.3308068e+00   4.3464637e+00   3.4385061e+00   1.7173744e+00   3.2983745e+00
   2.0000000e+00   3.8335782e+00   2.8158419e+00   2.9243676e+00   2.7502620e+00   3.9263337e+00   3.2100825e+00   2.2877888e+00   4.1918728e+00   4.6141302e+00   8.7793039e-01
   2.0000000e+00   3.1487639e+00   3.3582910e+00   3.5027683e+00   1.6349441e+00   2.3745442e+00   2.4319214e+00   3.2771943e+00   3.1038667e+00   2.3795681e+00   1.9547313e+00
   2.0000000e+00   3.2252646e+00   9.4724473e-01   2.6962676e+00   4.3919957e+00   4.9050197e+00   4.7624891e+00   2.9232696e+00   2.3856367e+00   2.3661558e+00   1.9691910e+00
   2.0000000e+00   3.9281144e+00   2.8082226e+00   4.0849410e+00   3.6533470e+00   2.7722666e+00   4.7105564e+00   4.4120237e+00   1.7198554e+00   4.9574454e+00   2.0104191e+00
   1.0000000e+00   2.6010922e+00   2.4323179e+00   3.1092769e+00   1.7474483e+00   2.2496855e+00   2.5874350e+00   2.5634072e+00   3.0027230e+00   4.4250704e+00   3.0755330e+00
   2.0000000e+00   4.1514725e+00   3.0704611e+00   4.7972340e+00   2.9060104e+00   2.7677911e+00   2.4422491e+00   4.3393784e+00   1.8911027e+00   1.4656791e+00   4.3548941e+00
   2.0000000e+00   2.5036091e+00   2.6528287e+00   3.0940726e+00   1.4914894e+00   4.0689859e+00   2.5490756e+00   3.0542277e+00   2.7062258e+00   5.1636996e+00   4.1250539e+00
   2.0000000e+00   3.6513121e+00   5.5053335e+00   2.2465655e+00   2.6929998e+00   3.0724798e+00   2.8733443e+00   3.9431281e+00   2.0946059e+00   4.4433490e+00   2.8400515e+00
   2.0000000e+00   4.3600503e+00   3.6663501e+00   2.9000171e+00   3.3003731e+00   3.3446270e+00   2.2960605e+00   2.0859120e+00   3.4396291e+00   1.7216917e+00   7.7181937e-01
   2.0000000e+00   4.1662230e+00   3.2188374e+00   1.8619750e+00   6.1240080e+00   4.4483078e+00   4.0660927e+00   2.4205638e+00   2.1465619e+00   2.8723078e+00   2.7929495e+00
   2.0000000e+00   2.9996281e+00   4.1282449e+00   2.2114876e+00   4.0920903e+00   2.5287912e+00   1.7897299e+00   1.8232675e+00   4.6868206e+00   2.3946850e+00   2.4095982e+00
   2.0000000e+00   2.4261024e+00   3.9834713e+00   3.5397828e+00   3.1080776e+00   2.3663821e+00   1.9159213e+00   2.2748984e+00   4.2450348e+00   3.7247065e+00   4.0519665e+00
   2.0000000e+00   3.1389712e+00   3.4166605e+00   1.9368323e+00   3.9091664e+00   4.7747285e+00   3.2561742e+00   3.1624253e+00   2.8980216e+00   2.1721338e+00   3.2908459e+00
   2.0000000e+00   3.4631812e+00   2.6168028e+00   1.0506487e+00   3.6634692e+00   4.3223747e+00   2.6296230e+00   2.8369354e+00   2.7885884e+00   3.7463829e+00   2.1764613e+00
   2.0000000e+00   3.1502202e+00   1.0967510e+00   1.5540511e+00   2.5904221e+00   2.0553056e+00   3.2378375e+00   2.1540232e+00   3.1551953e+00   3.4859184e+00   3.4079395e+00
   2.0000000e+00   4.0652575e+00   4.4667112e+00   3.1469596e+00   1.9765217e+00   3.7807765e+00   2.8852418e+00   4.3340489e+00   3.4243422e+00   2.1483286e+00   2.1678424e+00
   2.0000000e+00   4.2594847e+00   1.7982622e+00   4.1764080e+00   6.4895066e-01   3.6940355e+00   1.9349694e+00   2.6321818e+00   3.6280142e+00   3.1544757e+00   4.3151321e+00
   2.0000000e+00   1.5993199e+00   1.1852951e+00   2.4447413e+00   3.3622998e+00   4.2430729e+00   3.3118919e+00   3.1113189e+00   2.1138486e+00   2.1426737e+00   3.9655743e+00
   1.0000000e+00   3.3270406e+00   2.6549072e+00   2.4475127e+00   2.9201878e+00   2.7625262e+00   2.8599350e+00   1.6988744e+00   3.8009115e+00   1.6746505e+00   3.5178208e+00
   1.0000000e+00   1.5060252e+00   6.5429207e-01   3.8246678e+00   4.5186506e+00   2.8321647e+00   3.5793394e+00   2.8445434e+00   2.6142373e+00   1.8043583e+00   3.1806289e+00
   2.0000000e+00   4.1665236e+00   1.2450160e+00   3.0003389e+00   1.5672634e+00   5.8433283e+00   2.2201690e+00   3.5224350e+00   2.2514357e+00   4.5206446e+00   3.1839919e+00
   2.0000000e+00   1.8289563e+00   1.1372460e+00   1.8248627e+00   1.6788955e+00   4.4698049e+00   3.6626640e+00   2.0810859e+00   3.3317073e+00   2.1050722e+00   9.6664662e-01
   2.0000000e+00   3.8893923e+00   3.2671562e+00   2.4375709e+00   2.5302261e+00   2.9900672e+00   4.3676540e+00   3.2304832e+00   3.2104175e+00   3.7444464e+00   2.5332494e+00
   1.0000000e+00   4.9993712e+00   2.2937285e+00   1.2293057e+00   1.7295452e+00   2.7094089e+00   2.2122395e+00   2.8622779e+00   3.1247213e+00   2.0646906e+00   3.6938644e+00
   2.0000000e+00   3.8853598e+00   3.0279200e+00   2.2807268e+00   2.3301853e+00   2.5603189e+00   4.5106178e+00   2.0803189e+00   2.5344937e+00   2.6813547e+00   2.2989540e+00
   2.0000000e+00   2.1931115e+00   3.2163992e+00   3.9466093e+00   5.3411004e-01   2.9726553e+00   3.2784884e+00   3.9132770e+00   3.9867380e+00   2.2328341e+00   1.4624060e+00
   2.0000000e+00   5.0163219e+00   2.3374341e+00   3.2339110e+00   4.0071250e+00   1.7727830e+00   4.2297721e+00   3.2135783e+00   2.7596974e+00   3.2216117e+00   3.4639589e+00
   2.0000000e+00   4.0747952e+00   2.0671396e+00   9.8660718e-01   2.7862269e+00   1.6230374e+00   2.6122514e+00   2.1159484e+00   1.8531760e+00   2.9445793e+00   3.1208684e+00
   2.0000000e+00   3.0269615e+00   5.4593673e+00   1.8438380e+00   2.8128282e+00   3.6352309e+00   5.0121989e+00   2.6127140e+00   1.7210144e+00   3.0507030e+00   1.5043312e+00
   2.0000000e+00   2.4320917e+00   3.6837190e+00   1.9353025e+00   2.1346398e+00   1.5762140e+00   3.4270756e+00   3.3215323e+00   1.0064745e+00   5.2701782e+00   3.7363998e+00
   2.0000000e+00   2.4390704e+00   4.3495495e+00   3.0099730e+00   2.9312577e+00   1.7723900e+00   3.3200057e+00   1.1086589e+00   3.3742864e+00   7.8629958e-01   2.2750093e+00
   2.0000000e+00   3.2870200e+00   3.3046986e+00   1.6365358e+00   3.8004038e+00   3.7008813e+00   1.6264239e+00   2.2398308e+00   3.6020212e+00   2.6473102e+00   4.1791324e+00
   1.0000000e+00   4.6265131e+00   2.9831832e+00   3.6174528e+00   2.0287152e+00   2.3318801e+00   3.9718513e+00   3.2110488e+00   1.3117040e+00   2.7385189e+00   3.3986999e+00
   1.0000000e+00   3.5140872e+00   2.6819227e+00   3.3713731e+00   3.0067104e+00   3.8511720e+00   4.2488342e+00   3.1915557e+00   2.0358920e+00   1.8659481e+00   3.1757462e+00
   2.0000000e+00   2.4744142e+00   6.4949911e-01   2.5076645e+00   4.3180282e+00   3.3449017e+00   2.2758564e+00   3.3225085e+00   3.8615814e+00   1.9195498e+00   2.8038474e+00
   2.0000000e+00   2.5402465e+00   2.7083493e+00   1.9768734e+00   2.4162145e+00   1.0724454e+00   2.1956245e+00   2.5676334e+00   2.6031378e+00   2.8930551e+00   3.5719680e+00
   2.0000000e+00   5.3955904e+00   3.4141302e+00   2.1725084e+00   2.3713046e+00   3.7325753e+00   3.1037041e+00   3.4870226e+00   2.5532692e+00   2.7252673e+00   2.5716341e+00
   2.0000000e+00   1.7905721e+00   1.7446261e+00   2.1991401e+00   2.1971599e+00   3.8782387e+00   4.4839529e+00   2.5480181e+00   4.8703255e+00   3.6723370e+00   3.6633255e+00
   2.0000000e+00   2.3094040e+00   3.0651227e+00   2.5823416e+00   2.1919094e+00   4.2361754e+00   3.6607326e+00   3.5439552e+00   3.9024333e+00   4.0040772e+00   2.0146308e+00
   2.0000000e+00   4.0912518e+00   3.3890273e+00   2.8916405e+00   2.8445262e+00   4.6791310e+00   2.0509486e+00   1.6837702e+00   2.7513935e+00   3.3128013e+00   1.6951527e+00
   2.0000000e+00   2.8342507e+00   2.9584149e+00   4.2213411e+00   3.1187965e+00   2.5156507e+00   4.0594648e+00   4.8921217e+00   2.4558086e+00   2.0697425e+00   2.5390030e+00
   2.0000000e+00   4.2313967e+00   2.1235202e+00   3.9994468e+00   1.6870665e+00   2.8893020e+00   3.1885823e+00   2.4018513e+00   1.6213152e+00   3.4991022e+00   2.7638612e+00
   2.0000000e+00   1.9919343e+00   3.6120077e+00   3.2676359e+00   3.5782568e+00   2.2163680e+00   2.4557930e+00   2.4859042e+00   2.5559293e+00   1.4620630e+00   3.9100602e+00
   2.0000000e+00   2.0114693e+00   1.6311787e+00   2.4584048e+00   3.0603032e+00   2.0111202e+00   4.6410084e+00   2.2825671e+00   3.0321213e+00   2.3947521e+00   3.8257187e+00
   1.0000000e+00   1.6119239e+00   3.9362770e+00   4.6744331e+00   1.3470560e+00   3.2061847e+00   3.1789350e+00   1.9444779e+00   3.3547653e+00   3.9328342e+00   3.0308525e+00
   2.0000000e+00   1.2692784e+00   3.7970101e+00   3.3288981e+00   3.7704964e+00   1.9343237e+00   3.1778323e+00   4.1458002e+00   2.4167036e+00   3.0770842e+00   1.2691400e+00
   1.0000000e+00   3.0746432e+00   2.6381070e+00   3.9530248e+00   3.6432429e+00   2.7196984e+00   2.3815383e+00   2.0458092e+00   4.7449171e+00   9.4848391e-01   3.3617029e+00
   1.0000000e+00   2.1947020e+00   5.8135550e-01   4.1654858e+00   3.2834170e+00   2.4793809e+00   4.3453413e+00   2.7469731e+00   2.2560070e+00   2.5564040e+00   3.1702704e+00
   2.0000000e+00   5.2457649e+00   3.3678466e+00   3.5668495e+00   3.5552130e+00   3.0071146e+00   2.4989403e+00   3.1560770e+00   3.0140059e+00   2.9616754e+00   1.9153637e+00
   1.0000000e+00   9.0336742e-01   4.5076897e+00   1.8248941e+00   1.9461382e+00   3.7761113e+00   1.1370932e+00   3.7153063e+00   2.3974829e+00   3.2596730e+00   3.0520941e+00
   2.0000000e+00   3.6182391e+00   2.1591580e+00   2.8196547e+00   2.5879637e+00   1.2964374e-01   2.4106751e+00   5.0784027e+00   3.7752077e+00   3.0415349e+00   2.6277507e+00
   2.0000000e+00   3.4054254e+00   4.6408221e+00   3.0919880e+00   2.5891275e+00   3.6623068e+00   1.3845490e+00   3.0799587e+00   3.4830703e+00   3.8526563e+00   2.8253346e+00
   2.0000000e+00   3.7741633e+00   3.4657180e+00   2.9744643e+00   3.8577944e+00   3.7740022e+00   2.6748090e+00   1.7309754e+00   1.0814114e+00   3.1064642e+00   2.0319396e+00
   1.0000000e+00   2.8688624e+00   1.1597742e+00   2.9872208e+00   3.3304034e+00   2.5488320e+00   4.7270790e+00   5.6712080e+00   4.4538863e+00   3.5420798e+00   3.2272967e+00
   2.0000000e+00   3.0914069e+00   4.0072559e+00   3.6026682e+00   2.3839093e+00   4.5477885e+00   2.7203014e+00   2.5117978e+00   3.8723593e+00   5.4381033e+00   3.5871051e+00
   2.0000000e+00   2.6791604e+00   3.9401929e+00   1.6260637e+00   2.6061539e+00   1.4303451e+00   3.5804309e+00   2.3929485e+00   3.5265511e+00   4.1268111e+00   2.4481784e+00
   1.0000000e+00   2.4458275e+00   2.8584832e+00   1.4166930e+00   3.4230857e+00   2.6803208e+00   4.4890591e+00   1.8853553e+00   1.3833171e+00   2.5045485e+00   3.5356342e+00
   2.0000000e+00   3.3495463e+00   1.4379096e+00   3.4990463e+00   4.6881348e-01   2.3689601e+00   3.0232738e+00   9.9349966e-01   3.7549758e+00   2.6665419e+00   2.3191549e+00
   2.0000000e+00   2.3246027e+00   2.1421100e+00   2.5994315e+00   3.4011688e+00   3.8691829e+00   2.7326455e+00   3.1439011e+00   1.8111946e+00   2.5178149e+00   2.7227529e+00
   2.0000000e+00   2.7340052e+00   4.2177891e+00   4.9765678e+00   3.2981371e+00   2.4032486e+00   2.6571992e+00   2.9627625e+00   1.4732975e+00   3.1199480e+00   7.2891182e+00
   2.0000000e+00   3.3358696e+00   1.5400772e+00   1.4867608e+00   3.7282096e+00   9.1195156e-01   2.7973982e+00   4.6645424e+00   2.8216462e+00   3.9391806e+00   5.2246802e+00
   2.0000000e+00   3.8140623e+00   2.2377621e+00   1.7044695e+00   5.2670375e+00   2.2784614e+00   5.3891203e+00   2.3627235e+00   2.2570707e+00   4.3806872e+00   2.5940612e+00
   2.0000000e+00   2.8600573e+00   3.8614605e+00   2.9132305e+00   3.1492335e+00   4.0691175e+00   2.1918843e+00   3.4786175e+00   4.1913739e+00   2.1989058e+00   3.7488854e+00
   1.0000000e+00   2.2794496e+00   2.1324628e+00   1.5157242e+00   2.2998327e+00   3.8758168e+00   8.6712816e-01   4.7248449e+00   4.0153594e+00   2.4469911e+00   3.4519589e+00
   2.0000000e+00   3.4357943e+00   4.3287341e+00   3.5428017e+00   3.5026685e+00   3.8921410e+00   3.0166260e+00   3.5139729e+00   2.8805052e+00   2.2340524e+00   2.0094736e+00
   1.0000000e+00   2.8610121e+00   3.0552718e+00   2.3602578e+00   3.6360191e+00   2.1066302e+00   4.0176813e+00   3.2448916e+00   4.7369572e+00   4.5281910e+00   3.3126338e+00
   1.0000000e+00   2.4714692e+00   5.3896157e+00   2.8714992e+00   2.4402378e+00   3.3962059e+00   2.5198759e+00   3.2508221e+00   3.7438273e+00   4.4007163e+00   3.2708834e+00
   2.0000000e+00   2.0791891e+00   3.1734820e+00   1.7096305e+00   4.8827674e+00   2.1494752e+00   1.9854415e+00   2.9681811e+00   3.1129727e+00   3.2503626e+00   2.3119124e+00
   1.0000000e+00   1.7585833e+00   3.9098916e+00   4.5667606e+00   9.2416632e-01   3.2142823e+00   3.6051416e+00   3.5607187e+00   2.3286303e+00   2.7287356e+00   3.3600916e+00
   2.0000000e+00   2.1987703e+00   3.2710170e+00   3.5151690e+00   2.0289604e+00   5.6757181e+00   3.5788914e+00   2.8196244e+00   3.1023799e+00   2.0199039e+00   2.1985480e+00
   2.0000000e+00   2.3231014e+00   3.6304326e+00  -2.2914296e-01   2.2910160e+00   2.3599640e+00   1.0621781e+00   2.2439033e+00   1.2892529e+00   8.8358077e-01   5.9530730e+00
   2.0000000e+00   2.5786099e+00   3.3295348e+00   3.0447371e+00   2.7830097e+00   4.5764205e+00   3.4474130e+00   3.0887457e+00   3.9290991e+00   3.3516803e+00   3.9220803e+00
   2.0000000e+00   4.2199053e+00   3.3083885e+00   2.5305188e+00   3.7000511e+00   3.9715724e+00   2.2285662e+00   2.9509528e+00   4.0015163e+00   3.8521586e+00   2.9611730e+00
   2.0000000e+00   2.0638593e+00   3.7523457e+00   3.5386653e+00   4.8407542e+00   2.1363366e+00   4.8186379e+00   4.2682699e+00   2.8770845e+00   3.9374053e+00   2.6207086e+00
   2.0000000e+00   3.2167265e+00   2.8107399e+00   1.8738468e+00   4.0497878e+00   1.4638161e+00   3.6850821e+00   1.1444382e+00   3.0608835e+00   3.0907277e+00   4.4775986e+00
   2.0000000e+00   3.3845188e+00   3.0037662e+00   4.2209476e+00   3.1372131e+00   4.2216734e+00   3.0462405e+00   2.1619414e+00   2.3176149e+00   3.3393100e+00   2.1410218e+00
   2.0000000e+00   2.4793935e+00   3.5369987e+00   3.3474194e+00   5.7464558e+00   2.2772690e+00   2.2732549e+00   1.8854804e+00   1.4351333e+00   4.2078010e+00   4.6353719e+00
   2.0000000e+00   1.6020307e+00   3.1338064e+00   3.4358067e+00   1.9827353e+00   3.4541518e+00   2.8450194e+00   3.4567899e+00   3.7654576e+00   2.4491607e+00   2.9923794e+00
   2.0000000e+00   4.4704152e+00   3.7126870e+00   1.3990942e+00   3.1355721e+00   3.7386904e+00   1.4730304e+00   2.4920753e+00   3.8282486e+00   3.9980951e+00   3.7415629e+00
   2.0000000e+00   3.8179717e+00   3.3982481e+00   3.4817905e+00   3.4232473e+00   3.0338066e+00   2.5194061e+00   3.2626578e+00   3.4880369e+00   3.5360728e+00   2.4997895e+00
   2.0000000e+00   3.6923153e+00   3.7567341e+00   5.0021711e+00   3.5002801e+00   2.9021252e+00   3.1278464e+00   4.6589290e+00   1.7046049e+00   2.3145826e+00   2.4383981e+00
   1.0000000e+00   2.3597637e+00   3.5103152e+00   4.3737729e+00   3.4717774e+00   3.1883611e+00   4.3798168e+00   3.7058332e+00   3.4554057e+00   2.0170265e+00   3.0334699e+00
   2.0000000e+00   4.3141332e+00   3.0635208e+00   3.0372056e+00   2.0556180e+00   2.6053668e+00   2.4090055e+00   2.8959459e+00   3.2322511e+00   1.4833395e+00   2.1162038e+00
   1.0000000e+00   3.3570292e+00   3.2634134e+00   3.1281859e+00   1.9104445e+00   3.4341357e+00   3.9309388e+00   1.9721285e+00   1.2615537e+00   3.1358886e+00   3.0290800e+00
   2.0000000e+00   1.8677317e+00   3.5465454e+00   2.8650035e+00   1.2409776e+00   4.8782644e+00   2.2447406e+00   5.0692146e+00   4.7625398e+00   2.8547647e+00   2.7498129e+00
   2.0000000e+00   2.1474873e+00   3.7218448e+00   3.9068709e+00   3.2525324e+00   4.5562280e+00   3.8123738e+00   2.6170610e+00   5.6260924e+00   2.2499266e+00   3.5661931e+00
   2.0000000e+00   4.0056464e+00   1.9503553e+00   4.5458705e+00   3.1577578e+00   3.7523567e+00   4.2804803e+00   2.1772745e+00   3.7420750e+00   4.1935368e+00   4.6063456e+00
   2.0000000e+00   9.7112643e-01   2.6572153e+00   3.8803561e+00   3.9553604e+00   3.1697413e+00   2.5323903e+00   4.6236674e+00   3.3457293e+00   3.1109055e+00   2.8229171e+00
   1.0000000e+00   2.5283516e+00   3.1134093e+00   2.2285464e+00   2.2640576e+00   3.3109166e+00   3.2870138e+00   2.0116188e+00   3.0480066e+00   3.6210837e+00   3.8791236e+00
