   2.0000000e+00   2.9652597e+00   3.0764299e+00   3.3847631e+00   3.0434756e+00   3.8233089e+00   3.3034349e+00   2.6110236e+00   1.8498148e+00   3.0779837e+00   3.9421769e+00
   2.0000000e+00   3.0601789e+00   4.0013065e+00   3.2283397e+00   4.1868074e+00   1.4832240e+00   2.9763577e+00   3.7322118e+00   4.0952255e+00   3.1216477e+00   2.4797823e+00
   2.0000000e+00   3.8548758e+00   2.6213900e+00   3.4949236e+00   3.8408005e+00   2.5828845e+00   2.4321602e+00   4.6380215e+00   2.5843108e+00   2.1856510e+00   3.1239781e+00
   2.0000000e+00   2.4028736e+00   2.1082076e+00   2.3084545e+00   9.5083395e-01   2.5129371e+00   3.6642715e+00   4.1981234e+00   3.6611710e+00   1.5067521e+00   4.3428532e+00
   2.0000000e+00   4.1013231e+00   4.0888808e+00   1.5138753e+00   2.8577124e+00   3.9220450e+00   3.1229572e+00   1.5792695e+00   3.6870735e+00   3.7446159e+00   2.9356137e+00
   1.0000000e+00   3.1498530e+00   3.0950308e+00   3.1616688e+00   2.3565389e+00   2.8449935e+00   3.8091823e+00   9.5785141e-01   2.5230316e+00   2.6124132e+00   3.6268664e+00
   2.0000000e+00   1.6461188e+00   4.5202873e+00   3.2442085e+00   4.6842157e+00   2.1695369e+00   2.7913802e+00   3.7734728e+00   3.7726028e+00   3.0548009e+00   3.4467950e+00
   2.0000000e+00   3.6332572e+00   3.5286152e+00   1.3365460e+00   1.7053398e+00   3.7733651e+00   3.7496019e+00   3.0705177e+00   2.8689130e+00   3.3677853e+00   2.9329539e+00
   2.0000000e+00   3.9448986e+00   3.4205112e+00   3.7767824e+00   3.4709465e+00   1.9968642e+00   3.7210581e+00   1.9566733e+00   2.7791642e+00   4.4100411e+00   3.5437560e+00
   2.0000000e+00   1.5874838e+00   3.0393838e+00   4.1442930e+00   2.5533891e+00   2.6252436e+00   2.7499929e+00   4.0638647e+00   1.8157089e+00   1.0340294e+00   3.4419520e+00
   2.0000000e+00   2.8305078e+00   2.7680414e+00   2.4710236e+00   2.0711288e+00   1.7239589e+00   1.6892655e+00   3.4110489e+00   1.3186878e+00   2.9086143e+00   2.6630682e+00
   1.0000000e+00   3.8722705e+00   2.8729712e+00   2.0428711e+00   3.1795341e+00   3.7565422e+00   3.4475815e+00   1.5806824e+00   3.8906361e+00   2.9397246e+00   2.8849620e+00
   2.0000000e+00   2.2807359e+00   1.3081072e+00   2.4363888e+00   1.5754181e+00   2.6540046e+00   2.9297166e+00   4.1211960e+00   2.2813058e+00   2.6719471e+00   1.6112062e+00
   2.0000000e+00   2.9834341e+00   2.5257758e+00   2.0417201e+00   2.2443644e+00   2.3656120e+00   4.1899584e+00   3.8715084e+00   3.5287788e-01   2.9762909e+00   3.4409067e+00
   2.0000000e+00   2.3579290e+00   7.3353130e-01   2.4891011e+00   4.6061862e+00   2.6792553e+00   2.7457182e+00   2.6764999e+00   2.6430433e+00   4.2315347e+00   4.9893542e-01
   2.0000000e+00   1.8204948e+00   3.5295417e+00   3.2058115e+00   2.4908234e+00   2.4475056e+00   3.3884416e+00   4.9220264e+00   2.3162965e+00   1.4934970e+00   3.4126771e+00
   2.0000000e+00   2.8625717e+00   2.6093616e+00   2.9283138e+00   2.5469991e+00   2.8759000e+00   2.9378646e+00   1.4761788e+00   2.5207527e+00   1.0481876e+00   2.2092656e+00
   2.0000000e+00   1.3009636e+00  -1.0577268e-01   4.2504965e+00   2.4458782e+00   2.8500114e+00   2.4200286e+00   2.8022178e+00   2.6691225e+00   3.3910394e+00   3.0121451e+00
   2.0000000e+00   2.5774421e+00   2.2316816e+00   2.2901134e+00   4.3322399e+00   4.9087516e+00   2.9757599e+00   3.1194391e+00   2.8220524e+00   9.3372965e-01   2.9032060e+00
   2.0000000e+00   2.9783635e+00   4.4065955e+00   1.7148842e+00   5.0650444e+00   4.2670467e+00   3.4595549e+00   3.2431427e+00   1.0988873e+00   2.7157727e+00   4.1087902e+00
   2.0000000e+00   2.8555392e+00   5.1076122e+00   2.7336199e+00   1.8996719e+00   2.8886053e+00   2.7301836e+00   1.2168928e+00   5.2352175e+00   2.1956412e+00   3.1665462e+00
   1.0000000e+00   3.3364979e+00   2.8048469e+00   4.0752742e+00   2.4551263e+00   2.9256999e+00   2.4767954e+00   9.6744954e-01   1.2535710e+00   5.0880131e+00   3.4679417e+00
   2.0000000e+00   2.2246165e+00   3.9423363e+00   4.1563421e+00   5.3095595e+00   2.6206402e+00   3.6504384e+00   1.7805221e+00   3.0744909e+00   3.2948079e+00   2.8855563e+00
   2.0000000e+00   4.3396631e+00   2.9528418e+00   1.6371926e+00   2.6646172e+00   2.9868791e+00   2.0950513e+00   3.1100640e+00   3.1072179e+00   2.9459189e+00   2.5220883e+00
   2.0000000e+00   3.2127420e+00   4.1059915e+00   2.0503343e+00   1.1837955e+00   4.1569765e+00   1.6205040e+00   3.1024316e+00   1.3019561e+00   3.4517845e+00   3.1908370e+00
   2.0000000e+00   4.6032735e+00   2.3818743e+00   4.1615946e+00   3.3593528e+00   2.2063407e+00   3.1107454e+00   3.8415604e+00   1.8822146e+00   1.8372058e+00   4.7393556e+00
   2.0000000e+00   8.5795519e-01   3.0814550e+00   3.9232754e+00   2.0964296e+00   3.0924260e+00   1.8356054e+00   4.6504948e+00   2.6500946e+00   2.5193909e+00   4.7432616e+00
   2.0000000e+00   2.0516168e+00   2.5844286e+00   1.4014069e+00   8.9777214e-01   2.6298372e+00   1.4725964e+00   1.7558114e+00   2.8372260e+00   2.1920944e+00   3.1733169e+00
   1.0000000e+00   3.2166127e+00   3.7815119e+00   1.1974825e+00   3.1305204e+00   2.5108625e+00   3.1040804e+00   2.9533036e+00   4.9996815e+00   3.5880745e+00   3.0672529e+00
   2.0000000e+00   1.9044397e+00   3.1137881e+00   3.9234252e+00   3.5287351e+00   4.0802169e+00   3.5550430e+00   4.1795173e+00   3.7306703e+00   2.1907439e+00   3.2009376e+00
   2.0000000e+00   3.8455643e+00   2.5306203e+00   2.6026235e+00   1.9720576e+00   4.1106422e+00   2.4097686e+00   2.6988558e+00   4.9513950e+00   2.7025108e+00   1.1990564e+00
   2.0000000e+00   5.0143567e-01   2.0424723e+00   1.5849968e+00   1.2446777e+00   3.7135099e+00   3.4352084e+00   2.2036494e+00   1.5904726e+00   1.5059703e+00   1.7363081e+00
   2.0000000e+00   2.1580856e+00   1.2406266e+00   3.0084488e+00   9.0322824e-01   2.3538636e+00   1.6458965e+00   2.1193593e+00   2.8212663e+00   4.2441226e+00   3.2217905e+00
   2.0000000e+00   4.0881928e+00   3.0666338e+00   4.0242194e+00   4.3198803e+00   3.8762988e+00   3.0019172e+00   3.6551727e+00   1.8628741e+00   4.0501712e+00   3.1089758e+00
   2.0000000e+00   1.8371529e+00   4.1002468e+00   4.4171921e+00   3.6331317e+00   3.0852967e+00   1.8401028e+00   4.1997115e+00   2.8785145e+00   1.3849547e+00   3.6383512e+00
   2.0000000e+00   3.3519558e+00   5.2502328e+00   8.6159164e-01   3.9742425e+00   2.9393675e+00   2.0561717e+00   1.3537666e+00   2.2538487e+00   2.6311213e+00   1.6953257e+00
   2.0000000e+00   4.0256171e+00   3.5084616e+00   4.3878735e+00   1.9325731e+00   2.6049776e+00   2.0793930e+00   3.2176245e+00   2.8374377e+00   2.4986649e+00   1.2313551e+00
   2.0000000e+00   4.6148871e+00   2.2041804e+00   3.0174486e+00   3.7410092e+00   1.6202777e+00   7.0161445e-01   3.3683233e+00   2.5627845e+00   3.2209041e+00   3.5108023e+00
   2.0000000e+00   2.6363115e+00   3.0246589e+00   2.1397606e+00   1.8383073e+00   2.4836097e+00   3.7244174e+00   3.6417631e+00   3.1326946e+00   3.3653870e+00   2.4615722e+00
   2.0000000e+00   5.2659118e+00   3.5223334e+00   3.2861935e+00   1.9564536e+00   2.4892923e+00   1.2563926e+00   2.3250327e+00   3.5519343e+00   1.8074430e+00   2.7853312e+00
   2.0000000e+00   2.5215450e+00   1.9300922e+00   3.4630710e+00   2.6856529e+00   4.5268908e+00   2.9699464e+00   5.5922994e+00   4.0004520e+00   2.8274476e+00   1.4800207e+00
   2.0000000e+00   4.6073248e+00   3.1514789e+00   2.5850355e+00   2.9146246e+00   3.3194289e-01   3.3252755e+00   3.0841336e+00   2.6494099e+00   2.4035642e+00   2.7387873e+00
   2.0000000e+00   1.2675180e+00   2.4285331e+00   3.9306926e+00   1.9408269e+00   1.6965557e+00   2.0824294e+00   3.2100805e+00   4.1275447e+00   3.9579750e+00   2.0950550e+00
   2.0000000e+00   1.7938295e+00   2.6403773e+00   3.0642573e+00   3.4485169e+00   3.6618400e+00   2.9639294e+00   1.7837433e+00   1.9106765e+00   2.7271411e+00   4.9687069e+00
   2.0000000e+00   1.4527589e+00   3.0834959e+00   4.0809880e+00   3.0347836e+00   1.0508401e+00   5.1649132e+00   3.0162266e+00   2.6792080e+00   2.7293258e+00   3.6434326e+00
   2.0000000e+00   7.0711725e-01   2.7653415e+00   4.0854722e+00   3.0419078e+00   4.7340424e+00   4.0151282e+00   4.0955741e+00   3.4284496e+00   9.7039283e-01   2.9247632e+00
   2.0000000e+00   3.5290083e+00   2.1844235e+00   3.1216575e+00   4.7519650e+00   3.1408648e+00   2.5681023e+00   3.3386136e+00   4.4401757e+00   3.7568658e+00   1.5104351e+00
   2.0000000e+00   3.4345014e+00   1.8250207e+00   4.7233764e+00   1.5079700e+00   3.9582420e+00   2.2771020e+00   1.9238774e+00   2.4520549e+00   2.9883415e+00   3.7700290e+00
   1.0000000e+00   3.3013672e+00   2.3735775e+00   3.4528268e+00   3.6929076e+00   3.0330614e+00   2.7212324e+00   3.0448445e+00   2.1769181e+00   2.4116506e+00   3.9703716e+00
   1.0000000e+00   3.2194514e+00   2.1061607e+00   2.3533067e+00   3.1494584e+00   4.9331800e+00   2.0413702e+00   4.3729182e+00   4.1004941e+00   3.4441294e+00   4.9483067e+00
   2.0000000e+00   1.0432552e+00   3.6346304e+00   3.4210699e+00   2.2622339e+00   2.5743415e+00   3.5080780e+00   9.6507161e-01   3.6061718e+00   3.9370988e+00   4.6054039e+00
   2.0000000e+00   4.2046218e+00   2.6025758e+00   2.5279474e+00   2.0766406e+00   2.7311680e+00   2.6410765e+00   2.7684004e+00   3.3453930e+00   4.6130559e+00   1.3098359e+00
   2.0000000e+00   2.1035192e+00   3.7019177e+00   3.1249548e+00   1.1790118e+00   3.2703236e+00   5.2526885e-01   3.1612085e+00   3.7303920e+00   4.0580885e+00   2.2262918e+00
   2.0000000e+00   3.4102528e+00   3.6827091e+00   2.6675632e+00   1.8416267e+00   3.8539107e+00   4.3627819e+00   2.3759104e+00   4.5730874e+00   2.4411803e+00   4.1122972e+00
   2.0000000e+00   3.5466884e+00   2.6651981e+00   3.1639495e+00   9.3658972e-01   4.3623847e+00   3.1859027e+00   3.8811907e+00   2.7307108e+00   3.9124639e+00   2.8556310e+00
   1.0000000e+00   3.2034205e+00   9.5503461e-01   4.3924143e+00   2.7032267e+00   4.0765843e+00   3.8571136e+00   2.8846950e+00   2.8979143e+00   2.8289079e+00   4.5333594e+00
   1.0000000e+00   3.7280681e+00   3.7968609e+00   4.4342631e+00   3.2826420e+00   2.0244450e+00   2.7358075e+00   4.5425862e+00   2.4792130e+00   1.2482373e+00   2.2255367e+00
   1.0000000e+00   3.1260027e+00   3.2028259e+00   3.9398331e+00   3.3014251e+00   3.5534350e+00   2.4732099e+00   3.0444421e+00   2.9911466e+00   2.5082718e+00   2.5987983e+00
   1.0000000e+00   3.4819728e+00   3.1920908e+00   3.3177010e+00   2.3051469e+00   2.9557949e+00   2.4201443e+00   4.2063977e+00   2.3384128e+00   1.6303796e+00   3.3908786e+00
   2.0000000e+00   2.1979387e+00   5.0337337e+00   2.1321891e+00   2.7950798e+00   2.8140626e+00   6.0149587e-01   2.0766493e+00   2.2270706e+00   5.0472600e+00   3.2602241e+00
   2.0000000e+00   1.7835113e+00   1.6943032e+00   2.8709318e+00   2.6238808e+00   3.9649058e+00   3.5589510e+00   3.0824467e+00   2.3523438e+00   5.7166075e+00   3.2223065e+00
   2.0000000e+00   2.5371019e+00   4.6556264e+00   2.7767525e+00   3.9522801e+00   3.0152074e+00   5.3920601e+00   3.4340842e+00   2.1560431e+00   3.6745120e+00   2.2398766e+00
   2.0000000e+00   2.0215942e+00   1.9691908e+00   3.3640242e+00   2.7949457e+00   3.4562878e+00   3.0953302e+00   1.8014884e+00   4.8150802e+00   1.6503989e+00   1.4000080e+00
   1.0000000e+00   3.4372321e+00   1.6937408e+00   2.7772022e+00   2.8140163e+00   3.8675576e+00   3.5739147e+00   1.8097192e+00   3.6611223e+00   3.4346993e+00   2.4604556e+00
   2.0000000e+00   2.6586450e+00   1.8486154e+00   3.2746098e+00   3.2603781e+00   3.3707999e+00   4.1798745e+00   1.4175426e+00   2.5712414e+00   1.8672923e+00   4.4218737e+00
   1.0000000e+00   3.2024781e+00   3.6896746e+00   4.1739614e+00   3.3521518e+00   1.5803581e+00   3.3067417e+00   7.0329103e+00   2.1038840e+00   3.9397683e+00   3.3509405e+00
   2.0000000e+00   3.4407167e+00   2.1220391e+00   4.7633300e+00  -4.4406992e-01   3.8246422e+00   4.0679790e+00   2.9658972e+00   2.7606660e+00   3.5955053e+00   3.3252542e+00
   2.0000000e+00   3.5892963e+00   3.7474667e+00   3.5346662e+00   1.1622324e+00   2.4815836e+00   4.3595744e+00   2.5596980e+00   4.0501363e+00   2.0469017e+00   1.9454941e+00
   1.0000000e+00   3.1166623e+00   3.1037023e+00   1.9035301e+00   3.0023875e+00   2.7548753e+00   1.8820587e+00   3.6840282e+00   1.8401529e+00   1.8643318e+00   3.0388536e+00
   2.0000000e+00   2.8266127e+00   2.1962426e+00   1.9040411e+00   3.9537546e+00   3.5446578e+00   3.5699902e+00   2.9680146e+00   2.3448792e+00   2.2346146e+00   2.2555487e+00
   2.0000000e+00   2.4717309e+00   3.7375065e+00   2.7723745e+00   2.2860253e+00   1.9105955e+00   4.1465825e+00   3.2236599e+00   4.1589322e+00   3.1078243e+00   1.6771691e+00
   2.0000000e+00   1.3552743e+00   3.9964827e+00   3.5812890e+00   3.2426724e+00   2.0476002e+00   3.0552452e+00   1.7959122e+00   3.5049630e+00   4.2539111e+00   3.8214230e+00
   2.0000000e+00   2.9309614e+00   4.3709182e+00   3.5217861e+00   1.5193893e+00   3.4317760e+00   3.3256069e+00   2.7689200e+00   1.1682747e+00   5.0988840e+00   4.3029418e+00
   2.0000000e+00   2.5125066e+00   1.1912558e+00   3.3757426e+00   7.5163865e-01   3.2604155e+00   3.8790279e+00   2.0782855e+00   1.6425905e+00   2.6350762e+00   1.6397199e+00
   1.0000000e+00   3.4170232e+00   2.2096853e+00   1.8374837e+00   3.1001892e+00   1.9521385e+00   4.1448905e+00   3.1576452e+00   2.7347837e+00   2.0623735e+00   3.2559433e+00
   2.0000000e+00   3.6184611e+00   3.0942295e+00   1.7954200e+00   3.8023017e+00   4.1200002e+00   3.1182581e+00   2.5630136e+00   2.4359440e+00   2.4161060e+00   1.1639196e+00
   2.0000000e+00   2.4760008e+00   1.7840635e+00   4.1921411e+00   2.3173864e+00   3.3334138e+00   3.5797482e+00   2.2723256e+00   1.6347497e+00   3.3849151e+00   3.7216617e+00
   2.0000000e+00   1.8687947e+00   4.2614611e+00   3.0168067e+00   2.7892929e+00   3.8646360e+00   1.3471115e+00   2.5819411e+00   2.9885648e+00   2.9102567e+00   3.0653060e+00
   1.0000000e+00   3.4652901e+00   2.9158851e+00   2.9022276e+00   2.5406359e+00   3.3098119e+00   3.5990498e+00   3.9945224e+00   2.9733209e+00   6.9782616e-01   3.1296994e+00
   2.0000000e+00   2.7681840e+00   2.5084804e+00   1.6866374e+00   3.3481894e+00   3.4541886e+00   1.4348639e+00   3.6162731e+00   3.2187244e+00   3.1249181e+00   3.3710973e+00
   2.0000000e+00   4.3694668e+00   3.1119638e+00   3.6942537e+00   3.3345434e+00   3.0675364e+00   3.2986281e+00   2.5062121e+00   3.7980679e+00   3.1327500e+00   3.4700599e+00
   2.0000000e+00   3.9350419e+00   2.3468812e+00   3.0346601e+00   1.9807237e+00   2.1719706e+00   3.0474504e+00   3.4253760e+00   1.8909011e+00   4.3368447e+00   3.8692209e+00
   2.0000000e+00   2.8957064e+00   3.7047335e+00   2.8317673e+00   5.8239355e+00   3.8169779e+00   2.4245835e+00   2.6103232e+00   2.0460798e+00   2.9281026e+00   3.3803620e+00
   2.0000000e+00   1.3060983e+00   2.3124481e+00   4.3104733e+00   2.8151248e+00   4.9829164e+00   3.3417954e+00   2.7714176e+00   3.9727976e+00   5.8868382e+00   7.6366714e-01
   1.0000000e+00   3.2465155e+00   2.7012162e+00   2.4303876e+00   2.4965769e+00   2.9323163e+00   3.9143485e+00   2.4279169e+00   3.0295301e+00   3.5919781e+00   2.3911599e+00
   2.0000000e+00   2.3188047e+00   3.5556090e+00   1.8187508e+00   2.0600401e+00   3.8006681e+00   3.2046273e+00   2.7534661e+00   2.3061629e+00   3.0838350e+00   2.2806702e+00
   2.0000000e+00   2.5628531e+00   2.4394654e+00   2.9443261e+00   3.7904118e+00   1.7915837e+00   2.3964354e+00   1.5231757e+00   1.9111882e+00   3.0908281e+00   3.0715885e+00
   2.0000000e+00   2.4280948e+00   2.0479535e+00   6.0417350e+00   2.9267365e+00   2.9731021e+00   1.8266028e+00   2.1684179e+00   3.6377697e+00   3.3544978e+00   4.3957180e+00
   2.0000000e+00   2.0868437e+00   2.6356606e+00   3.0949287e+00   3.0313451e+00   3.6844576e+00   3.3856482e+00   2.0436087e+00   2.7669006e+00   3.7718041e+00   3.1420271e+00
   2.0000000e+00   1.6944853e+00   2.5046302e+00   2.1273560e+00   4.6841632e+00   2.9659082e+00   1.7873951e+00   1.7553316e+00   3.0768057e+00   2.1286920e+00   3.5413057e+00
   2.0000000e+00   2.9715275e+00   2.7363058e+00   2.2750916e+00   2.6616400e+00   2.9648896e+00   2.0957371e+00   3.8107663e+00   2.0956532e+00   2.8865374e+00   1.2260299e+00
   2.0000000e+00   2.7653383e+00   3.2413638e+00   3.2666376e+00   2.0496665e+00   2.0891049e+00   3.0336093e+00   2.9909603e+00   4.6935895e+00   3.0785328e+00   3.8182582e+00
   2.0000000e+00   4.5229920e+00   2.2486078e+00   3.8293160e+00   2.4143966e+00   1.6193158e+00   1.1125014e+00   1.0913150e+00   4.0168513e+00   5.7468623e+00   1.8546513e+00
   2.0000000e+00   2.3848449e+00   3.7332023e+00   1.7872799e+00   1.7323090e+00   3.6914383e+00   2.8466513e+00   2.1972493e+00   3.1284602e+00   1.3350305e+00   3.6970379e+00
   2.0000000e+00   2.2223385e+00   3.7012248e+00   3.5837553e+00   1.2837877e+00   2.3825330e+00   1.1138695e+00   2.1717798e+00   3.3314509e+00   3.1567459e+00   3.9901259e+00
   1.0000000e+00   3.1842155e+00   2.6272796e+00   2.6561279e+00   3.8056352e+00   1.1013992e+00   4.7776829e+00   4.1726442e+00   3.6764787e+00   3.1893705e+00   2.9296167e+00
   2.0000000e+00   3.8542934e+00   3.3304269e+00   3.7755869e+00   4.2627199e+00   2.6812537e+00   3.1621402e+00   3.5311420e+00   4.1938957e+00   1.5339082e+00   5.1401946e+00
   2.0000000e+00   4.2980303e+00   2.8243561e+00   3.2326790e+00   3.3481907e+00   3.1969411e+00   3.2357951e+00   4.2826684e+00   1.5200821e+00   3.0427282e+00   3.0710074e+00
   2.0000000e+00   2.4880744e+00   3.5355802e+00   3.2917405e+00   4.8595820e+00   4.6931570e+00   3.0800999e+00   1.9430411e+00   1.4896369e+00   1.6786176e+00   2.2236559e+00
   2.0000000e+00   2.6839229e+00   2.6374566e+00   4.4587299e+00   1.4243555e+00   3.2979694e+00   4.3927384e+00   2.8854362e+00   2.3506349e+00   2.4953173e+00   2.4161898e+00
