   2.0000000e+00   2.2341811e+00   3.1520456e+00   2.3179820e+00   2.7882309e+00   3.6235707e+00   2.4120648e+00   2.9878861e+00   1.5862185e+00   2.1605836e+00   3.1868083e+00
   2.0000000e+00   6.1735689e+00   2.1551101e+00   2.4875526e+00   1.6129951e+00   3.3468141e+00   2.3688169e+00   4.2953498e+00   4.2598776e+00   1.8024270e+00   2.4026222e+00
   2.0000000e+00   2.5408020e+00   1.5896128e+00   1.9674143e+00   3.5522493e+00   3.1852005e+00   3.6195037e+00   4.1888767e+00   2.0703291e+00   3.8933879e+00   4.6001359e+00
   2.0000000e+00   3.3026977e+00   4.1454734e+00   2.7110571e+00   2.2169662e+00   2.3845479e+00   2.8448070e+00   3.2764094e+00   5.0412021e+00   1.9702233e+00   3.6146634e+00
   2.0000000e+00   3.7641402e+00   2.3585607e+00   5.6517452e-01   2.6001024e+00   2.9217222e+00   1.2047911e+00   3.3348486e+00   3.2864508e+00   2.4269461e+00   2.7845003e+00
   2.0000000e+00   2.3362749e+00   3.0596769e+00   3.7908303e+00   2.1246785e+00   2.5212012e+00   3.0775345e+00   4.6188121e+00   2.8540498e+00   2.5663667e+00   4.4082085e+00
   1.0000000e+00   4.8116987e+00   2.7112610e+00   2.3557535e+00   3.6596396e+00   1.8724899e+00   2.6204634e+00   5.5460230e+00   3.6087435e+00   3.0839989e+00   4.7181354e+00
   2.0000000e+00   4.1136077e+00   3.1183002e+00   1.4988129e+00   2.0450796e+00   1.6092609e+00   4.1108956e+00   3.4223865e+00   1.1843810e+00   3.2138752e+00   2.4862174e+00
   2.0000000e+00   5.2488989e+00   3.3878195e+00   4.8681149e+00   3.6794395e+00   3.4328020e+00   5.7578312e+00   2.1163942e+00   2.5341506e+00   2.4577870e+00   2.2006068e+00
   2.0000000e+00   2.7130470e+00   2.5135962e+00   3.5072491e+00   3.5163224e+00   2.8981391e+00   3.5914982e+00   1.3209417e+00   3.9013746e+00   2.3854569e+00   3.3784144e+00
   1.0000000e+00   2.2577305e+00   1.9027230e+00   4.4793153e+00   2.6180694e+00   2.8904478e+00   3.4827090e+00   2.7213723e+00   3.1167075e+00   3.7585693e+00   1.8234521e+00
   2.0000000e+00   3.5248408e+00   3.3874346e+00   3.9036826e+00   3.4256172e+00   2.1679677e+00   3.0088401e+00   2.5302105e+00   3.1793840e+00   2.3641825e+00   2.3938696e+00
   1.0000000e+00   4.3793831e+00   4.8713976e+00   1.9742996e+00   1.3400064e+00   1.5561109e+00   3.8345313e+00   3.2516542e+00   2.9870792e+00   3.1576570e+00   1.0247272e+00
   2.0000000e+00   4.0424636e+00   2.6612653e+00   2.7709191e+00   4.9729514e+00   3.5920984e+00   2.6201010e+00   2.5512925e+00   1.7788156e+00   3.4530431e+00   3.0262491e+00
   1.0000000e+00   3.3031877e+00   2.5190333e+00   2.7624309e+00   2.9806483e+00   1.7465456e+00   3.2378470e+00   2.1785748e+00   3.1364903e+00   3.9792927e+00   3.5919084e+00
   1.0000000e+00   3.0024780e+00   3.6240545e+00   2.9610335e+00   1.9939639e+00   1.7846049e+00   3.2982494e-01   3.0012852e+00   2.4187587e+00   3.7976101e+00   2.6818335e+00
   2.0000000e+00   2.5711188e+00   3.4184628e+00   3.4906450e+00   3.5321758e+00   3.4429743e+00   3.3671748e+00   2.8688165e+00   3.8880842e+00   3.4911637e+00   1.1746306e+00
   2.0000000e+00   2.9834245e+00   1.0298941e+00   3.7471644e+00   3.3537717e+00   3.2834883e-01   2.6615346e+00   2.0211367e+00   2.8758691e+00   3.9110871e+00   2.3285811e+00
   1.0000000e+00   3.7202201e+00   3.1971789e+00   3.1316792e+00   3.1924758e+00   3.4903969e+00   1.8141456e+00   3.9305180e+00   3.6062877e+00   3.5350282e+00   3.0918360e+00
   2.0000000e+00   3.0776675e+00   2.4491016e+00   4.2282216e+00   3.8770174e+00   3.0352313e+00   2.3339578e+00   3.0875883e+00   1.5667232e+00   3.8397218e+00   4.8180206e+00
   2.0000000e+00   3.4902452e+00   2.7395081e+00   3.4463625e+00   2.2887412e+00   1.4389759e+00   3.3403066e+00   2.6132802e+00   2.0707337e+00   3.5254528e+00   2.3339167e+00
   1.0000000e+00   2.1780119e+00   2.3195110e+00   2.6253958e+00   4.1838784e+00   1.0588782e+00   5.9372676e-01   2.1960658e+00   3.3441521e+00   3.0410466e+00   3.4737983e+00
   1.0000000e+00   1.3969773e+00   3.2693644e+00   1.8876623e+00   2.9334805e+00   1.5011346e+00   8.7601089e-01   2.7271229e+00   2.4401722e+00   3.2551030e+00   3.1558558e+00
   2.0000000e+00   2.6133035e+00   1.4510876e+00   2.1622892e+00   2.7276312e+00   1.8926854e+00   4.5673457e+00   2.9181917e+00   2.4453953e+00   2.0030557e+00   4.0635620e+00
   1.0000000e+00   4.3497092e+00   3.3065505e+00   7.4628552e-01   2.9957708e+00   3.8993651e+00   2.4774757e+00   2.7917069e+00   3.0091627e+00   3.4154919e+00   2.9437982e+00
   2.0000000e+00   4.0774804e+00   3.0984706e+00   2.9818341e+00   1.6178556e+00   1.4691474e+00   2.4810635e+00   2.2088773e+00   5.0795299e+00   2.2605130e+00   1.5596326e+00
   1.0000000e+00   3.1270193e+00   3.5882989e+00   2.9470239e+00   2.5520824e+00   2.8138549e+00   1.1095365e+00   3.5708947e+00   2.9705456e+00   3.6735270e+00   2.5114743e+00
   2.0000000e+00   3.3994634e+00   2.7116339e+00   2.5908366e+00   2.4500707e+00   3.9045047e+00   3.3812869e+00   2.3381555e+00   2.3762290e+00   2.8624158e+00   4.0954996e+00
   2.0000000e+00   3.7726118e+00   4.2171237e+00   3.9445334e+00   1.5186609e+00   3.4942618e+00   4.8500610e+00   2.3204290e+00   1.9033414e+00   3.7184605e+00   4.9071257e+00
   1.0000000e+00   2.8595166e+00   2.5160978e+00   4.3227975e+00   3.0377686e+00   4.2512396e+00   1.2774142e+00   3.1608685e+00   2.8825551e+00   3.5321462e+00   1.3391661e+00
   1.0000000e+00   2.4163940e+00   1.6324765e+00   2.0218645e+00   3.6032540e+00   2.5891618e+00   3.7268431e+00   3.2549055e+00   3.5479015e+00   3.8032460e+00   3.0083995e+00
   1.0000000e+00   2.9253733e+00   3.7184037e+00   2.9371471e+00   2.0361187e+00   3.7673132e+00   3.5383093e+00   4.5393157e+00   2.9594261e+00   3.7665698e+00   2.5326533e+00
   1.0000000e+00   4.3045406e+00   2.5862671e+00   2.5287870e+00   2.2580274e+00   4.4605388e+00   1.8581439e+00   2.9413841e+00   3.7549602e+00   3.1964581e+00   4.5083664e+00
   2.0000000e+00   3.6892187e+00   4.1946533e-01   2.8714028e+00   3.8346832e+00   1.9916653e+00   2.9576200e+00   2.9014153e+00   3.5387063e+00   9.4271999e-01   3.5513667e+00
   1.0000000e+00   3.7545268e+00   4.3455126e+00   3.0344329e+00   3.0034678e+00   1.1140965e+00   3.5308113e+00   3.0013236e+00   3.7442181e+00   3.6156492e+00   1.8173817e+00
   2.0000000e+00   2.4491304e+00   2.5158078e+00   3.4520821e+00   2.5525253e+00   3.8724262e+00   5.1470303e+00   4.3358702e+00   4.7604885e+00   3.6935589e+00   3.5558106e+00
   1.0000000e+00   4.2671664e+00   1.7007904e+00   2.7604749e+00   2.4361982e+00   4.6062837e+00   2.2684290e+00   2.4515129e+00   3.7509840e+00   3.3242666e+00   3.3478235e+00
   2.0000000e+00   2.1955064e+00   4.2120122e+00   3.4301236e+00   2.0290053e+00   1.9311618e+00   2.3242628e+00   3.9601891e+00   2.4331021e+00   1.2566317e+00   2.8799936e+00
   2.0000000e+00   2.0601202e+00   1.8460005e+00   2.6892981e+00   3.9965989e+00   3.7312512e+00   4.3917472e+00   3.9783847e+00   2.7388334e+00   2.7257541e+00   4.4186387e+00
   2.0000000e+00   2.7938128e+00   2.4073056e+00   2.7702354e+00   2.0993081e+00   3.6128630e+00   2.4156799e+00   7.9962503e-01   5.5254068e-01   2.8035251e+00   8.4579471e-01
   2.0000000e+00   1.4736135e+00   4.5208403e+00   1.6655994e+00   3.9131408e+00   2.7335414e+00   1.5601064e+00   2.3709201e+00   3.3190737e+00   2.5910504e+00   3.4918793e+00
   1.0000000e+00   2.7551170e+00   2.7429672e+00   3.6137797e+00   3.5073068e+00   3.6164485e+00   3.7323917e+00   4.0012431e+00   3.7948803e+00   3.3651498e+00   1.3438331e+00
   2.0000000e+00   2.7244441e+00   3.1434650e+00   3.0295014e+00   2.4871579e+00   2.5394612e+00   2.9221071e+00   5.1019263e+00   4.2225408e+00   2.5525248e+00   2.5632167e+00
   2.0000000e+00   1.0425916e+00   2.6155197e+00   2.4126631e+00   2.9303199e+00   2.8210507e+00   3.0775887e+00   2.7390529e+00   2.9964656e+00   4.0466873e+00   2.7871810e+00
   2.0000000e+00   2.5490572e+00   1.2919997e+00   3.0076581e+00   2.9483409e+00   3.7963478e+00   5.2872858e+00   3.9086630e+00   2.3784377e+00   1.5550465e+00   3.3635290e+00
   2.0000000e+00   4.1592077e+00   1.9994141e+00   1.6651233e+00   2.6070255e+00   3.6083280e+00   2.2524614e+00   4.2446334e+00   2.4810430e+00   2.0120776e+00   2.8349569e+00
   2.0000000e+00   2.1457521e+00   4.7332842e+00   3.3079954e+00   3.9848515e+00   2.2566532e+00   3.4080325e+00   3.8859200e+00   4.8936025e+00   2.3954600e+00   2.8348011e+00
   1.0000000e+00   4.5766578e+00   2.8114258e+00   3.2122705e+00   4.0202970e+00   2.0126928e+00   1.0739495e+00   3.0360212e+00   3.2597810e+00   3.5777799e+00   3.5974613e+00
   2.0000000e+00   2.0523289e+00   3.2720271e+00   2.5596655e+00   2.6227159e+00   2.1849944e+00   4.0195330e+00   3.4851971e+00   3.8337817e+00   2.5151799e+00   1.4573190e+00
   2.0000000e+00   2.6703841e+00   3.8128221e+00   2.0258178e+00   3.0898302e+00   4.6830468e+00   4.4097011e+00   2.8150643e+00   4.0016925e+00   2.4717986e+00   4.1583102e+00
   1.0000000e+00   2.7335900e+00   1.6581310e+00   2.5431109e+00   3.6876454e+00   4.5773451e+00   3.0451111e+00   1.7043160e+00   2.7309964e+00   3.0946254e+00   1.7937049e+00
   2.0000000e+00   3.3448224e+00   2.8626877e+00   1.1156583e+00   3.9924979e+00   5.2080150e+00   2.5853047e+00   1.7662596e+00   2.2347719e+00   1.8034259e+00   3.6905264e+00
   2.0000000e+00   2.1044262e+00   2.9046251e+00   1.3657327e+00   2.1290669e+00   2.7929845e+00   3.7214423e+00   1.9809836e+00   5.2461024e+00   3.6433265e+00   3.8971873e+00
   2.0000000e+00   2.7001861e+00   3.2893205e+00   1.9356429e+00   1.5569225e+00   2.1348943e+00   2.7954477e+00   5.3229123e+00   2.5335978e+00   4.6036760e+00   2.8492074e+00
   2.0000000e+00   2.8144201e+00   3.5791879e+00   3.2188116e+00   1.9720117e+00   2.6374641e+00   3.7788063e+00   2.9223034e+00   1.6337293e+00   2.6424800e+00   3.8361981e+00
   2.0000000e+00   3.9172454e+00   2.5431547e+00   3.5768731e+00   5.2227036e+00   2.6777541e+00   1.8503413e+00   4.0578545e+00   2.1363372e+00   2.0616294e+00   2.1954957e+00
   2.0000000e+00   1.2273094e+00   2.5353644e+00   3.8880014e+00   2.8002783e+00   2.7553825e+00   1.7399292e+00   3.5745775e+00   3.5003512e+00   2.8016248e+00   2.2268361e+00
   2.0000000e+00   3.8061703e+00   1.5545456e+00   3.2456549e+00   2.1025839e+00   4.5456689e+00   1.3372080e+00   2.8739259e+00   3.7181481e+00   3.7944486e+00   4.0093496e+00
   2.0000000e+00   2.7830770e+00   2.1727420e+00   2.0382382e+00   2.5935927e+00   2.6333544e+00   3.0824198e+00   2.8880821e+00   2.0681964e+00   4.3574039e+00   2.5516409e+00
   2.0000000e+00   3.9048637e+00   4.5564834e+00   1.7818007e+00   3.4885879e+00   2.7966552e+00   2.9448959e+00   3.6336020e+00   3.6477246e+00   2.1354525e+00   3.4677742e+00
   2.0000000e+00   2.7001854e+00   3.4872097e+00   2.7430616e+00   3.7226917e+00   1.9539429e+00   3.1716934e+00   3.1196343e+00   3.2874668e+00   2.6069686e+00   4.6061930e+00
   1.0000000e+00   2.5271100e+00   3.6158371e+00   1.4664519e+00   1.8513826e+00   1.8057532e+00   3.5083502e+00   2.7277079e+00   3.6498842e+00   3.3877988e+00   4.5041738e+00
   2.0000000e+00   1.1862024e+00   1.4533486e+00   2.8160537e+00   3.5560401e+00   1.9600019e+00   3.6148996e+00   2.3241604e+00   4.2292840e+00   2.5073723e+00   2.9824513e+00
   1.0000000e+00   5.4059683e+00   2.1711813e+00   2.3686328e+00   2.4850881e+00   3.9524231e+00   2.5006710e+00   2.1204164e+00   3.0882834e+00   3.5917875e+00   4.7662891e+00
   2.0000000e+00   2.2617699e+00   1.6432716e+00   3.5793574e+00   4.7755684e+00   3.1204539e+00   3.2511483e+00   4.3259390e+00   4.3578687e+00   2.9966092e+00   3.0764001e+00
   2.0000000e+00   4.8493351e+00   3.8610518e+00   2.7950839e+00   3.1360782e+00   1.7416274e+00   3.0707211e+00   3.4132512e+00   3.1705141e+00   2.8810286e+00   3.4205995e+00
   2.0000000e+00   3.0576816e+00   2.5528924e+00   2.6341440e+00   2.7957747e+00   3.4276103e+00   2.7791577e+00   3.1472182e+00   2.1137218e+00   3.8777318e+00   2.8781020e+00
   2.0000000e+00   2.8682673e+00   2.9628336e+00   2.5202144e+00   2.9392828e+00   1.5629295e+00   3.8304717e+00   4.7040095e+00   3.1834600e+00   2.8401715e+00   3.1485973e+00
   2.0000000e+00   3.7867896e+00   2.9807761e+00   4.1794893e+00   3.5045860e+00   2.2691259e+00   3.6046274e+00   1.9884439e+00   1.5926431e-01   3.3358130e+00   3.7034442e+00
   2.0000000e+00   2.8194763e+00   1.7971774e+00   3.6983529e+00   3.1796325e+00   3.2475877e+00   3.1178221e+00   3.5862162e+00   1.6860277e+00   3.1289483e+00   3.3884328e+00
   2.0000000e+00   2.6669194e+00   3.4912388e+00   4.0022022e+00   3.5926454e+00   3.5383386e+00  -1.2997975e-01   3.7255278e+00   3.1925333e+00   4.0561994e+00   3.2892796e+00
   2.0000000e+00   2.2642498e+00   2.9775420e+00   2.8218130e+00   2.6108848e+00   3.4228600e+00   2.1723838e+00   1.7976576e+00   3.0869683e+00   4.0476804e+00   2.0665142e+00
   2.0000000e+00   4.4076150e+00   3.3224426e+00   2.5787982e+00   3.9353908e+00   3.8818671e+00   2.4344682e+00   3.7326173e+00   4.3048658e+00   4.1420301e+00   1.3884465e+00
   2.0000000e+00   2.6475661e+00   4.1235140e+00   1.2900602e+00   4.5740235e+00   4.1692254e+00   4.1357294e+00   4.1600405e+00   1.6874464e+00   5.4582950e+00   2.2128502e+00
   2.0000000e+00   6.2380473e-01   2.6440406e+00   1.0463483e+00   3.2736761e+00   2.3701120e+00   3.2953186e+00   2.2973305e+00   3.5439788e+00  -1.4230195e-01   3.6784442e+00
   2.0000000e+00   3.5458271e+00   4.4094827e+00   3.3068056e+00   2.6344559e+00   2.9764253e+00   3.6057558e+00   3.1291450e+00   4.1312887e+00   2.5955517e+00   2.3085814e+00
   2.0000000e+00   2.9304936e+00   5.5098391e-01   2.5916098e+00   1.9561679e+00   2.7238622e+00   2.7243504e+00   2.3846520e+00   1.7644337e+00   3.4419047e+00   2.5659455e+00
   2.0000000e+00   2.0196519e+00   3.4023375e+00   2.0447869e+00   2.7626248e+00   4.3406424e+00   4.7118667e+00   2.3071909e+00   4.2852917e+00   2.9169499e+00   2.1935390e+00
   1.0000000e+00   3.4701849e+00   1.1698229e+00   3.4463811e+00   4.0076810e+00   4.4158041e+00   4.3123784e+00   3.0571383e+00   2.2700965e+00   3.4390557e+00   2.6476123e+00
   2.0000000e+00   2.8029577e+00   1.8799512e+00   2.6119297e+00   3.0612254e+00   3.3337013e+00   2.6577064e+00   3.4149707e+00   3.0188827e+00   2.7359466e+00   1.3404687e+00
   2.0000000e+00   1.2938531e+00   8.7594966e-01   3.0541486e+00   3.9395019e+00   3.5694929e+00   3.7346018e+00   2.9417784e+00   2.8763272e+00   1.5082986e+00   3.6470894e+00
   2.0000000e+00   2.7170539e+00   3.3170692e+00   2.2268878e+00   2.0003761e+00   2.0585571e+00   2.8866648e+00   5.2168694e+00   3.7316812e+00   2.5208693e+00   4.0641974e+00
   2.0000000e+00   2.6704087e+00   1.8790456e+00   3.7302948e+00   6.4777404e-01   1.5834062e+00   1.7435218e+00   2.7218472e+00   2.7493537e+00   2.4226172e+00   4.9279685e-01
   2.0000000e+00   2.6870114e+00   2.7416377e+00   1.2750820e+00   4.4019702e+00   3.6496132e+00   2.1887412e+00   4.5771333e+00   3.0957872e+00   2.4122115e+00   5.0249199e+00
   2.0000000e+00   2.0748874e+00   2.9213143e+00   2.9130247e+00   3.9695547e+00   4.0981793e+00   2.3017915e+00   1.4466264e+00   1.3566647e+00   3.4507040e+00   2.0868618e+00
   1.0000000e+00   3.7180722e+00   1.5196445e+00   2.0100131e+00   2.5438016e+00   2.3951149e+00   3.4813125e+00   4.2501410e+00   2.5216141e+00   3.0169171e+00   4.1162644e+00
   2.0000000e+00   3.2512078e+00   2.4096615e+00   3.6856470e+00   3.6849671e+00   4.2081555e+00   2.6782237e+00   2.1325212e+00   3.6540668e+00   1.9452533e+00   9.5697287e-01
   2.0000000e+00   2.4460324e+00   5.0379675e+00   3.1163730e+00   3.6856719e+00   1.7583819e+00   7.1677608e-01   2.5228638e+00   3.0213315e+00   5.1580889e+00   4.8198181e+00
   2.0000000e+00   3.8183401e+00   1.6515346e+00   4.2759256e+00   5.1318306e+00   3.0793847e+00   3.1520287e+00   3.4385507e+00   4.0712840e+00   3.0454540e+00   1.3693889e+00
   2.0000000e+00   2.5019377e+00   3.7512053e+00   3.5256398e+00   4.7970203e+00   4.9842494e+00   3.1611553e+00   3.7782229e+00   3.4435659e+00   2.4506283e+00   3.2717851e+00
   2.0000000e+00   2.3632735e+00   2.3468985e+00   2.3809125e+00   3.1847178e+00   4.4576747e+00   3.1883795e+00   3.4228269e+00   3.2117557e+00   2.9451901e+00   4.1050686e+00
   2.0000000e+00   3.3123571e+00   3.9261347e+00   2.9115737e+00   2.9977491e+00   3.2667256e+00   2.9378144e+00   3.8936833e+00   2.4640320e+00   4.0762775e+00   2.3878338e+00
   2.0000000e+00   7.7863056e-01   3.5928603e+00   3.4319348e+00   3.1933955e+00   3.2937463e+00   4.5729433e+00   3.0164306e+00   2.7660903e+00   1.2096959e+00   4.1440210e+00
   2.0000000e+00   2.1613254e+00   3.9282667e+00   3.4487726e+00   1.3897173e+00   1.3238467e+00   2.0782827e+00   2.7060568e+00   2.7763941e+00   1.9144856e+00   4.4182162e+00
   2.0000000e+00   1.6988044e+00   3.5566191e+00   1.7448332e+00   4.4311641e+00   3.8073817e+00   2.2733963e+00   3.1233030e+00   4.6669791e+00   1.5397784e+00   3.6020923e+00
   2.0000000e+00   2.8263747e+00   1.4529326e+00   3.7500829e+00   2.1305918e+00   1.9558098e+00   2.1856107e+00   2.1816603e+00   7.4036228e-01   3.9342857e+00   3.6142889e+00
   1.0000000e+00   3.4644869e+00   2.5287289e+00   4.6478087e+00   3.7480608e+00   2.5355615e+00   3.4448840e+00   3.5557298e+00   3.8183027e+00   3.0431793e+00   3.3440582e+00
   2.0000000e+00   2.5545322e+00   2.8950294e+00   3.5485965e+00   3.9235241e+00   3.9035645e+00   2.3440089e+00   2.6028244e+00   1.8826756e+00   3.9367231e+00   3.7032825e+00
   2.0000000e+00   1.4062043e+00   3.2312087e+00   3.5703019e+00   3.6076756e+00   2.9855150e+00   4.1141064e+00   1.7977985e+00   3.8843854e+00   2.1162253e+00   3.8811014e+00
   2.0000000e+00   3.1297507e+00   2.5655908e+00   5.1280426e-01   2.3052104e+00   4.5116117e+00   4.0124120e+00   3.2516015e+00   3.9045281e+00   4.8446301e+00   5.5313525e+00
