   2.0000000e+00   2.9504671e+00   1.3009660e+00   4.0358655e+00   5.3998741e+00   4.0135098e+00   1.8432362e+00   2.2104507e+00   3.6259770e+00   2.0569536e+00   2.4075853e+00
   2.0000000e+00   3.2971925e+00   2.7439351e+00   3.5263230e+00   3.8722574e+00   8.4087901e-01   3.5289661e+00   2.3052631e+00   2.8982193e+00   3.0234973e+00   2.8144396e+00
   1.0000000e+00   1.1859229e+00   2.7462573e+00   3.9846117e+00   2.5239790e+00   3.0124712e+00   3.6564692e+00   7.4127979e-01   4.4923228e+00   2.9605288e+00   3.0444285e+00
   1.0000000e+00   3.7122883e+00   4.7188777e+00   2.8652894e+00   1.8522290e+00   2.5979833e+00   3.7118168e+00   2.3195424e+00   3.1914130e+00   4.4366759e+00   3.2428387e+00
   1.0000000e+00   2.9171799e+00   2.6529096e+00   3.2254626e+00   2.4288059e+00   4.8140957e+00   2.5448075e+00   4.2708659e+00   3.0515686e+00   4.2305042e+00   3.2248060e+00
   2.0000000e+00   3.1683808e+00   3.9263558e+00   2.7236115e+00   3.5011452e+00   3.4290939e+00   3.5959490e+00   2.4974326e+00   3.5783113e+00   1.7232642e+00   1.7137779e+00
   2.0000000e+00   3.2592883e+00   2.3389072e+00   2.0572921e+00   1.1339655e+00   3.5776208e+00   3.7600147e+00   2.8673624e+00   3.8664521e+00   2.1359958e+00   3.6052711e+00
   1.0000000e+00   2.4697668e+00   8.6251690e-01   3.3220900e+00   3.4780653e+00   3.6126848e+00   1.5262160e+00   4.0315017e+00   2.4696570e+00   3.7798628e+00   3.8407644e+00
   2.0000000e+00   3.2511646e+00   1.2591379e+00   3.8658843e+00   1.1372086e+00   4.4730460e+00   2.9077563e+00   2.2215111e+00   4.8104106e-01   2.9965640e+00   3.8038400e+00
   1.0000000e+00   3.0511535e+00   4.2361881e+00   2.3225903e+00   4.2903934e+00   2.7882626e+00   3.2840049e+00   3.1146446e+00   3.8138130e+00   3.7911276e+00   3.3849100e+00
   2.0000000e+00   3.3779057e+00   2.8384025e+00   1.2350038e+00   3.2782215e+00   4.4893891e+00   2.6199356e+00   2.0046976e+00   4.0029613e+00   4.2749939e+00   3.1256709e+00
   2.0000000e+00   2.3509964e+00   3.1293341e+00   2.4955165e+00   3.7159571e+00   3.7891893e+00   4.1415735e+00   4.0435327e+00   2.3667044e+00   2.0543481e+00   2.8799042e+00
   2.0000000e+00   4.2165705e+00   3.0973996e+00   1.0614233e+00   1.5003870e+00   3.1468281e+00   3.6311023e+00   2.3082187e+00   4.6477746e+00   3.6572575e+00   2.7003471e+00
   2.0000000e+00   2.0674934e+00   1.7263935e+00   3.9552694e+00   3.6034701e+00   2.9417395e+00   2.8929341e+00   5.2455510e+00   2.3149080e+00   2.3272597e+00   4.1784595e+00
   2.0000000e+00   1.5016223e+00   2.4115682e+00   4.1784970e+00   4.0672300e+00   3.8303393e+00   1.9254778e+00   2.1078783e+00   3.3211072e+00   1.5621117e+00   1.9099120e+00
   2.0000000e+00   2.9034854e+00   4.4344524e+00   2.2625478e+00   1.4961574e+00   4.2116041e+00   3.4196553e+00   4.7065799e+00   3.0285617e+00   2.7127665e+00   2.1672022e+00
   2.0000000e+00   4.8275049e+00   4.1738447e+00   3.8882413e+00   3.1620694e+00   3.9638668e+00   3.2313690e+00   2.1298110e+00   3.3774556e+00   3.0779952e+00   4.1179607e+00
   2.0000000e+00   1.1164643e+00   1.3082381e+00   4.0806089e+00   2.3075476e+00   3.4308308e+00   3.2259685e+00   4.5312087e+00   3.7166543e+00   3.6799246e+00   2.1576613e+00
   2.0000000e+00   1.7367525e+00   2.5654336e+00   4.2726721e+00   2.5801009e+00   3.4239483e+00   1.6521560e+00   1.3967778e+00   2.7416236e+00   2.2783348e+00   1.6806856e+00
   2.0000000e+00   5.2125128e+00   3.1171228e+00   6.4007281e+00   4.3303545e+00   2.2720245e+00   1.7831553e+00   2.2016751e+00   2.1021512e+00   4.0744172e+00   2.4253439e+00
   1.0000000e+00   4.5863297e+00   2.5824014e+00   2.2002118e+00   3.0677695e+00   4.5482554e+00   3.2384568e+00   3.7831245e+00   2.6029756e+00   4.1749570e+00   3.0738877e+00
   2.0000000e+00   2.4856551e+00   3.3427956e+00   2.4056972e+00   3.3826066e+00   2.3582218e+00   1.8117062e+00   3.9799261e+00   1.7921777e+00   3.8892256e+00   4.4344207e+00
   1.0000000e+00   1.1630220e+00   8.4226118e-01   3.3036137e+00   3.5455813e+00   3.3023246e+00   4.1043851e+00   3.7449470e+00   3.6907749e+00   3.7654661e+00   3.8946212e+00
   1.0000000e+00   2.6958825e+00   3.7059257e+00   3.3374779e+00   3.4080722e+00   2.4609274e+00   3.0119258e+00   3.5869949e+00   3.3499936e+00   1.3447280e+00   3.3647656e+00
   2.0000000e+00   2.6339210e+00   2.8048119e+00   3.0402117e+00   4.3667755e+00   3.8056095e-01   2.3641823e+00   4.7870792e+00   2.7489583e+00   1.9113617e-01   2.1052840e+00
   2.0000000e+00   2.6470396e+00   3.5633535e+00   2.2932533e+00   2.2109307e+00   3.5028319e+00   2.4913580e+00   3.9902052e+00   1.1858087e+00   3.7793790e+00   1.1525049e+00
   2.0000000e+00   1.3963362e+00   4.5856956e+00   2.7004177e+00   3.7644086e+00   1.4039968e+00   4.2002869e+00   3.4808745e+00   6.9942820e-01   2.9860904e+00   2.9665635e+00
   1.0000000e+00   4.4267041e+00   3.4847463e+00   3.7848240e+00   1.8987603e+00   3.5480601e+00   2.4142535e+00   2.4569381e+00   3.2178057e+00   4.3395914e+00   3.2317728e+00
   2.0000000e+00   3.0914937e+00   3.6666488e+00   4.0475561e+00   2.7391027e+00   3.3197713e+00   2.7861765e+00   1.5778366e+00   3.8839925e+00   2.6459351e+00   3.9471524e+00
   1.0000000e+00   2.9748814e+00   4.1879536e+00   2.3576409e+00   3.1833489e+00   1.2870042e+00   1.8696266e+00   2.9231670e+00   4.4684348e+00   4.6773328e+00   3.4988235e+00
   2.0000000e+00   4.2557643e+00   4.1504507e+00   1.7311464e+00   1.3501252e+00   3.2437588e+00   3.1535746e+00   4.0403136e+00   3.4646604e+00   1.7463511e+00   3.9101869e+00
   2.0000000e+00   4.9673738e+00   2.6648490e+00   4.1343123e+00   2.4309329e+00   4.3178179e+00   3.7123129e+00   2.5200257e+00   2.4112967e+00   3.3056382e+00   2.0329614e+00
   2.0000000e+00   2.2704301e+00   2.6944979e+00   2.0033013e+00   2.3216222e+00   2.2159753e+00   4.4279176e+00   1.6915305e+00   2.3741200e+00   2.6656775e+00   4.8474877e+00
   2.0000000e+00   4.6386255e+00   3.1172233e+00   1.9419882e+00   1.5890655e+00   1.9506544e+00   2.5316933e+00   1.8988369e+00   3.6463594e+00   3.2027087e+00   2.4842842e+00
   1.0000000e+00   3.7376257e+00   3.0654662e+00   3.8600849e+00   1.0395734e+00   1.2449243e+00   3.2729330e+00   3.5387818e+00   1.7491837e+00   3.4117401e+00   3.2178012e+00
   2.0000000e+00   4.2015629e+00   3.9294600e+00   3.7871818e+00   4.2724036e+00   2.4871591e+00   3.7623778e+00   3.2972887e+00   3.9645013e+00   3.2309068e+00   1.1289763e+00
   2.0000000e+00   4.4878544e+00   2.5522084e+00   2.9150574e+00   3.1359035e+00   3.1951250e+00   2.5853135e+00   2.5695154e+00   3.2121841e+00   1.9497178e+00   4.3573507e+00
   2.0000000e+00   1.5059021e+00   2.8204238e+00   3.2061584e+00   4.0759319e+00   4.0860233e+00   2.6650057e+00   2.8853109e+00   3.3856395e+00   3.8404476e+00   4.0156081e+00
   2.0000000e+00   3.6915976e+00   3.2393963e+00   2.2114028e+00   4.0200250e+00   2.2430425e+00   1.8413625e+00   2.6471564e+00   2.8403081e+00   2.8621133e+00   4.9080413e-01
   1.0000000e+00   3.2444440e+00   3.9517803e+00   3.0852854e+00   2.8537308e+00   3.1920989e+00   1.6102003e+00   9.6162003e-01   1.5559945e+00   7.8638285e-01   3.3181908e+00
   2.0000000e+00   3.4438337e+00   2.0968743e+00   3.9485772e+00   2.9045489e+00   2.9652256e+00   3.6954046e+00   2.3110535e+00   2.4447085e+00   3.6949102e+00   4.7836338e+00
   2.0000000e+00   3.3275758e-01   2.6871733e+00   2.8710086e+00   2.9149517e+00   2.9701077e+00   3.7401393e+00   1.4716166e+00   4.0099451e+00   2.1519848e+00   1.9057654e+00
   2.0000000e+00   3.7433343e+00   3.4544073e+00   4.2799556e+00   4.4520458e-01   1.7738933e+00   2.9352375e+00   2.0387220e+00   2.9016913e+00   4.8929716e+00   2.3455893e+00
   2.0000000e+00   1.9253137e+00   3.4004217e+00   1.1078955e+00   1.1690753e+00   2.5941796e+00   4.1864781e+00   2.0007636e+00   3.5094069e+00   3.2462766e+00   1.4211383e+00
   2.0000000e+00   3.3965810e+00   2.9808108e+00   3.3973507e+00   3.2588166e+00   2.9063200e+00   2.6951828e+00   2.5302659e+00   3.9509176e+00   1.2515820e+00   2.1360797e+00
   2.0000000e+00   2.4350327e+00   2.3732828e+00   3.3248486e+00   2.0228701e+00   2.7830133e+00   3.3009745e+00   4.9481402e+00   1.1629352e+00   3.1662554e+00   2.5464991e+00
   2.0000000e+00   2.9997934e+00   1.6967513e+00   4.7331121e+00   3.8863171e+00   2.6733692e+00   2.1037118e+00   3.5083947e+00   2.7515069e+00   2.6337677e+00   5.9761130e+00
   2.0000000e+00   4.0469808e+00   3.0490824e-01   3.9074999e+00   3.3351601e+00   3.8742575e+00   3.0782780e+00   3.4609081e+00   2.6921463e+00   3.7190678e+00   2.6010535e+00
   2.0000000e+00   4.5587223e+00   3.2948620e+00   2.0258535e+00   2.6107237e+00   2.8479637e+00   2.7243702e+00   2.2372090e+00   3.9169612e+00   2.5930548e+00   3.6565335e+00
   2.0000000e+00   2.1730796e+00   2.2440906e+00   3.6882411e+00   3.0812137e+00   3.2274770e+00   1.5349922e+00   3.7664181e+00   3.0910884e+00   1.8326397e+00   2.5089430e+00
   1.0000000e+00   2.9720560e+00   2.9843608e+00   3.7035711e+00   3.0270777e+00   3.9092580e+00   2.1932479e+00   1.6420706e+00   4.0404787e+00   3.6012042e+00   3.4892744e+00
   2.0000000e+00   3.9652088e+00   2.1868809e+00   1.6376107e+00   1.0855992e+00   2.3671274e+00   3.3038464e+00   2.0826699e+00   3.9478438e+00   3.2739186e+00   4.3966040e+00
   2.0000000e+00   2.6897625e+00   1.5078426e+00   2.5151979e+00   4.0652585e+00   3.0159853e+00   3.2010274e+00   1.3458348e+00   4.4274681e+00   4.1320262e+00   2.6327828e+00
   1.0000000e+00   2.8238702e+00   3.3114888e+00   2.9410113e+00   3.3502662e+00   4.6336698e+00   2.6596651e+00   6.5076840e-01   3.5988074e+00   2.6164911e+00   3.5910307e+00
   2.0000000e+00   2.5358940e+00   2.0642627e+00   3.7659303e+00   2.2996729e+00   1.4619416e+00   4.5382057e+00   2.5189657e-01   3.1363931e+00   3.5976470e+00   4.4469575e+00
   2.0000000e+00   1.7598027e+00   1.6378033e+00   3.9846689e+00   2.9933212e+00   3.1881712e+00   3.1569550e+00   2.6795237e+00   3.8008502e+00   2.9980173e+00   4.1690369e+00
   2.0000000e+00   3.2201853e+00   2.3010908e+00   4.4685616e+00   3.5292741e+00   4.0337327e+00   1.4324024e+00   3.8554283e+00   2.6919507e+00   4.9483813e+00   2.4428541e+00
   2.0000000e+00   3.0023574e+00   3.2349833e+00   2.8931968e+00   3.0452270e+00   3.2064770e+00   5.3875294e+00   2.5508219e+00   2.8570826e+00   3.2549738e+00   2.4572659e+00
   2.0000000e+00   4.2967613e+00   3.1624316e+00   1.9272194e+00   3.5197405e+00   2.9783961e+00   3.8973598e+00   3.7787773e+00   2.6075229e+00   3.3938558e+00   3.6457272e+00
   1.0000000e+00   3.8293802e+00   3.4154507e+00   2.6318201e+00   2.6947849e+00   3.9791654e+00   4.3858851e+00   2.0546007e+00   2.0400813e+00   4.6061467e+00   3.8666788e+00
   1.0000000e+00   3.5443516e+00   4.2105530e+00   3.3466805e+00   3.5298331e+00   3.9216759e+00   2.2504835e+00   3.6402168e+00   3.6097501e+00   2.7486083e+00   3.0399219e+00
   1.0000000e+00   1.6523770e+00   2.9676812e+00   3.1783639e+00   2.2387164e+00   2.0781369e+00   3.2875266e+00   3.9544788e+00   4.6635106e+00   1.5548157e+00   3.0965285e+00
   2.0000000e+00   2.0853868e+00   4.0885505e+00   2.4858401e+00   2.0907714e+00   1.8636695e+00   4.0304803e+00   3.1605133e+00   1.4588691e+00   6.9036654e-01   3.9026970e+00
   1.0000000e+00   3.4686131e+00   3.9693511e+00   2.3170768e+00   1.9281750e+00   3.1969639e+00   3.9360050e+00   4.0591163e+00   2.5460831e+00   3.2563971e+00   3.0460534e+00
   2.0000000e+00   3.3561072e+00   3.4158653e+00   4.1395158e+00   2.5771601e+00   2.1734028e+00   2.4737845e+00   4.3557311e+00   3.5919808e+00   2.3121444e+00   1.4538790e+00
   2.0000000e+00   2.6218981e+00   3.8451200e+00   3.5407658e+00   3.4649975e+00   2.8998217e+00   2.7402846e+00   4.3155681e+00   4.1185507e+00   3.5978050e+00   4.5973636e+00
   1.0000000e+00   2.7317036e+00   2.5766942e+00   2.3847993e+00   3.5942601e+00   5.7707018e-01   2.5787439e+00   3.0766143e+00   4.4305474e+00   1.1390509e+00   3.2297924e+00
   2.0000000e+00   5.0088313e+00   2.7688958e+00   3.7861979e+00   3.6925551e+00   4.1221174e+00   3.0008101e+00   3.3452659e+00   2.8996466e+00   3.3559040e+00   1.7866032e+00
   2.0000000e+00   1.9704013e+00   2.5028937e+00   3.7488628e+00   3.6804917e+00   3.9436006e+00   3.6917009e+00   5.1277968e+00   4.0542148e+00   2.8371941e+00   4.1017688e+00
   1.0000000e+00   2.6381606e+00   3.0820505e+00   3.1473175e+00   1.2427585e+00   3.5132486e+00   1.7735238e+00   3.0450951e+00   3.1391527e+00   2.2543902e+00   3.2582970e+00
   1.0000000e+00   2.6471175e+00   2.1643259e+00   3.9735854e+00   2.8858870e+00   2.1414325e+00   3.2942035e+00   3.8694152e+00   3.4263283e+00   1.8976102e+00   3.1410519e+00
   2.0000000e+00   3.1256732e+00   3.5968887e+00   2.5368133e+00   1.9237981e+00   3.5347172e+00   3.3676852e+00   2.9247643e+00   2.6520931e+00   2.6949390e+00   1.8418392e+00
   2.0000000e+00   4.0107488e+00   2.1303628e+00   1.2012701e+00   2.4958775e+00   3.5030432e+00   2.2723079e+00   3.9323967e+00   4.2200063e+00   3.7656488e+00   2.3708029e+00
   2.0000000e+00   2.3347610e+00   2.6202336e-01   5.0985398e+00   3.3282063e+00   4.3782146e+00   3.4221605e+00   2.6739468e+00   2.9598936e+00   1.7913775e+00   3.8169943e+00
   2.0000000e+00   3.7319751e+00   3.0532847e+00   3.8401797e+00   1.6743098e+00   2.5610313e+00   3.0375210e+00   5.1597158e+00   1.9981741e+00   3.7070141e+00   4.1152105e+00
   2.0000000e+00   1.5594400e+00   2.9015606e+00   2.5674936e+00   2.8326872e+00   3.3749591e+00   3.8416031e+00   3.4436373e+00   2.7416464e+00   3.8180310e+00   2.1690242e+00
   2.0000000e+00   1.8185721e+00   1.4599602e+00   3.8687202e+00   2.8014743e+00   4.6756560e+00   2.6929848e+00   2.7385117e+00   1.6631801e+00   3.0105446e+00   1.7088928e+00
   2.0000000e+00   2.6057790e+00   4.8735359e+00   2.9526440e+00   4.0038707e+00   2.8471018e+00   3.0534156e+00   2.0254421e+00   3.7884637e+00   5.1611364e+00   2.9480379e+00
   2.0000000e+00   2.1075335e+00   7.8806172e-01   1.5016281e+00   3.3252659e+00   4.2620281e+00   2.9022753e+00   2.2444487e+00   3.3325263e+00   2.7358991e+00   2.6370689e+00
   2.0000000e+00   3.3248510e+00   2.9278744e+00   2.5368943e+00   2.3717688e+00   2.0634372e+00   1.6409692e+00   4.0247196e+00   1.3542012e+00   3.9334219e+00   2.5168790e+00
   2.0000000e+00   3.3824576e+00   1.8470238e+00   1.8257548e+00   3.2579680e+00   2.4498286e+00   4.2988832e+00   4.2668290e+00   2.2733109e+00   3.2257059e+00   5.1614971e+00
   2.0000000e+00   2.4372043e+00   3.7798952e+00   1.5119645e+00   8.0053430e-01   2.0994818e+00   3.3317614e+00   4.2468920e+00   2.9188886e+00   3.5269374e+00   3.1347483e+00
   2.0000000e+00   8.4375459e-01   3.9042756e+00   3.8375242e+00   2.6998727e+00   2.7486620e+00   2.3052126e+00   2.6283400e+00   1.1457391e+00   3.2335163e+00   1.6511231e+00
   2.0000000e+00   3.0626084e+00   4.0562269e+00   3.7053119e+00   3.6130506e+00   1.5479642e+00   4.4765384e+00   2.4859183e+00   4.1186121e+00   2.8610794e+00   2.9905638e+00
   2.0000000e+00   1.9795085e+00   2.8632052e+00   2.0237547e+00   3.2762784e+00   1.6071065e+00   2.9950372e+00   3.7597242e+00   1.4811388e-01   4.4738613e+00   2.3019408e+00
   2.0000000e+00   3.0673391e+00   2.7187589e+00   2.6687893e+00   4.2157323e-01   1.5550377e+00   2.1811196e+00   3.4788347e+00   1.7820388e+00   4.0401461e+00   1.0533686e+00
   2.0000000e+00   1.6630002e+00   3.5714146e+00   4.7718044e+00   3.5940346e+00   4.9047187e+00   4.1041431e+00   2.4627997e+00   8.8152204e-01   1.5442585e+00   3.6687914e+00
   2.0000000e+00   4.6090653e+00   3.0677207e+00   1.4720443e+00   3.6046952e+00   3.8088743e+00   3.9284130e+00   2.8167503e+00   3.6884021e+00   3.0173854e+00   3.4586429e+00
   2.0000000e+00   4.4027320e+00   3.0592111e+00   2.0240155e+00   3.2716948e+00   3.0862194e+00   3.6789662e+00   3.9874797e+00   3.3199959e+00   2.9800004e+00   1.7297149e+00
   1.0000000e+00   2.4723205e+00   2.9729707e+00   2.9813688e+00   2.0115533e+00   5.0834852e+00   2.6946259e+00   3.5110682e+00   1.8556037e+00   3.0848731e+00   3.7221950e+00
   2.0000000e+00   3.0771708e+00   2.3784350e+00   8.1750224e-01   3.5615211e+00   1.9611570e+00   3.2062475e+00   3.1568535e+00   1.5489469e+00   4.4939197e+00   2.1150153e+00
   2.0000000e+00   3.0584480e+00   4.1194875e+00   1.8178544e+00   1.7682398e+00   4.5058157e+00   4.3437157e+00   3.2461929e+00   2.3709262e+00   3.5639285e+00   5.0960533e+00
   2.0000000e+00   2.2722251e+00   4.8058189e+00   3.6037794e+00   1.8942301e+00   2.5901086e+00   2.1998237e+00   2.8230701e+00   4.8720765e+00   2.4072137e+00   1.9391347e+00
   2.0000000e+00   4.4369743e+00   1.8519210e+00   4.1740083e+00   2.3802076e+00   1.7785766e+00   3.1812695e+00   2.9438915e+00   3.1837894e+00   2.6372890e+00   3.4467938e+00
   2.0000000e+00   1.9326035e+00   3.6523989e+00   4.8692774e+00   2.7462174e+00   3.4288626e+00   3.7390523e+00   5.3470138e+00   3.1233297e+00   3.8307017e+00   3.1727440e+00
   1.0000000e+00   2.5800589e+00   4.1822737e+00   3.4185084e+00   2.5766770e+00   5.3451276e+00   3.7111723e+00   3.1057444e+00   2.2568356e+00   1.4397762e+00   3.5062894e+00
   2.0000000e+00   3.6219747e+00   2.9548912e+00   3.9472062e+00   2.5575247e+00   3.3887504e+00   5.1290875e+00   2.4420237e+00   3.1909603e+00   3.7198834e+00   1.9281946e+00
   1.0000000e+00   3.3747726e+00   2.9195388e+00   3.2566182e+00   1.8785730e+00   3.6822063e+00   2.2676041e+00   2.5571141e+00   3.5209231e+00   2.7479107e+00   3.1780859e+00
   2.0000000e+00   4.3472496e+00   2.5613119e+00   3.4774337e+00   4.0694683e+00   1.3022269e+00   3.0947447e+00   4.0190436e+00   1.3690089e+00   1.5108377e+00   1.2330305e+00
   1.0000000e+00   3.0084174e+00   4.2835778e+00   3.7534221e+00   2.7679381e+00   3.3148651e+00   2.1476622e+00   3.4342565e+00   4.1684802e+00   3.7997625e+00   3.2323451e+00
