   2.0000000e+00   4.2444686e+00   2.2758755e+00   2.4082988e+00   3.8857100e+00   2.4932070e+00   4.2326891e+00   1.4805491e+00   3.7669661e+00   4.3293772e+00   1.6958440e+00
   2.0000000e+00   2.4206319e+00   2.9799127e+00   3.8959262e+00   1.6328276e+00   3.0863216e+00   2.6921232e+00   3.4317819e+00   3.0647358e+00   3.0423568e+00   2.7250434e+00
   2.0000000e+00   1.1207703e+00   4.8326475e+00   3.2070801e+00   2.2654092e+00   2.2959878e+00   1.9463576e+00   1.7671867e+00   2.7081888e+00   6.2649440e+00   2.5057754e+00
   2.0000000e+00   2.6456273e+00   4.0681174e+00   2.2229158e+00   2.2098499e+00   1.5996709e+00   3.3556235e+00   4.0027183e+00   4.6049941e+00   2.9413775e+00   2.7682903e+00
   1.0000000e+00   2.8340315e+00   1.8033884e+00   1.6874687e+00   2.4747713e+00   3.0789979e+00   3.6289904e+00   3.5214367e+00   1.4777971e+00   2.6111380e+00   3.4763587e+00
   2.0000000e+00   2.9664027e+00   3.3964020e+00   2.9427011e+00   1.8381390e+00   1.9955882e+00   1.6757891e+00   2.6086152e+00   2.0028940e+00   3.6394762e+00   2.3876600e+00
   2.0000000e+00   2.0192540e+00   3.8384371e+00   3.6637018e+00   3.6260036e+00   3.4219442e+00   3.1359482e+00   2.7308202e+00   3.1997932e+00   3.6682002e+00   1.6497477e+00
   2.0000000e+00   2.9534644e+00   2.3835145e+00   2.7570523e+00   2.0910110e+00   2.9200479e+00   2.9213222e+00   2.2745687e+00   3.9846898e+00   3.4106793e+00   1.0658802e+00
   2.0000000e+00   2.8407340e+00   2.2987528e+00   3.4278554e+00   1.4611195e+00   3.1510881e+00   2.5607635e+00   1.5478178e+00   2.6170266e+00   3.1915744e+00   2.0857227e+00
   2.0000000e+00   4.8844963e+00   1.9975066e+00   4.7449886e+00   1.0360292e+00   2.1410633e+00   4.1097842e+00   1.9475346e+00   2.9781029e+00   3.3122800e+00   4.3541846e+00
   2.0000000e+00   3.2539946e+00   2.1345986e+00   1.6469611e+00   3.6615245e+00   2.8883539e+00   2.4757370e+00   2.5553482e+00   2.0932158e+00   3.4622016e+00   4.4813072e+00
   2.0000000e+00   2.9859754e+00   9.7425357e-01   1.6784175e+00   3.3207690e+00   2.7815074e+00   2.3172162e+00   5.2013008e+00   2.2458371e+00   3.7497425e+00   2.4840918e+00
   2.0000000e+00   2.2481787e+00   2.2423557e+00   4.1852483e+00   2.0929025e+00   2.7570295e+00   2.0545115e+00   1.6215562e+00   3.3956018e+00   3.6479862e+00   2.6769626e+00
   2.0000000e+00   3.9776860e+00   3.6182390e+00   3.1821613e+00   3.3369229e+00   3.5278827e+00   3.0289609e+00   3.8981356e+00   3.6446308e+00   4.4770585e+00   2.9580004e+00
   1.0000000e+00   2.4298459e+00   2.4398663e+00   3.6222242e+00   4.1680138e+00   2.2435861e+00   2.7731116e+00   1.8303176e+00   2.7581638e+00   3.0215919e+00   3.8264199e+00
   1.0000000e+00   3.3856393e+00   4.4244506e+00   4.2541649e+00   2.6387965e+00   2.1542847e+00   2.8626061e+00   2.8605147e+00   3.0061127e+00   2.2120362e+00   3.1455287e+00
   2.0000000e+00   4.3392626e+00   1.6378832e+00   3.3774378e+00   2.5790648e+00   1.2109658e+00   4.5992532e+00   2.9964644e+00   3.6787258e+00   2.6312101e+00   2.9927454e+00
   2.0000000e+00   2.3366650e+00   3.0262647e+00   2.0157700e+00   1.9583656e+00   3.1845201e+00   4.2071888e+00   1.8386810e+00   3.8598423e+00   2.8051338e+00   3.9492252e+00
   2.0000000e+00   2.5485947e+00   2.3976987e+00   2.4299150e+00   4.0976097e+00   3.1892075e+00   3.1513090e+00   1.5152118e+00   3.0859307e+00   1.4221701e+00   2.9823506e+00
   2.0000000e+00   1.5943830e+00   2.9669068e+00   3.9637589e+00   1.8957867e+00   2.4461218e+00   4.6325482e+00   3.3952329e+00   3.4083882e+00   2.6223042e+00   1.2482427e+00
   1.0000000e+00   1.9688940e+00   2.7649375e+00   1.6458359e+00   2.8244305e+00   2.4829709e+00   2.6813045e+00   4.3365502e+00   1.6111241e+00   3.8323591e+00   3.1505358e+00
   2.0000000e+00   3.3840106e+00   2.1009469e+00   2.9659090e+00   2.1477979e+00   1.7131615e+00   7.0181585e-01   2.6467734e+00   1.6943668e+00   2.3172342e+00   2.9894293e+00
   2.0000000e+00   2.7442617e+00   2.8259674e+00   3.5835030e+00   2.6504484e+00   3.9527036e+00   4.3400232e+00   4.1787316e+00   2.9491339e+00   4.5200815e+00   4.8351030e+00
   2.0000000e+00   2.0442777e+00   4.1629043e+00   3.5678883e+00   1.5183264e+00   2.7056578e+00   2.7110705e+00   3.0597406e+00   3.8539055e+00   3.3095611e+00   1.5807982e+00
   2.0000000e+00   3.2398237e+00   2.3296285e+00   2.4945968e+00   3.2116402e+00   3.0595025e+00   2.6925396e+00   3.3805924e+00   5.0105055e+00   1.2478869e+00   4.4981073e+00
   2.0000000e+00   3.8971144e+00   2.8272788e+00   3.2078816e+00   3.1218029e+00   2.5183766e+00   4.2213933e+00   2.4833288e+00   2.3208509e+00   3.5451416e+00   3.7901695e+00
   2.0000000e+00   4.9851821e+00   3.3897490e+00   3.1218097e+00   1.2238651e+00   3.7434565e+00   4.6853818e+00   6.0517814e-01   3.4497148e+00   2.8326298e+00   4.0992115e+00
   2.0000000e+00   3.3772853e+00   3.4557708e+00   2.1442510e+00   4.0863315e+00   1.3018784e+00   1.5179217e+00   2.8379221e+00   3.0290281e+00   3.6317166e+00   3.2454546e+00
   2.0000000e+00   4.0550324e+00   2.8214290e+00   9.0270694e-01   4.1433518e+00   3.6158160e+00   3.7865068e+00   2.3105262e+00   3.9948511e+00   1.8949724e+00   1.9194092e+00
   2.0000000e+00   2.8983320e+00   3.6253799e+00   3.1592925e+00   1.5300193e+00   1.5555450e+00   1.6759563e+00   3.1235689e+00   3.1555517e+00   3.8373438e+00   2.4751402e+00
   2.0000000e+00   1.9966204e+00   3.3411846e+00   2.2948193e+00   9.6410621e-01   1.6895133e+00   2.6974363e+00   3.2709105e+00   5.0107153e+00   3.0525344e+00   5.2261548e+00
   2.0000000e+00   3.1513737e+00   3.8398678e+00   3.9700903e+00   3.1103284e+00   2.6695011e+00   3.6626882e+00   2.6330289e+00   4.0025114e+00   2.9602123e+00   2.5875985e+00
   2.0000000e+00   5.4170678e+00   3.7415152e+00   2.2127805e+00   2.3054401e+00   1.6804642e+00   3.3350766e+00   2.4455384e+00   2.6796932e+00   2.4662133e+00   4.1160343e+00
   2.0000000e+00   2.6377389e+00   3.5793797e+00   3.0590663e+00   2.9044462e+00   4.0506038e+00   3.4613223e+00   3.4438642e+00   2.7778362e+00   4.0310837e+00   2.9820660e+00
   2.0000000e+00   3.1145220e+00   4.6171147e+00   3.4373362e+00   1.8462273e+00   1.4866145e+00   4.3302326e+00   2.3561878e+00   2.4223542e+00   2.0255289e+00   1.6369468e+00
   1.0000000e+00   2.5559560e+00   2.8962352e+00   3.4399414e+00   4.3086870e+00   3.6371281e+00   2.3872187e+00   3.1126574e+00   2.9680595e+00   2.3190573e+00   3.1496950e+00
   2.0000000e+00   6.5431000e-01   3.2450588e+00   3.9107178e+00   3.5624136e+00   3.6781081e+00   2.7295878e+00   3.5746574e+00   4.1866649e+00   3.0265659e+00   3.2456464e+00
   1.0000000e+00   2.6694105e+00   2.6036865e+00   3.0469988e+00   4.1318310e+00   1.5049981e+00   3.3314243e+00   2.6797689e+00   2.0662940e+00   4.8990228e+00   3.4456131e+00
   1.0000000e+00   2.4662467e+00   3.3079503e+00   4.7546886e+00   3.3099284e+00   4.4705461e+00   3.1615834e+00   3.6340041e+00   4.0026142e+00   2.3958515e+00   3.6422447e+00
   2.0000000e+00   3.2442311e+00   2.7441712e+00   1.8729566e+00   3.4669410e+00   1.6325550e+00   4.0170810e+00   2.7536330e+00   3.7713991e+00   1.9287103e+00   4.2034785e+00
   2.0000000e+00   2.8071930e+00   1.9752921e+00   4.9396939e+00   2.4183514e+00   2.3659365e+00   3.1679745e+00   2.7468303e+00   2.2140478e+00   2.4359458e+00   2.9950666e+00
   2.0000000e+00   3.9424500e+00   1.4411588e+00   3.7081511e+00   3.4249882e+00   5.0971523e+00   3.8726382e+00   4.0189236e+00   3.8460927e+00   3.7924113e+00   1.9947634e+00
   2.0000000e+00   2.8253995e+00   3.5470036e+00   1.6618981e+00   1.7842445e+00   4.5392387e+00   2.5401142e+00   3.4534417e+00   3.8566493e+00   3.2580879e+00   4.9463874e+00
   2.0000000e+00   2.8434547e+00   3.3769452e+00   3.3516444e+00   4.3704342e+00   1.5835591e+00   4.0530399e+00   2.3800416e+00   4.8872317e+00   1.9613274e+00   3.5925692e+00
   2.0000000e+00   1.0073342e+00   2.7539358e+00   3.6043524e+00   2.6262354e+00   3.3131514e+00   3.1320495e+00   3.4197642e+00   2.4566387e+00   2.2226481e+00   3.5569693e+00
   1.0000000e+00   2.9975486e+00   2.6906465e+00   2.3522225e+00   8.2619110e-01   2.3680849e+00   3.2068258e+00   3.0016898e+00   1.5043546e+00   5.1169063e+00   3.0295761e+00
   2.0000000e+00   2.9507885e+00   4.2523638e+00   1.5373689e+00   2.0194717e+00   3.3637418e+00   2.3206920e+00   2.5989345e+00   1.9262596e+00   3.7573418e+00   4.1359576e+00
   2.0000000e+00   4.3653342e+00   3.2968240e+00   3.5318008e+00   2.0209273e+00   4.2371165e+00   3.1442229e+00   2.1838497e+00   3.5413700e+00   3.3161449e+00   2.2499659e+00
   2.0000000e+00   1.9432125e+00   2.4325755e+00   1.3724697e+00   2.9246323e+00   3.6674081e+00   2.5438859e+00   2.5947288e+00   4.0775768e+00   2.6368331e+00   1.6933385e+00
   1.0000000e+00   3.1155417e+00   2.7280725e+00   2.4953162e+00   2.3630708e+00   2.7293363e+00   2.4083566e+00   3.4156540e+00   4.7684228e+00   3.3154597e+00   3.5251378e+00
   2.0000000e+00   3.8909437e+00   2.9310352e+00   5.2144311e+00   1.9016839e+00   2.8935458e+00   2.8697871e+00   1.8141088e+00   1.7456673e+00   2.4936997e+00   2.0184509e+00
   1.0000000e+00   2.5305191e+00   2.1245538e+00   2.5624837e+00   2.0472594e+00   3.4800403e+00   3.5982741e+00   3.3168788e+00   4.1015631e+00   3.8293193e+00   3.3200915e+00
   2.0000000e+00   2.4332514e+00   2.8665251e+00   3.1189162e+00   3.8831094e+00   3.9081128e+00   2.0927783e+00   3.3399463e+00   3.8841990e+00   3.0869831e+00   2.9343454e+00
   2.0000000e+00   4.5640205e+00   5.0086183e+00   4.2538815e+00   3.9566866e+00   3.7084038e+00   3.2914640e+00   3.3674885e+00   2.4901886e+00   1.7658076e+00   2.9667884e+00
   2.0000000e+00   2.4438228e+00   3.0519836e+00   2.8024244e+00   2.6162775e+00   3.8689535e+00   4.1706804e+00   3.6017898e+00   2.9112400e+00   9.0294114e-01   2.8211909e+00
   1.0000000e+00   1.3556813e+00   3.2268195e+00   2.7612286e+00   2.4416465e+00   2.6439430e+00   2.9789218e+00   3.2819265e+00   5.4056132e+00   4.2709879e+00   3.1870679e+00
   2.0000000e+00   4.5797597e+00   4.2961213e+00   3.6266100e+00   3.5542207e+00   4.0522588e+00   4.0489173e+00   7.7931164e-01   2.2631003e+00   3.0609564e+00   3.5765678e+00
   2.0000000e+00   3.4637090e+00   2.8349790e+00   2.4729897e+00   1.8734223e+00   2.8290608e+00   2.8775756e+00   3.5445923e+00   3.5717038e+00   3.0307318e+00   1.2651641e+00
   2.0000000e+00   2.7044569e+00   2.4394841e+00   2.2672540e+00   3.8667364e+00   3.1309586e+00   3.1763696e+00   3.8680536e+00   2.5459200e+00   2.5166577e+00   2.9537007e+00
   2.0000000e+00   2.8411263e+00   3.1914475e+00   2.8237325e+00   2.5335742e+00   1.7739377e+00   1.2843795e+00   4.9004295e+00   2.4074454e+00   2.9711532e+00   1.5122095e+00
   2.0000000e+00   2.9817903e+00   3.7345074e+00   4.6363269e+00   2.4314835e+00   4.3818000e+00   1.8363135e+00   1.4882441e+00   4.8082570e+00   2.9934240e+00   1.6867121e+00
   2.0000000e+00   2.5861343e+00   3.4359392e+00   5.2512066e+00   4.6051562e+00   3.8456885e+00   2.3903675e+00   4.4398221e+00   3.0573940e+00   2.1662853e+00   2.5815310e+00
   2.0000000e+00   3.5384855e+00   3.6096968e+00   1.8954469e+00   3.1994340e+00   1.9453726e+00   2.3704740e+00   2.3997015e+00   3.3706215e+00   3.5514897e+00   2.6419804e+00
   2.0000000e+00   4.0006118e+00   2.8583903e+00   1.9363747e+00   2.5144296e+00   1.6839985e+00   1.8578024e+00   2.9961247e+00   2.0539688e+00   4.6884152e+00   5.3565313e+00
   2.0000000e+00   3.0059489e+00   1.6427404e+00   3.0391560e+00   3.0233480e+00   4.3345609e+00   1.2217629e+00   1.7357696e+00   3.3480398e+00   2.0742480e+00   3.4111368e+00
   2.0000000e+00   2.7053075e+00   2.9161886e+00   3.4322330e+00   2.4645593e+00   3.1252979e+00   6.1210460e-01   2.2479272e+00   1.5803563e+00   2.9326078e+00   3.2354049e+00
   2.0000000e+00   3.3340008e+00   3.1790734e+00   2.8355453e+00   2.9684084e+00   1.7229382e+00   3.8744584e+00   3.2840860e+00   1.6597447e+00   3.4130018e+00   2.3710839e+00
   1.0000000e+00   2.5183676e+00   3.1160256e+00   3.5018173e+00   2.8725244e+00   4.0713032e+00   3.4395338e+00   2.2414987e+00   3.1828396e+00   1.8541061e+00   3.3065346e+00
   2.0000000e+00   3.0877616e+00   3.1808396e+00   3.2340535e+00   3.7578717e+00   3.1431640e+00   4.1564878e+00   1.2548332e+00   2.4237260e+00   1.3690856e+00   3.2892161e+00
   2.0000000e+00   1.6709453e+00   2.1403333e+00   3.5031680e+00   3.2083328e+00   3.5387671e+00   4.0637660e+00   3.8672142e+00   3.9227752e+00   2.0966555e+00   2.4816927e+00
   2.0000000e+00   3.3901305e+00   2.5878917e+00   1.7245261e+00   2.7015669e+00   2.6591912e+00   2.0812136e+00   2.4698178e+00   2.2181774e+00   2.6791100e+00   1.3810575e+00
   2.0000000e+00   3.7564748e+00   2.6330379e+00   2.6994971e+00   1.7584884e+00   2.2689959e+00   4.0226342e+00   3.7229457e+00   4.0159249e+00   3.4351537e+00   3.0975300e+00
   2.0000000e+00   4.2584304e+00   2.6805909e+00   4.5508251e+00   2.1597515e+00   3.6220722e+00   2.0031148e+00   1.7361289e+00   2.8060510e+00   5.7815477e-01   2.0203581e+00
   2.0000000e+00   4.4896597e+00   2.4091076e+00   2.5548637e+00   4.3195331e+00   3.3274494e+00   3.7822698e+00   3.0676413e+00   2.3428250e+00   3.7786007e+00   2.2424831e+00
   2.0000000e+00   3.6655866e+00   2.2994076e+00   2.4022209e+00   4.5775883e+00   4.1788490e+00   2.6241218e+00   3.8166437e+00   2.6209429e+00   1.5084525e+00   1.5234851e+00
   2.0000000e+00   4.5031342e+00   4.1263888e+00   3.5137508e+00   1.9633880e+00   2.0343491e+00   3.4616608e+00   1.7032140e+00   4.6921929e+00   2.5393028e+00   1.8647756e+00
   2.0000000e+00   3.7807686e+00   4.1997418e+00   4.3432734e+00   4.2166926e+00   4.6491838e+00   3.0864756e+00   3.2618879e+00   3.7102353e+00   2.6550722e+00   2.9551410e+00
   1.0000000e+00   3.5779565e+00   2.4489940e+00   3.4063907e+00   1.7014664e+00   3.7881447e+00   3.9556669e+00   2.5806963e+00   4.0986780e+00   2.1791757e+00   3.0744336e+00
   2.0000000e+00   2.8737818e+00   2.6146165e+00   3.2820499e+00   1.5531435e+00   3.8110902e+00   2.9430492e+00   1.7074005e+00   4.4287700e+00   1.5759645e+00   4.1027588e+00
   2.0000000e+00   3.0881519e+00   1.9219012e+00   2.4309550e+00   3.6488773e+00   1.3785453e+00   1.5185850e+00   3.8422464e+00   5.0625954e+00   4.1841673e+00   2.3430536e+00
   2.0000000e+00   2.3146839e+00   2.8220034e+00   3.3820236e+00   2.2909632e+00   3.9469628e+00   3.6849754e+00   5.7526569e+00   4.1482068e+00   3.0955669e+00   1.2231156e+00
   1.0000000e+00   1.7171555e+00   4.1714118e+00   4.0883767e+00   3.1659897e+00   4.4282293e+00   3.6996082e+00   2.2597287e+00   3.3502028e+00   4.0280459e+00   3.1874386e+00
   1.0000000e+00   3.1927232e+00   4.5070908e+00   4.7568788e+00   3.4891824e+00   1.8373319e+00   3.3545582e+00   4.0968252e+00   2.6376441e+00   3.4755720e+00   3.4899201e+00
   2.0000000e+00   4.1311140e+00   2.9069932e+00   2.6309306e+00   1.9163013e+00   4.9559156e+00   2.3548064e+00   2.8078302e+00   4.2165525e+00   2.8460873e+00   2.6668010e+00
   2.0000000e+00   2.6385545e+00   3.5051590e+00   2.3011152e+00   2.2611647e+00   3.2963899e+00   3.0095834e+00   3.1069252e+00   1.5214522e+00   9.1790389e-01   2.9220224e+00
   2.0000000e+00   4.5596275e+00   1.5619662e+00   3.8079919e+00   2.6902761e+00   1.6630755e+00   2.4492259e+00   3.3376462e+00   3.8444760e+00   2.7416861e+00   4.6462216e+00
   2.0000000e+00   2.8971759e+00   4.1810800e+00   2.5559195e+00   1.9009757e+00   3.9011894e+00   2.8701264e+00   2.8126323e+00   4.2788281e+00   1.9776625e+00   2.5126691e+00
   2.0000000e+00   2.8091806e+00   4.1152842e+00   3.4226095e+00   2.9115836e+00   3.7336831e+00   3.4929094e+00   1.7105056e+00   2.9816008e+00   3.8254081e+00   1.3091564e+00
   2.0000000e+00   4.2768535e+00   1.1102747e+00   3.5240904e+00   3.2030382e+00   3.9092721e+00   3.3018833e+00   3.5601672e+00   2.5960615e+00   2.7082009e+00   4.4664241e+00
   2.0000000e+00   3.2076426e+00   2.6324239e+00   2.3623199e+00   2.0796004e+00   9.3129781e-01   1.6344955e+00   3.4163997e+00   1.8659441e+00   2.4724825e+00   2.0849223e+00
   2.0000000e+00   3.6767055e+00   3.8110684e+00   3.0823668e+00   3.1167088e+00   2.4607086e+00   3.3274767e+00   3.0859455e+00   2.5554299e+00   3.1225116e+00   1.9883728e+00
   2.0000000e+00   2.6494455e+00   1.4939726e+00   3.2193165e+00   3.2786830e+00   3.5096489e+00   3.9048759e+00   3.4118362e+00   1.4609589e+00   1.9118426e+00   2.6953952e+00
   2.0000000e+00   3.1208063e+00   2.6678686e+00   4.6201244e+00   2.6542465e+00   3.6914647e+00   2.6407619e+00   2.3009233e+00   3.0693589e+00   2.1071292e+00   1.3309870e+00
   2.0000000e+00   3.6841565e+00   2.3042108e+00   2.3264375e+00   9.4923060e-01   1.6610294e+00   3.5505043e+00   3.3991781e+00   2.1771267e+00   2.2981465e+00   2.6570199e+00
   2.0000000e+00   4.1176198e+00   3.6151281e+00   3.1371820e+00   3.8354775e+00   3.3511221e+00   2.4809506e+00   4.6941246e+00   3.9043509e+00   2.5401085e+00   3.8828161e+00
   2.0000000e+00   2.7230594e+00   3.3336904e+00   2.2644972e+00   3.3285160e+00   2.7164879e+00   1.3585432e+00   4.6308717e+00   2.0112937e+00   3.5253659e+00   4.1805606e+00
   2.0000000e+00   2.0450831e+00   2.3751703e+00   2.5574851e+00   2.4752065e+00   3.1531461e+00   3.5938858e+00   2.5802748e+00   2.7777315e+00   2.6435112e+00   2.5536782e+00
   2.0000000e+00   4.7739460e+00   2.9531833e+00   4.3797890e+00   3.6696155e+00   2.5557747e+00   2.1641898e+00   3.2305517e+00   3.9045716e+00   3.3451349e+00   3.8150035e+00
   2.0000000e+00   4.2236261e+00   3.9403218e+00   3.1980335e+00   3.5251757e+00   1.7442403e+00   1.6131625e+00   2.7531457e+00   2.4082031e+00   2.3203518e+00   2.9615616e+00
   2.0000000e+00   3.6585701e+00   2.5500910e+00   1.5951417e+00   3.2256366e+00   3.7499543e+00   3.8586963e-01   3.2685503e+00   2.3998290e+00   4.3789445e+00   2.5777972e+00
