   2.0000000e+00   2.7870314e+00   1.4757104e+00   3.8665259e+00   1.1631558e+00   3.9124327e+00   2.5154477e+00   3.8319848e+00   3.7592475e+00   3.3247888e+00   3.0593701e+00
   2.0000000e+00   2.4046329e+00   2.6888810e+00   2.9986676e+00   3.4542463e+00   5.1727081e+00   3.0739151e-01   2.5126299e+00   2.1904890e+00   2.8409822e+00   4.1194794e+00
   1.0000000e+00   4.0260713e+00   4.6367878e+00   3.2634197e+00   3.6945080e+00   2.6404750e+00   2.5179548e+00   3.3455309e+00   2.5051399e+00   2.3890161e+00   4.6034409e+00
   2.0000000e+00   3.1117858e+00   9.9745739e-01   2.0182861e+00   1.6987491e+00   2.4522198e+00   3.3956217e+00   1.5526677e+00   1.7465810e+00   1.7748115e+00   2.5090009e+00
   2.0000000e+00   2.6667781e+00   2.3438667e+00   2.6471559e+00   4.0610561e+00   3.8540495e+00   1.4615765e+00   8.3610331e-01   2.6113105e+00   3.1019426e+00   2.0537112e+00
   2.0000000e+00   2.6751971e+00   1.4279953e+00   3.5012259e+00   5.2186156e+00   2.8163932e+00   2.1803631e+00   2.8273353e+00   1.9607405e+00   2.1249717e+00   2.7865184e+00
   2.0000000e+00   2.6510331e+00   1.9489203e+00   5.2529197e+00   3.1995011e+00   3.5903855e+00   4.6502422e+00   4.4941113e+00   1.8308376e+00   2.2169019e+00   3.7292520e+00
   2.0000000e+00   4.0040904e+00   1.3462007e+00   2.4224772e+00   4.0404054e+00   3.7367547e+00   2.8903273e+00   1.5455195e+00   3.7345549e+00   3.3871523e+00   2.8545251e+00
   2.0000000e+00   1.2239778e+00   3.3694159e+00   1.4122132e+00   3.1923474e+00   3.8275595e+00   3.0714407e+00   2.5201891e+00   1.0119400e+00   4.2851834e+00   2.9073353e+00
   2.0000000e+00   2.5218000e+00   2.0638201e+00   1.8578000e+00   1.4824742e+00   2.8759825e+00   1.4956618e+00   4.6444789e+00   2.7295794e+00   2.6337827e+00   3.7346217e+00
   2.0000000e+00   1.0529448e+00   3.0982816e+00   3.4977133e+00   3.5713599e+00   4.9550775e+00   2.9529621e+00   5.1261516e+00   3.6318789e+00   3.1604086e+00   2.3168067e+00
   2.0000000e+00   3.9668519e+00   3.6302764e+00   4.0524409e+00   2.4891752e+00   2.8610612e+00   3.9494457e+00   4.5298085e+00   2.9920777e+00   2.5215848e+00   3.9022524e+00
   2.0000000e+00   1.5952723e+00   2.6785164e+00   4.3139259e+00   2.6616904e+00   1.4936790e+00   1.2330869e+00   3.6767212e+00   3.2232567e+00   3.0122341e+00   3.6860165e+00
   2.0000000e+00   2.1719242e+00   3.6276699e+00   4.1107597e+00   3.4844654e+00   2.3695743e+00   2.6037427e+00   2.5700580e+00   3.3376102e+00   2.0058631e+00   2.7570850e+00
   1.0000000e+00   2.0121456e+00   2.7883682e+00   3.3068060e+00   3.7883253e+00   3.7904473e+00   2.6861372e+00   3.6104855e+00   6.0187764e+00   2.1012894e+00   4.7945450e+00
   2.0000000e+00   4.0484749e+00   2.7119781e+00   4.2259384e+00   1.3439586e+00   4.4020723e+00   3.3830137e+00   2.4031118e+00   2.3855883e+00   2.6102028e+00   1.1648676e+00
   2.0000000e+00   2.9356170e+00   3.3421034e+00   3.7219563e+00   4.6262009e+00   2.6433343e+00   4.3468129e+00   4.1129133e+00   3.5931506e+00   4.3997125e+00   4.4618850e+00
   1.0000000e+00   2.7626552e+00   3.9797212e+00   3.3966016e+00   3.6933933e+00   4.7279341e+00   4.7139903e+00   3.2049380e+00   1.8285102e+00   2.2290718e+00   2.9715313e+00
   1.0000000e+00   2.4091359e+00   2.6573219e+00   3.9678841e+00   2.7612219e+00   3.1419532e+00   3.5221139e+00   2.0732553e+00   3.9953788e+00   2.5305466e+00   1.7310493e+00
   2.0000000e+00   3.8389757e+00   4.6472451e+00   2.0523318e+00   3.9647364e+00   2.4717205e+00   4.5471695e+00   3.1108972e+00   3.7339584e+00   4.4094211e+00   3.3055338e+00
   2.0000000e+00   1.5987147e+00   1.7557500e+00   2.2105447e+00   2.0360855e+00   4.0211841e+00   2.3855129e+00   3.8930548e+00   3.9953478e+00   1.9732334e+00   1.8195041e+00
   1.0000000e+00   2.3352058e+00   8.7532375e-01   3.0255216e+00   3.0541579e+00   2.6496567e+00   2.7443156e+00   4.5905265e+00   2.5992972e+00   3.5873523e+00   5.3974497e+00
   2.0000000e+00   3.6027447e+00   3.2255496e+00   2.5635611e+00   3.8775957e+00   1.7896372e+00   1.8709795e+00   1.5762625e+00   2.5733239e+00   2.1789174e+00   3.6269029e+00
   2.0000000e+00   1.3703633e+00   6.7893454e-01   2.2874629e+00   2.6389929e+00   9.5465693e-02   5.2362782e+00   2.2496971e+00   3.8886650e+00   2.9405180e+00   1.1009560e+00
   2.0000000e+00   3.0153085e+00   1.0249788e-01   4.1457402e+00   2.7522852e+00   3.7384472e+00   1.1330230e+00   3.3339646e+00   3.5054335e+00   3.2179671e+00   2.2479069e+00
   2.0000000e+00   2.5238561e+00   2.8378619e+00   2.5922250e+00   2.1197291e+00   3.5429214e+00   3.4658784e+00   3.8043721e+00   4.5565470e+00   3.6498966e+00   2.9912871e+00
   1.0000000e+00   4.7453160e+00   3.1142685e+00   3.7315070e+00   3.2873931e+00   2.0130337e+00   2.6176194e+00   3.2737096e+00   3.8374717e+00   2.8184245e+00   2.5316381e+00
   2.0000000e+00   4.1347670e+00   2.5809912e+00   1.2501970e+00   2.7077493e+00   1.8010095e+00   3.4494330e+00   2.6271279e+00   5.6459232e+00   2.3322502e+00   3.5126243e+00
   1.0000000e+00   3.0147318e+00   2.6395701e+00   3.8454513e+00   2.8065765e+00   7.7287280e-01   1.4184326e+00   6.6562745e+00   4.4864835e+00   2.7801033e+00   1.0545042e+00
   2.0000000e+00   3.3418187e+00   3.4544567e+00   2.4285522e+00   4.7153100e+00   2.1632993e+00   1.2141938e+00   1.2563625e+00   1.6556098e+00   4.1788255e+00   4.0226372e+00
   2.0000000e+00   2.7410631e+00   2.5224866e+00   7.3926273e-01   3.5033526e+00   2.4232500e+00   3.3033851e+00   4.7253920e+00   1.5068128e+00   4.9132077e+00   1.3933830e+00
   2.0000000e+00   6.1546678e+00   3.1185387e+00   2.3818433e+00   2.4352043e+00   3.9146708e+00   4.9711884e+00   2.8422910e+00   2.5223884e+00   3.3254561e+00   1.8994665e+00
   2.0000000e+00   2.8051084e+00   2.5808107e+00   2.7332080e+00   3.4754041e+00   2.8398841e+00   3.4857043e+00   1.7678087e+00   1.7151678e+00   4.1196587e+00   2.2421275e+00
   2.0000000e+00   9.8554008e-01   2.5154528e+00   4.0324017e+00   1.0674227e+00   5.0931585e+00   3.6336989e+00   2.5988967e+00   2.7181793e+00   2.1704035e+00   5.5468812e+00
   2.0000000e+00   2.4083917e+00   4.7518708e+00   3.4119282e+00   1.1883060e+00   2.3280333e+00   2.2706223e+00   4.0766179e+00   4.1544451e+00   3.2870575e+00   2.5636231e+00
   2.0000000e+00   2.5456201e+00   4.8812042e+00   2.4703944e+00   2.3785187e+00   1.8855548e+00   3.3337402e+00   3.8856046e+00   4.2283553e+00   4.1481542e+00   4.3453316e+00
   2.0000000e+00   1.4057204e+00   3.1803921e+00   3.1863563e+00   2.0015966e+00   2.7419237e+00   2.3802689e+00   1.0571326e+00   2.3405528e+00   3.0860792e+00   1.9874847e+00
   2.0000000e+00   3.2804493e+00   3.7963067e+00   2.7452691e+00   2.5476465e+00   3.1821956e+00   2.3204408e+00   3.8132583e+00   4.3359490e+00   2.6162989e+00   2.8980319e+00
   2.0000000e+00   4.3914883e+00   4.2543211e+00   2.9304970e+00   3.8479631e+00   3.1636805e+00   2.0946349e+00   3.4281303e+00   3.5900153e+00   1.7752224e+00   4.5737604e+00
   1.0000000e+00   2.4842444e+00   1.4146834e+00   3.8313269e+00   3.3314266e+00   3.1667584e+00   2.6518975e+00   4.0523399e+00   2.8621947e+00   4.7483640e+00   2.4715110e+00
   2.0000000e+00   1.7042232e+00   5.7973350e-01   3.6920684e+00   1.1649268e+00   3.4300287e+00   3.8612469e+00   4.6843060e+00   3.8121719e+00   3.2118541e+00   3.7878537e+00
   2.0000000e+00   2.2639871e+00   4.1854552e+00   1.4439327e+00   2.6661450e+00   3.5785587e+00   5.2291798e+00   5.5787329e-01   4.3781718e+00   3.7812483e+00   3.8187917e+00
   2.0000000e+00   3.3284445e+00   3.0448848e+00   4.2777781e+00   4.8555972e+00   2.6683561e+00   3.2747817e+00   4.2918382e+00   2.6853086e+00   4.6712933e+00   3.4998399e+00
   2.0000000e+00   2.8715525e+00   1.5580720e+00   3.9984199e+00   2.2382305e+00   1.9252964e+00   2.8414206e+00   2.2808045e+00   2.9762147e+00   2.8363698e+00   2.0306719e+00
   2.0000000e+00   1.0420705e+00   3.6904708e+00   2.8937990e+00   2.0981504e-01   3.0943353e+00   1.5806178e+00   2.2454936e+00   3.1749198e+00   2.1816039e+00   2.6759492e+00
   2.0000000e+00   3.5620710e+00   3.7316284e+00   2.1037839e+00   8.0867654e-01   4.1408669e+00   3.8065489e+00   2.1208721e+00   2.6337465e+00   2.9237705e+00   3.6029560e+00
   2.0000000e+00   3.5828476e+00   4.8916265e+00   2.7894024e+00   1.7612748e+00   5.1664939e+00   3.5925676e+00   3.2181093e+00   3.4800327e+00   1.3298623e+00   2.6257610e+00
   1.0000000e+00   1.1912120e+00   2.7828679e+00   3.2098335e+00   3.6931158e+00   2.8560900e+00   2.1229594e+00   2.6483846e+00   3.4970419e+00   2.0272972e+00   2.5910547e+00
   2.0000000e+00   3.1652206e+00   2.7910525e+00   1.5126259e+00   2.3710690e+00   1.6382760e+00   3.8498959e+00   3.3684462e+00   4.2720253e+00   3.1542724e+00   4.9487716e+00
   2.0000000e+00   3.7552733e+00   1.8612164e+00   2.5887657e+00   3.2318682e+00   1.3850441e+00   4.3291109e+00   2.2207379e+00   3.0885664e+00   2.8208433e+00   3.7222001e+00
   1.0000000e+00   3.5652861e+00   4.1456518e-01   3.0056336e+00   2.8078611e+00   2.2941131e+00   2.5061640e+00   4.6755352e+00   2.2362899e+00   4.6963866e+00   3.3434385e+00
   1.0000000e+00   2.5786068e+00   2.2902639e+00   3.6151887e+00   2.5306262e+00   1.7066326e+00   2.9773823e+00   3.1718496e+00   2.9166388e+00   3.7712976e+00   2.0664977e+00
   2.0000000e+00   3.9099614e+00   4.1378657e+00   3.9625049e+00   4.4710462e+00   2.6639710e+00   4.4955275e+00   1.8754030e+00   2.8987822e+00   3.1672857e+00   3.5486994e+00
   2.0000000e+00   1.6865796e+00   1.9191670e+00   4.2168496e+00   1.5346617e+00   1.6330329e+00   2.7343507e+00   3.2085143e+00   2.5581652e+00   3.4362741e+00   1.3186450e+00
   2.0000000e+00   1.0265854e+00   3.2322175e+00   4.7477200e+00   1.6361375e+00   3.4210444e+00   3.5679581e+00   2.8840924e+00   5.5909555e+00   3.3172008e+00   3.7711396e+00
   2.0000000e+00   4.0100670e+00   1.5177058e+00   2.1273067e+00   2.6842050e+00   4.6321156e+00   2.6003206e+00   4.0777565e+00   2.6465803e+00   3.2612045e+00   3.6502489e+00
   2.0000000e+00   3.1091597e+00   4.4495306e+00   1.9522038e+00   3.9216077e+00   4.2076840e+00   2.9979280e+00   2.3171162e+00   3.0603574e+00   2.9628608e+00   3.1923949e+00
   2.0000000e+00   3.6826131e+00   4.2782632e+00   4.3378112e+00   4.1395719e+00   3.1482842e+00   9.6940836e-01   3.9258761e+00   2.3462878e+00   2.1012844e+00   4.5615252e+00
   2.0000000e+00   2.1057762e+00   2.1380841e+00   1.5216285e+00   9.7498789e-01   3.3822689e+00   1.9610758e+00   3.5017536e+00   2.9921041e+00   3.7766491e+00   2.2070159e+00
   2.0000000e+00   4.6135448e+00   1.9434375e+00   2.1792836e+00   3.5599626e+00   2.7677530e+00   2.9496908e+00   4.7854317e+00   2.6303429e+00   3.2434628e+00   4.8171201e+00
   2.0000000e+00   2.4100012e+00   3.9667333e+00   4.0683058e+00   2.1773165e+00   1.8875250e+00   2.2648666e+00   2.9329682e+00   3.0744720e+00   1.8722102e+00   2.9746502e+00
   2.0000000e+00   3.6642452e+00   4.0645798e+00   1.4116668e+00   2.6997956e+00   1.7386344e+00   1.1045893e+00   4.3673070e+00   3.2580094e+00   2.2789758e+00   2.4876574e+00
   2.0000000e+00   1.8737860e+00   3.9130141e+00   3.7503812e+00   1.0377412e+00   2.3225618e+00   3.6092538e+00   2.7860959e+00   2.7058707e+00   2.7082760e+00   4.6374689e+00
   2.0000000e+00   2.0033742e+00   3.0266589e+00   4.0697736e+00   2.6021620e+00   3.2335133e+00   2.5204752e+00   3.8976072e+00   3.2904319e+00   2.0848541e+00   1.1238794e+00
   2.0000000e+00   2.0931621e+00   3.3123806e+00   1.8908561e+00   2.1075283e+00   1.2627933e+00   3.7511253e+00   1.7523893e+00   5.6910320e+00   3.2103255e+00   1.8391038e+00
   2.0000000e+00   2.7185075e+00   3.4679236e+00   3.8377191e+00   2.2215721e+00   2.6109105e+00   2.0196566e+00   2.5370111e+00   4.2059895e+00   3.0891094e+00   2.9301465e+00
   2.0000000e+00   3.4486968e+00   2.5699080e+00   1.2326166e+00   4.4436531e+00   3.1934489e+00   7.6263397e-01   3.0416807e+00   3.7874817e+00   1.9632163e+00   4.3180480e+00
   2.0000000e+00   4.0178133e+00   4.9548035e+00   2.3423841e+00   4.1531699e+00   3.4099839e+00   4.5108311e+00   3.6075918e+00   2.0660964e+00   4.8434415e+00   3.5408781e+00
   2.0000000e+00   3.9988131e+00   2.0662252e+00   2.9735233e+00   3.5298436e+00   3.6142137e+00   2.5903884e+00   2.1712387e+00   3.6855894e+00   9.9810302e-01   3.4672529e+00
   2.0000000e+00   3.5999028e+00   2.2616252e+00   2.6992939e+00   1.7803231e+00   5.1464841e+00   2.9381122e+00   2.5408629e+00   4.1298125e+00   2.5338634e+00   2.5700511e+00
   2.0000000e+00   3.5880964e+00   3.0293680e+00   3.3480992e+00   1.7578331e+00   2.4165714e+00   2.3278741e+00   1.8201911e+00   7.3013048e-01   3.8342832e+00  -1.6904583e-01
   1.0000000e+00   2.7419482e+00   3.0815166e+00   3.1581697e+00   3.2906456e+00   3.5557408e+00   2.6350860e+00   5.6912163e+00   3.2693778e+00   4.6750240e+00   1.3839351e+00
   2.0000000e+00   2.4019486e+00   1.9166913e+00   3.8669373e+00   1.0356791e+00   1.3885106e+00   4.3732595e+00   2.2361338e+00   5.6340705e+00   1.9496691e+00   3.0740967e+00
   2.0000000e+00   2.9196374e+00   1.7219869e+00   1.8226471e+00   2.9017693e+00   3.9385523e+00   4.0965517e+00   2.7954969e+00   2.0288766e+00   2.3902352e+00   3.0016143e+00
   2.0000000e+00   3.5377988e+00   2.2660167e+00   2.5058898e+00   2.2298509e+00   2.4864841e+00   2.2841977e+00   1.2644040e+00   1.9032573e+00   4.7874496e+00   4.1381875e+00
   2.0000000e+00   2.4047672e+00   2.6311865e+00   4.4156393e+00   3.3666127e+00   3.7711463e+00   3.4740162e+00   1.9233731e+00   4.3465431e+00   3.3496283e+00   3.5280895e+00
   2.0000000e+00   4.6717751e+00   2.9767202e+00   3.4594272e+00   1.7887691e+00   5.7519999e+00   2.6089369e+00   3.0463644e+00   1.4626171e+00   2.0483573e+00   3.8146541e+00
   1.0000000e+00   4.5759757e+00   1.6999294e+00   3.2553679e+00   2.8132700e+00   2.1707976e+00   2.7231460e+00   2.1682091e+00   2.5377592e+00   3.2856315e+00   3.4060080e+00
   2.0000000e+00   3.7805926e+00   2.2931870e+00   2.9882866e+00   1.2015729e+00   2.6615728e+00   2.5146088e+00   3.3214602e+00   3.3597511e+00   1.4182486e+00   2.6456609e+00
   2.0000000e+00   3.5204955e+00   2.5251268e+00   4.4483587e+00   3.0664853e+00   4.7620256e+00   2.4829693e+00   4.0933820e+00   2.6575456e+00   1.4330457e+00   3.4620395e+00
   2.0000000e+00   2.1273074e+00   1.9333900e+00   5.0969409e+00   2.7628821e+00   4.4277833e+00   4.7430565e+00   2.5947716e+00   2.8954487e+00   3.5861997e+00   3.6325451e+00
   2.0000000e+00   5.6220783e-01   3.9945508e+00   1.7625363e+00   1.2527002e+00   3.4397676e+00   2.8411081e+00   4.1460582e+00   3.0985238e+00   1.1630470e+00   2.5940417e+00
   1.0000000e+00   2.1925087e+00   3.5150450e+00   3.2431854e+00   2.7985259e+00   2.5819670e+00   3.7683580e+00   4.1526506e+00   2.4913887e+00   2.6190193e+00   3.2875285e+00
   2.0000000e+00   1.6417665e+00   2.6504890e+00   4.2591593e+00   3.0979635e+00   2.2130234e+00   3.2060776e+00   4.7680243e+00   2.9832878e+00   4.2004106e+00   3.8900792e+00
   1.0000000e+00   3.7699956e+00   4.5855604e+00   3.4294544e+00   2.0991284e+00   1.9829636e+00   3.6379488e+00   3.6110497e+00   1.8898950e+00   2.0772427e+00   2.6945902e+00
   2.0000000e+00   4.6286485e+00   4.1592090e+00   3.2099745e-01   3.8056283e+00   2.1779907e+00   3.1021644e+00   3.0461225e+00   9.3644879e-01   5.3132105e+00   2.1764253e+00
   2.0000000e+00   3.2927443e+00   2.8616958e+00   2.2276686e+00   2.3074144e+00   3.2804796e+00   2.6056445e+00   4.9914020e+00   4.0861394e+00   4.1621825e+00   4.9727166e+00
   2.0000000e+00   2.5886241e+00   4.0268918e+00   2.5416815e+00   1.1118114e+00   3.2861367e+00   2.8966043e+00   3.7181309e+00   1.0452534e+00   1.3755152e+00   2.1986575e+00
   2.0000000e+00   1.9903166e+00   2.7804185e+00   2.7460224e+00   2.6174267e+00   4.6646820e+00   5.1095008e+00   2.9190549e+00   2.4709678e+00   3.9851336e+00   5.9821670e+00
   2.0000000e+00   2.4521996e+00   2.5235360e+00   4.2692001e+00   2.0181053e+00   3.0486352e+00   3.1659403e+00   2.5726128e+00   4.6196699e+00   1.5200884e+00   3.1412628e+00
   2.0000000e+00   3.7006795e+00   2.1502350e+00   5.0363157e+00   2.2776233e+00   3.5303062e+00   2.3536582e+00   2.7821837e+00   7.4045020e-01   1.8673220e+00   2.1859938e+00
   2.0000000e+00   2.9706560e+00   4.3366213e+00   3.4786563e+00   1.4690465e+00   2.3075779e+00   2.6885678e+00   2.7470901e+00   3.1400579e+00   4.9204936e+00   2.3823758e+00
   2.0000000e+00   4.8801809e+00   4.5454568e+00   3.9276790e+00   3.8109319e+00   3.1617051e+00   4.7724775e+00   2.2107494e+00   3.9946501e+00   4.0129575e+00   2.1306622e+00
   2.0000000e+00   2.1330777e+00   4.0728665e+00   4.2378249e+00   1.6168076e+00   1.7563051e+00   1.8036950e+00   2.9678597e+00   4.7918821e+00   5.0308308e+00   3.3391333e+00
   2.0000000e+00   3.0440924e-01   2.8624126e+00   2.4876961e+00   2.8606978e+00   3.7210277e+00   2.8477847e+00   3.5970422e+00   2.9232368e+00   4.2533407e+00   2.6872234e+00
   2.0000000e+00   3.1428181e+00   4.3494979e+00   2.3115247e+00   2.7023103e+00   1.5251127e+00   2.2154220e+00   2.8970498e+00   2.7585848e+00   3.2722973e+00   2.5955680e+00
   1.0000000e+00   1.9725354e+00   2.8948227e+00   3.1399524e+00   3.5276758e+00   3.1253982e+00   1.3936318e+00   1.9661027e+00   9.6333320e-01   4.5395479e+00   2.8503177e+00
   2.0000000e+00   3.5281042e+00   3.2111846e+00   3.5400466e+00   2.0083282e+00   4.0318038e+00   3.6546764e+00   2.3895866e+00   3.2667836e+00   1.2986960e+00   3.7412932e+00
   2.0000000e+00   3.1496921e+00   2.9672290e+00   1.8084072e+00   3.3951489e+00   3.3929129e+00   3.6275273e+00   3.5055270e+00   2.2040160e+00   3.5167287e+00   3.9289883e+00
   2.0000000e+00   4.5252421e+00   2.5634846e+00   3.7850217e+00   3.8994560e+00   3.5923861e+00   3.7591926e+00   3.7579667e+00   2.2356727e+00   2.5648039e+00   2.2352755e+00
