   2.0000000e+00   2.3010370e+00   1.6087516e+00   1.8677936e+00   2.2324570e+00   4.4958486e+00   3.5411524e+00   3.4868297e+00   2.9150949e+00   3.4446854e+00   2.0559098e+00
   2.0000000e+00   3.3827174e+00   2.5916118e+00   2.8379686e+00   4.6356456e+00   1.8474752e+00   2.8268978e+00   2.5540956e+00   4.2014928e+00   3.4017386e+00   2.5908796e+00
   2.0000000e+00   3.4538996e+00   2.5924011e+00   3.2061140e+00   2.1345261e-01   3.3237987e+00   3.0217271e+00   3.3256731e+00   2.9766725e+00   4.8580978e-01   2.7455635e+00
   1.0000000e+00   3.5514408e+00   3.0937495e+00   2.1544165e+00   3.4704055e+00   2.2386492e+00   3.6780868e+00   2.9799022e+00   3.6935846e+00   2.2115073e+00   3.1895799e+00
   2.0000000e+00   3.7227647e+00   2.6730691e+00   4.2766374e+00   4.5058488e+00   3.5599975e+00   4.4642251e+00   1.1115244e+00   3.0766989e+00   2.8859834e+00   3.1522058e+00
   2.0000000e+00   4.1698373e+00   2.6768998e+00   2.4844868e+00   2.8660962e+00   2.0157581e+00   1.0723579e+00   3.3383615e+00   3.5150268e+00   3.4741370e+00   3.2197272e+00
   1.0000000e+00   3.0806417e+00   1.6911886e+00   2.3680709e+00   2.8868882e+00   1.7433651e+00   2.5691080e+00   3.3378054e+00   3.1811428e+00   3.6849162e+00   2.2539567e+00
   1.0000000e+00   3.5428645e+00   1.8412434e+00   3.6781790e+00   2.3825048e+00   3.2217336e+00   2.2695004e+00   3.4243312e+00   3.5888167e+00   3.5397704e+00   3.5620415e+00
   2.0000000e+00   3.0107216e+00   1.7055024e+00   4.3186119e+00   5.4319195e+00   2.1138944e+00   2.3201446e+00   3.1128708e+00   2.5803961e+00   2.6195511e+00   4.0497123e+00
   2.0000000e+00   3.9859769e+00   3.3083681e+00   3.1774473e+00   4.6222731e+00   4.3092344e+00   4.2628038e-01   2.8817296e+00   4.1983079e+00   4.4430567e+00   2.8012051e+00
   2.0000000e+00   2.4027680e+00   3.4323756e+00   1.9473718e+00   2.9666160e+00   3.5211399e+00   1.6940352e+00   3.1371378e-01   2.6623333e+00   2.1907012e+00   2.6556508e+00
   2.0000000e+00   4.0530361e+00   1.1269751e+00   4.0418467e+00   2.7458267e+00   2.6587779e+00   4.2011562e+00   4.5483562e+00   3.3677154e+00   1.5287689e+00   3.5048477e+00
   2.0000000e+00   1.7846236e+00   1.8764985e+00   2.2457453e+00   2.1813757e+00   2.6534392e+00   3.6870234e+00   2.0756213e+00   1.8641951e+00   3.4254221e+00   2.1730200e+00
   2.0000000e+00   3.8843978e+00   2.6307070e+00   9.7464185e-01   4.5374654e+00   1.0017626e+00   3.0911241e+00   2.2795951e+00   4.3806298e+00   3.9641927e+00   4.7385509e+00
   2.0000000e+00   2.8615148e+00   3.5432077e+00   2.0061868e+00   1.3935138e+00   2.9894877e+00   3.7134160e+00   3.8335053e+00   3.8461103e+00   3.9704165e+00   2.2124132e+00
   2.0000000e+00   3.3085567e+00   3.2091046e+00   4.5417407e+00   2.1337827e+00   5.1838218e+00   1.6274674e+00   2.4335081e+00   2.7001373e+00   3.5223136e+00   3.0223503e+00
   2.0000000e+00   2.6575110e+00   3.8605368e+00   5.0596332e+00   2.5616349e+00   3.3077505e+00   2.8440493e+00   2.0008490e+00   2.1136555e+00   3.8747790e+00   2.2165902e+00
   2.0000000e+00   2.8731766e+00   1.6473047e+00   3.2155944e+00   1.9104137e+00   1.9756407e+00   2.6274058e+00   3.6412671e+00   2.6222752e+00   3.1580664e+00   2.5508494e+00
   1.0000000e+00   3.3164759e+00   2.3439158e+00   3.0924527e+00   1.7792252e+00   3.3347245e+00   3.7493593e+00   2.7460499e+00   3.3820100e+00   4.5656886e+00   2.8440422e+00
   2.0000000e+00   3.8680229e+00   1.6489531e+00   1.2198506e+00   3.7074341e+00   3.7287546e+00   4.4814144e+00   1.8783000e+00   3.4290515e+00   4.3527578e+00   4.0223227e+00
   2.0000000e+00   3.8855406e+00   3.0896035e+00   1.2034427e+00   2.9301360e+00   1.6771562e+00   2.1260539e+00   4.6479269e+00   3.6751277e+00   3.0925282e+00   2.5898903e+00
   2.0000000e+00   3.3519722e+00   2.1852888e+00   3.7499782e+00   2.5136878e+00   3.5267853e+00   4.0854286e+00   2.6933224e+00   2.4485484e+00   3.7825233e+00   2.9678507e+00
   1.0000000e+00   4.2543797e+00   3.7622693e+00   2.7502929e+00   2.7433774e+00   4.4281606e+00   3.0563867e+00   2.2259586e+00   3.0416375e+00   4.1100244e+00   2.8390513e+00
   2.0000000e+00   3.3740872e+00   1.3105978e+00   2.2195133e+00   2.8930163e+00   3.2281508e+00   4.2791548e+00   1.6457604e+00   2.8323667e+00   4.4999465e+00   4.2000197e+00
   2.0000000e+00   4.2201000e+00   3.0806827e+00   2.4777678e+00   2.0511304e+00   2.6994722e+00   3.9853754e+00   2.6740732e+00   2.3840944e+00   2.8676192e+00   9.8943685e-01
   2.0000000e+00   4.8975340e+00   8.3768965e-01   2.5272256e+00   2.7887175e+00   1.9856922e+00   2.0672786e+00   4.5532163e+00   3.8367551e+00   4.2577997e+00   3.5647718e+00
   2.0000000e+00   1.8210504e+00   2.0908455e+00   2.8759210e+00   2.1396881e+00   3.0701276e+00   4.9150605e+00   3.6281312e+00   3.3601592e+00   4.0932928e+00   3.0777952e+00
   2.0000000e+00   1.8720142e+00   2.9213214e+00   1.9071415e+00   3.8087318e+00   1.9890888e+00   1.5608370e+00   1.9724538e+00   2.6603533e+00   3.9752213e+00   1.5420846e+00
   2.0000000e+00   4.2492441e+00   3.3981464e+00   3.2090378e+00   3.4892458e+00   2.6679403e+00   3.2148752e+00   2.7980577e+00   2.6011364e+00   4.2002858e+00   3.0288877e+00
   2.0000000e+00   2.8484480e+00   3.3321337e+00   3.2783185e+00   2.6528108e+00   2.5834993e+00   4.5818893e+00   3.8610660e+00   2.9718689e+00   2.8927166e+00   2.9266467e+00
   2.0000000e+00   3.4771725e+00   1.2421295e+00   3.8252507e+00   3.3311624e+00   2.9526947e+00   1.4950417e+00   4.5581574e+00   2.3047787e+00   3.6194992e+00   2.9727781e+00
   2.0000000e+00   4.5649915e+00   3.4725580e+00   2.4976974e+00   2.1482804e+00   3.4655110e+00   2.6657883e+00   2.8703189e+00   2.1060183e+00   4.0909685e+00   3.6165378e+00
   2.0000000e+00   2.3613600e+00   3.7994845e+00   4.5888584e+00   2.3893512e+00   2.5787070e+00   2.6128368e+00   2.1822277e+00   2.9297691e+00   2.5579651e+00   3.0149766e+00
   2.0000000e+00   2.0273561e+00   2.2016087e+00   2.6685537e+00   2.3788229e+00   3.0696305e+00   3.1599296e+00   3.2885064e+00   2.6057119e+00   1.7192068e+00   3.6906682e+00
   2.0000000e+00   3.0904462e+00   4.0160619e+00   3.5368203e+00   3.2070479e+00   1.2862135e+00   3.5832503e+00   1.8686210e+00   2.7084456e+00   3.6587835e+00   4.7190576e+00
   1.0000000e+00   3.1884148e+00   2.4376526e+00   2.5426001e+00   3.0534340e+00   4.0023362e+00   2.7153640e+00   3.8813171e+00   3.4473379e+00   3.2010294e+00   3.6954788e+00
   2.0000000e+00   3.5228562e+00   2.1522039e+00   4.7073382e+00   9.7202134e-01   2.0086153e+00   3.4385556e+00   2.0557863e+00   4.7541826e+00   3.4500196e+00   2.8791335e+00
   2.0000000e+00   3.5046844e+00   3.1869952e+00   2.5232638e+00   2.0197134e+00   2.7192840e+00   5.1750469e+00   2.3784081e+00   2.1842445e+00   2.9869312e+00   2.2922279e+00
   2.0000000e+00   1.5745793e+00   3.6568208e+00   3.9281289e+00   2.5120076e+00   3.1698681e+00   4.5544788e+00   1.0089477e+00   4.8713291e+00   2.1535179e+00   4.8418172e+00
   2.0000000e+00   2.7965939e+00   3.4623535e+00   2.6435929e+00   2.7847430e+00   3.8948978e+00   4.7305722e+00   2.0480467e+00   3.1345601e+00   3.4827184e+00   2.6182499e+00
   2.0000000e+00   2.7593505e+00   3.2977594e+00   3.9449014e+00   2.4865540e+00   2.1989778e+00   3.5471189e+00   3.2579490e+00   2.3235653e+00   3.9331209e+00   4.0490052e+00
   1.0000000e+00   6.5710329e-01   3.5915594e+00   4.0911600e+00   3.6543940e+00   3.0268223e+00   2.3100684e+00   4.1981972e+00   3.6494700e+00   3.2917006e+00   3.8553475e+00
   1.0000000e+00   1.6849236e+00   2.6895031e+00   2.8402445e+00   4.2958683e+00   2.4122390e+00   3.3710672e+00   4.1089668e+00   3.3921623e+00   2.7866063e+00   3.6759753e+00
   2.0000000e+00   3.7719627e+00   3.6863241e+00   2.6660052e+00   4.0071414e+00   1.9129586e+00   3.6790834e+00   1.3873333e+00   2.4584688e+00   2.9592946e+00   3.3898960e+00
   2.0000000e+00   1.8993810e+00   3.6222578e+00   2.4379389e+00   3.3869464e+00   2.9636651e+00   4.0338490e+00   2.6433704e+00   3.1265808e+00   2.7719717e+00   2.4313405e+00
   2.0000000e+00   3.2427374e+00   1.4398497e+00   2.8091983e+00   4.0825328e+00   2.8294425e+00   3.7578788e+00   2.9913835e+00   1.5663999e+00   1.6188952e+00   3.7693446e+00
   2.0000000e+00   1.2409731e+00   2.4209247e+00   2.5674370e+00   4.1826183e+00   2.9592834e+00   2.3987709e+00   2.9853860e+00   4.3889114e-01   3.2650642e+00   2.8850541e+00
   2.0000000e+00   3.2946873e+00   3.9440734e+00   1.1197249e+00   3.5548278e+00   1.9695226e+00   1.7085626e+00   3.2170877e+00   3.3041505e+00   4.0620732e+00   3.0197088e+00
   2.0000000e+00   3.8815332e+00   2.6384271e+00   2.7286228e+00   4.9955792e+00   2.4855277e+00   1.6390300e+00   3.1801907e+00   1.9167498e+00   3.0585482e+00   2.9675819e+00
   1.0000000e+00   4.1418250e+00   2.3840317e+00   3.2913824e+00   2.7471351e+00   3.3331457e+00   2.4522076e+00   2.4794836e+00   3.6347998e+00   2.4353995e+00   2.5473526e+00
   1.0000000e+00   2.5647237e+00   2.7430866e+00   2.2472429e+00   3.3480205e+00   3.6945195e+00   3.5067158e+00   2.7604181e+00   3.6029150e+00   3.6626508e+00   1.8089431e+00
   2.0000000e+00   2.0198048e+00   3.9282985e+00   2.3559766e+00   2.5448866e+00   2.7295691e+00   4.5476258e+00   2.3069848e+00   4.0182165e+00   4.2090738e+00   2.5814765e+00
   1.0000000e+00   3.7842538e+00   1.7435645e+00   2.3931602e+00   2.3642926e+00   4.9901118e+00   2.9053944e+00   2.3150892e+00   3.6460562e+00   3.4548215e+00   4.2377089e+00
   2.0000000e+00   2.9551979e+00   3.7808515e+00   2.9600583e+00   2.0201434e+00   1.9836087e+00   3.9233910e+00   3.9326028e+00   3.7714349e+00   3.4935713e+00   5.0042501e+00
   2.0000000e+00   3.0574961e+00   3.7999707e+00   2.1815617e+00   2.2385080e+00   1.6593561e+00   1.7749045e+00   1.7914490e+00   2.7221690e+00   3.2216206e+00   2.9600222e+00
   2.0000000e+00   4.2289169e+00   3.5099039e+00   1.7551061e+00   1.7164532e+00   4.6347682e+00   4.3386060e+00   2.6392145e+00   5.2407515e+00   2.4253559e+00   3.6331416e+00
   1.0000000e+00   4.8262793e+00   2.3488865e+00   4.5432298e+00   2.6987497e+00   2.0725769e+00   3.0769627e+00   1.8176305e+00   3.2677943e+00   3.1322702e+00   3.4332661e+00
   2.0000000e+00   2.1248688e+00   1.8709553e+00   2.4426005e+00   2.2927682e+00   2.8109086e+00   4.2429715e+00   3.6446576e+00   3.3995860e+00   4.1286398e+00   1.3457472e+00
   2.0000000e+00   2.5106680e+00   3.9104693e+00   3.5416344e+00   4.5570262e+00   2.0085276e+00   3.6370856e+00   1.9111671e+00   4.3194741e+00   2.9439941e+00   3.1881842e+00
   2.0000000e+00   3.0848892e+00   3.4101917e+00   1.8280848e+00   3.5279333e+00   1.8265493e+00   2.3540966e+00   1.3015255e+00   1.9566182e+00   3.7062659e+00   2.0881517e+00
   2.0000000e+00   3.6712121e+00   3.1221628e+00   4.9763791e+00   1.0657378e+00   2.2265286e+00   2.0263400e+00   1.7096404e+00   6.0315313e+00   2.9394491e+00   1.4083882e+00
   2.0000000e+00   4.3421961e+00   3.1809119e+00   3.0092605e+00   4.1686913e+00   2.8371174e+00   6.9199069e-01   3.5456267e+00   1.7838968e+00   3.5902485e+00   2.2988157e+00
   2.0000000e+00   3.5677033e+00   3.4078666e+00   4.1649173e+00   2.4658182e+00   2.5522598e+00   2.8851940e+00   5.1353495e+00   4.4269681e+00   2.3803928e+00   4.6813131e+00
   2.0000000e+00   2.5714508e+00   3.3658120e+00   3.7712687e+00   1.4220733e+00   3.8672080e+00   2.8508068e+00   2.4231413e+00   4.3354914e+00   1.8097199e+00   3.0912188e+00
   2.0000000e+00   4.0023726e+00   4.1970927e+00   2.9916817e+00   3.5311716e+00   2.5814957e+00   2.6048201e+00   3.8251891e+00   2.3323620e+00   5.6464392e-01   1.9256165e+00
   2.0000000e+00   3.5815115e+00   3.6626856e+00   3.3147764e+00   4.2251152e+00   4.2691233e+00   3.9146116e+00   4.6131042e+00   1.0284835e+00   3.7320056e+00   3.7161693e+00
   2.0000000e+00   2.8379720e+00   3.0874729e+00   2.3779343e+00   3.2916858e+00   2.1776159e+00   2.9878247e+00   4.2159222e+00   2.0861439e+00   3.3468124e+00   3.4916952e+00
   1.0000000e+00   3.5937398e+00   3.9791302e+00   3.1130276e+00   3.4039255e+00   1.4404683e+00   3.6889926e+00   4.6139113e+00   3.1600360e+00   3.7280870e+00   2.6905338e+00
   1.0000000e+00   3.2017194e+00   4.8966597e+00   3.8558285e+00   2.2016873e+00   3.2948921e+00   3.7609355e+00   2.4000612e+00   3.4647597e+00   3.5711597e+00   3.5593379e+00
   1.0000000e+00   4.8235152e+00   3.2521807e+00   2.4644859e+00   2.8505082e+00   4.3202938e+00   3.2709919e+00   4.0400800e+00   3.3158028e+00   1.2224257e+00   2.7156620e+00
   2.0000000e+00   2.7491747e+00   3.9886231e+00   2.4301520e+00   2.9016891e+00   2.7672350e+00   2.1142691e+00   2.7555932e+00   2.5292069e+00   3.1033788e+00   1.7254185e+00
   2.0000000e+00   4.2669903e+00   1.9089057e+00   2.7951570e+00   2.7689598e+00   4.2353695e+00   3.5739951e+00   1.5149333e+00   2.9416810e+00   4.9348477e+00   1.7421146e+00
   2.0000000e+00   4.1863382e+00   4.1491425e+00   3.7604370e+00   3.7331908e+00   2.7565491e+00   2.5741532e+00   2.6438214e+00   4.7899310e+00   3.9306730e+00   2.8634000e+00
   2.0000000e+00   2.4669361e+00   2.4324325e+00   2.0148940e+00   2.2270182e+00   2.3673058e+00   1.5500160e+00   3.3545236e+00   3.4295190e+00   2.8491654e+00   2.0416418e+00
   2.0000000e+00   3.6803010e+00   2.6630531e+00   1.9489532e+00   2.6776947e+00   1.7615888e+00   3.9739803e+00   4.8349129e+00   2.7890909e+00   2.5318009e+00   2.4758257e+00
   2.0000000e+00   3.8984468e+00   3.6841275e+00   2.7091142e+00   2.5524810e+00   4.0707227e+00   5.4461151e+00   3.8976925e+00   3.0187987e+00   2.6347133e+00   3.0530228e+00
   2.0000000e+00   4.6372917e+00   2.5928279e+00   2.7351590e+00   3.4150062e+00   1.7041935e+00   2.2011316e+00   3.2523023e+00   3.9570115e+00   3.2581345e+00   3.1448025e+00
   2.0000000e+00   1.7034021e+00   8.2039720e-01   3.6901301e+00   4.2590871e+00   2.6737671e+00   3.0161347e+00   3.9840278e+00   2.6824750e+00   3.1853599e+00   1.4344905e+00
   2.0000000e+00   2.1938050e+00   1.0147947e+00   4.0773918e+00   4.7764082e+00   2.2207013e+00   4.2323493e+00   2.4854391e+00   3.8367412e+00   2.1054349e+00   3.3132007e+00
   2.0000000e+00   3.1608848e+00   1.6148307e+00   1.9334719e+00   5.0916076e+00   2.2267858e+00   8.6843247e-01   1.6893464e+00   2.1969116e+00   2.5455753e+00   2.9069067e+00
   2.0000000e+00   6.3377933e-01   3.5462136e+00   1.0953934e+00   1.9954335e+00   2.7163143e+00   1.0760054e+00   2.3126843e+00   2.2890719e+00   2.7169839e+00   3.6442124e+00
   2.0000000e+00   1.4734962e+00   2.5019004e+00   1.4292101e+00   2.2688740e+00   3.1433278e+00   2.7533901e+00   1.8145354e+00   2.1993084e+00   4.0965017e+00   3.8553365e+00
   2.0000000e+00   1.1916778e+00   2.6677539e+00   1.8017144e+00   4.9421008e+00   3.2360352e+00   4.0476753e+00   3.9823886e+00   1.1837193e+00   4.0177969e+00   1.6832237e+00
   2.0000000e+00   3.6997896e+00   1.9245376e+00   1.7106074e+00   3.3753600e+00   2.1555493e+00   6.3876522e+00   2.8646534e+00   4.4290484e+00   3.3025549e+00   3.6348215e+00
   2.0000000e+00   2.3697454e+00   4.8782401e+00   2.9124760e+00   2.4472120e+00   3.3407917e+00   6.2123917e+00   1.8099600e+00   4.2392940e+00   1.7390724e+00   3.1575920e+00
   2.0000000e+00   6.0020499e+00   2.7581909e+00   2.5873956e+00   4.4011755e+00   3.5149927e+00   4.0165715e+00   2.7926904e+00   2.3150954e+00   3.2401511e+00   4.3010794e+00
   1.0000000e+00   3.8115239e+00   2.1934254e+00   4.6050605e+00   1.4462793e+00   2.8597609e+00   3.6410786e+00   2.1543848e+00   3.5272756e+00   3.7834379e+00   3.1884005e+00
   2.0000000e+00   3.8147328e+00   3.2584744e+00   3.7381034e+00   2.5360230e+00   2.7727540e+00   2.4277399e+00   2.6857049e+00   4.3546954e+00   2.8069799e+00   2.2612324e+00
   2.0000000e+00   2.8401034e+00   1.4282077e+00   2.9739445e+00   2.0622769e+00   1.7907840e+00   1.2175874e+00   4.4242803e+00   2.1448156e+00   1.6929900e+00   9.5365016e-01
   2.0000000e+00   2.6872955e+00   2.4777987e+00   1.7612442e+00   4.1189372e+00   3.3103390e+00   2.9023078e+00   4.4914769e+00   2.0217161e+00   2.2344003e+00   1.9810289e+00
   2.0000000e+00   3.8147821e+00   3.0989824e+00   3.1569998e+00   4.9568067e+00   4.6461559e+00   3.1782712e+00   2.2559516e+00   2.5856335e+00   3.7825535e+00   1.7920660e+00
   1.0000000e+00   4.1799679e+00   5.0897118e+00   3.3463294e+00   3.7418847e+00   3.7491431e+00   3.0978444e+00   2.6256230e+00   3.9762818e+00   2.9313374e+00   3.1546856e+00
   2.0000000e+00   4.4592821e+00   3.2987279e+00   3.4445876e+00   4.4970983e+00   2.8850021e+00   4.6570813e+00   3.4241069e+00   3.2862275e+00   3.3832165e+00   1.6532862e+00
   2.0000000e+00   4.3752595e+00   3.3134303e+00   2.6323823e+00   4.5635004e+00   3.5764856e+00   3.1113783e+00   3.1141157e+00   2.8399487e+00   3.3114289e+00   1.6010685e+00
   2.0000000e+00   4.0925921e+00   3.7785849e+00   1.9983499e+00   3.6966045e+00   3.1850955e+00   4.6017756e+00   2.4889020e+00   4.1014412e+00   3.7520574e+00   3.1418781e+00
   2.0000000e+00   2.9752157e+00   4.0396290e+00   4.5679696e+00   2.4914954e+00   3.5728795e+00   3.7700861e+00   4.0223372e+00   1.9034708e+00   3.9571918e+00   4.9060325e+00
   2.0000000e+00   2.9738686e+00   2.4645661e+00   2.4504222e+00   3.9079039e+00   3.1232667e+00   3.8076426e+00   1.5808162e+00   1.9513847e+00   3.4415039e+00   2.1323403e+00
   2.0000000e+00   2.1208511e+00   3.3569098e+00   3.0434365e+00   3.3300600e+00   3.0095608e+00   1.5948705e+00   5.5466793e+00   3.0188387e+00   3.5531458e+00   1.4036567e+00
   2.0000000e+00   2.8655610e+00   1.3052125e+00   3.6935228e+00   1.8800244e+00   4.5898305e+00   3.7941288e+00   2.6420445e+00   3.3728187e+00   3.3671881e+00   6.7981273e-01
   1.0000000e+00   3.3925618e+00   3.4745958e+00   3.0263606e+00   2.4414839e+00   3.1231713e+00   3.6569619e+00   3.4013184e+00   3.3137815e+00   1.8553030e+00   2.1143260e+00
