   1.0000000e+00   1.1254666e+00   3.7114460e+00   2.9577249e+00   2.3972250e+00   1.3279895e+00   2.4311697e+00   4.2125590e+00   3.3462686e+00   2.6727287e+00   3.1104747e+00
   2.0000000e+00   3.7877222e+00   2.8939518e+00   2.9656450e+00   2.0511483e+00   2.8795865e+00   2.6038498e+00   2.9813078e+00   4.9477791e+00   3.9783245e+00   1.9412470e+00
   2.0000000e+00   1.1148566e+00   4.3999982e+00   7.9104035e-01   3.5707767e+00   4.3166126e+00   3.1868713e+00   1.8696770e+00   9.9642258e-01   4.8141690e+00   1.4870926e+00
   2.0000000e+00   4.9263665e+00   3.8853417e+00   2.3460148e+00   4.9114664e-01   4.6684197e+00   3.0049706e+00   2.0866231e+00   1.9716057e+00   1.4442873e+00   3.5409850e+00
   2.0000000e+00   2.9059340e+00   2.2892030e+00   3.4535969e+00   2.2319853e+00   5.3779022e+00   2.6585423e+00   4.2333945e+00   2.0754514e+00   2.8476147e+00   1.8068613e+00
   2.0000000e+00   3.9475315e+00   2.3406037e+00   3.6886850e+00   2.9354809e+00   3.2591928e+00   3.0774956e+00   1.1618385e+00   2.9861686e+00   3.2599417e+00   3.2352708e+00
   2.0000000e+00   2.9186857e+00   3.0587253e+00   3.3390777e+00   1.5017659e+00   1.7252923e+00   3.9181206e+00   3.4381577e+00   2.2911875e+00   2.3406514e+00   3.5343863e-01
   2.0000000e+00   2.4176890e+00   3.9483749e+00   4.6349253e+00   4.1402746e+00   1.0689608e+00   2.5697822e+00   1.3088603e+00   2.5286735e+00   4.2763378e+00   2.1247531e+00
   1.0000000e+00   3.2168549e+00   2.3746421e+00   1.2995122e+00   2.9129661e+00   4.6993414e+00   3.7333560e+00   2.8542322e+00   3.4317612e+00   3.1500726e+00   4.3883672e+00
   2.0000000e+00   3.2764274e+00   2.3458322e+00   2.7333771e+00   3.3971744e+00   1.6542402e+00   4.1229535e+00   2.7497543e+00   1.7259363e+00   4.4224239e+00   2.1816451e+00
   2.0000000e+00   1.7366185e+00   3.4055242e+00   4.1248933e+00   2.1380662e+00   1.9184646e+00   2.2093781e+00   1.7572179e+00   1.9124528e+00   2.3286404e+00   3.6752588e+00
   2.0000000e+00   3.5645699e+00   2.6115804e+00  -3.6909679e-01   1.3748054e+00   2.7744665e+00   4.0068471e+00   1.5039317e+00   2.8281933e+00   3.9070224e+00   4.8481455e+00
   2.0000000e+00   2.5382647e+00   3.0788245e+00   3.1374899e+00   3.9254415e+00   2.3507794e+00   3.1529557e+00   3.0629050e+00   2.7013602e+00   2.7461358e+00   2.8671168e+00
   2.0000000e+00   2.3432557e+00   2.2615893e+00   3.4019671e+00   3.9700173e+00   2.1887281e+00   1.7645433e+00   2.4663653e+00   4.9700273e+00   2.4582301e+00   4.7555245e+00
   1.0000000e+00   3.6518085e+00   2.3943168e+00   2.9801567e+00   1.7682089e+00   2.2664026e+00   5.8465065e+00   3.4133466e+00   3.4146711e+00   3.2007230e+00   1.3747524e+00
   1.0000000e+00   2.9673242e+00   2.8347751e+00   3.8914076e+00   4.1141011e+00   3.7703232e+00   3.7441904e+00   2.6207778e+00   3.4903749e+00   2.8880084e+00   2.2617115e+00
   1.0000000e+00  -2.2654991e-01   2.0605113e+00   2.1946970e+00   2.7239140e+00   3.3445878e+00   3.4052992e+00   2.7808582e+00   3.1451561e+00   3.2710308e+00   4.6711137e+00
   2.0000000e+00   1.4975406e+00   4.3231261e+00   2.0608038e+00   4.5444958e+00   2.8634815e+00   1.7153766e+00   3.6258642e+00   4.4583070e-01   2.3199953e+00   3.4863868e+00
   2.0000000e+00   4.6272331e+00   4.2837708e+00   5.2622808e+00   4.5955890e+00   5.0819281e+00   3.5416436e+00   3.0387776e+00   1.9471513e+00   2.7914912e+00   2.8021101e+00
   2.0000000e+00   4.1781512e+00   2.9510641e+00   1.8986218e+00   3.4319621e+00   2.1728100e+00   2.2979672e+00   2.2951234e+00   1.5856347e+00   4.5434367e+00   2.1484248e+00
   2.0000000e+00   2.9879510e+00   2.1501526e+00   1.7730763e+00   2.6020066e+00   3.7979631e+00   2.1476277e+00   2.2441719e+00   1.8495092e+00   1.5849468e+00   4.3250730e+00
   2.0000000e+00   4.3894147e+00   3.5872482e+00   3.9040405e+00   3.6426717e+00   2.9269518e+00   2.3624790e+00   4.1925190e+00   3.7256240e+00   3.9991796e+00   3.0489535e+00
   1.0000000e+00   2.0083196e+00   2.8361990e+00   2.9313951e+00   3.9655057e+00   2.8929103e+00   1.8922265e+00   2.3068530e+00   3.1094507e+00   3.3008592e+00   4.1975999e+00
   2.0000000e+00   1.9734842e+00   2.3054359e+00   3.0665889e+00   2.9303964e+00   2.3437327e+00   2.5139411e+00   1.2089065e+00   3.3359355e+00   5.1857319e+00   2.7018996e+00
   2.0000000e+00   2.1303417e+00   2.7852315e+00   3.8648609e+00   4.4281544e+00   3.4195360e+00   3.0336087e+00   3.5684784e+00   1.7246382e+00   4.9886461e+00   2.5436984e+00
   2.0000000e+00   3.8541954e+00   3.9033474e+00   3.5076735e+00   1.3321392e+00   2.7607431e+00   4.0987861e+00   3.1424126e+00   3.5224628e+00   2.1174209e+00   2.2382506e+00
   2.0000000e+00   2.7682044e+00   2.3558880e+00   3.6988949e+00   3.4362434e+00   1.9680096e+00   2.3974649e+00   2.1376459e+00   3.3296309e+00   4.7813680e+00   3.8386641e+00
   1.0000000e+00   2.2484966e+00   3.6716424e+00   3.4135675e+00   2.4125019e+00   2.0160688e+00   3.4113037e+00   1.3245839e+00   3.1198114e+00   2.5498396e+00   2.7029174e+00
   2.0000000e+00   1.9632865e+00   4.1455602e+00   2.9320031e+00   2.9483039e+00   1.4882120e+00   3.0763656e+00   5.1389794e+00   4.1379282e+00   2.2973400e+00   3.2743886e+00
   2.0000000e+00   1.0195956e+00   2.5588579e+00   1.5042882e+00   3.6226418e+00   1.4398421e+00   1.2882325e+00   4.3282192e+00   2.2699751e+00   1.7368509e+00   3.2176292e+00
   2.0000000e+00   1.7062011e+00   1.5180459e+00   2.4379890e+00   4.2111287e+00   2.3007170e+00   3.7521993e+00   4.3816672e+00   2.7443147e+00   2.3672842e+00   3.5427431e+00
   2.0000000e+00   3.0821702e+00   3.3427121e+00   2.3098774e+00   2.2600356e+00   3.3686183e+00   2.7762868e+00   1.8951084e+00   1.9493971e+00   2.3954325e+00   3.1406929e+00
   1.0000000e+00   2.3799366e+00   4.4228479e+00   3.8658459e+00   3.4603261e+00   2.7273639e+00   2.1629267e+00   3.1133302e+00   3.6779904e+00   3.0355268e+00   3.7189137e+00
   2.0000000e+00   2.0190702e+00   3.9418412e+00   3.2273588e+00   2.6567361e+00   2.1439105e+00   2.5370682e+00   2.8643080e+00   4.2225835e+00   3.1070762e+00   2.7785386e+00
   2.0000000e+00   3.7130918e+00   8.6264950e-01   1.5500665e+00   3.0437345e+00   4.2383991e+00   3.8760882e+00   3.1100409e+00   2.5633652e+00   3.1578426e+00   1.8533900e+00
   1.0000000e+00   4.4315525e+00   4.0465151e+00   4.8496130e+00   1.5121401e+00   1.5277279e+00   4.1438444e+00   3.4941369e+00   3.2025571e+00   2.3562765e+00   3.8332306e+00
   1.0000000e+00   2.2276219e+00   1.6557320e+00   3.5458835e+00   3.7519442e+00   3.0770963e+00   4.2303038e+00   2.8275680e+00   3.3450379e+00   3.4147987e+00   1.5007325e+00
   2.0000000e+00   3.2823757e+00   3.4515085e+00   4.3658857e+00   2.4977619e+00   3.7743099e+00   5.6843062e+00   2.6308316e+00   1.7053375e+00   1.8321999e+00   1.6760818e+00
   2.0000000e+00   2.8647494e+00   2.0424757e+00   2.4669295e+00   3.7293144e+00   3.2619084e+00   4.0828591e+00   3.2593470e+00   4.3985401e+00   4.8164015e+00   3.3600567e+00
   2.0000000e+00   3.2974644e+00   1.5844265e+00   2.2513930e+00   2.3593382e+00   4.1013639e+00   2.8647990e+00   2.8040524e+00   1.1304773e+00   3.1540735e+00   3.1794468e+00
   1.0000000e+00   4.1131227e+00   2.9101996e+00   3.8766159e+00   2.6219495e+00   2.9403408e+00   2.5416878e+00   3.0900720e+00   3.7423747e+00   2.5570016e+00   4.2929655e+00
   1.0000000e+00   3.8842161e+00   1.8758013e+00   2.6666330e+00   2.8877960e+00   3.7956321e+00   2.2708576e+00   2.7710104e+00   3.3129962e+00   3.2204650e+00   2.5257394e+00
   2.0000000e+00   4.0278719e+00   4.5799473e-01   3.0564204e+00   4.6639676e+00   3.0531213e+00   2.9945815e+00   2.9484084e+00   4.3861197e+00   2.8403995e+00   4.4584771e+00
   2.0000000e+00   3.4790445e+00   1.0864314e+00   2.5388909e+00   2.2210262e+00   2.4063030e+00   4.2787347e+00   5.4358935e+00   2.4367099e+00   2.7508431e+00   1.9402545e+00
   2.0000000e+00   4.2105791e+00   1.9868185e+00   1.5696064e+00   2.2234752e+00   4.4227248e+00   2.4979009e+00   2.1610867e+00   2.8118142e+00   4.5485611e+00   3.0264911e+00
   2.0000000e+00   2.5421363e+00   3.6056785e+00   3.8834180e+00   3.5754082e+00   2.9483291e+00   3.1227725e+00   3.8123211e+00   2.9499095e+00   5.3635192e+00   2.6798810e+00
   2.0000000e+00   5.1193175e+00   4.5342307e+00   3.9241059e+00   9.6849074e-01   3.0232135e+00   2.3616867e+00   2.1908481e+00   2.8397899e+00   3.2847238e+00   2.5671970e+00
   2.0000000e+00   1.3067501e+00   4.7257051e+00   2.6080062e+00   3.4271572e+00   4.5056391e+00   1.4952060e+00   3.5322776e+00   2.6259683e+00   3.4890945e+00   3.1805165e+00
   2.0000000e+00   3.8614815e+00   3.3275857e+00   2.4383859e+00   1.6560143e+00   2.4828156e+00   1.5810601e+00   7.6133191e-01   1.5620305e+00   3.6258512e+00   3.9084906e+00
   2.0000000e+00   4.7662927e+00   1.4427831e+00   3.6869627e+00   3.0594112e+00   1.9187633e+00   3.2881602e+00   4.8315994e+00   2.8689534e+00   2.1786651e-01   3.3168471e+00
   2.0000000e+00   2.2572397e+00   1.9057545e+00   2.8919138e+00   4.1486081e+00   2.7036387e+00   4.1928121e+00   2.9386074e+00   2.7526076e+00   3.5875201e+00   2.8570122e+00
   2.0000000e+00   1.2114760e+00   4.1032757e+00   2.3832264e+00   2.5505222e+00   2.3053966e+00   4.5131304e+00   1.4974888e+00   3.4886658e+00   3.9953838e+00   4.5476063e+00
   2.0000000e+00   4.5145107e+00   2.6401206e+00   1.0109942e+00   3.5189121e+00   3.4538275e+00   3.4468847e+00   2.9897719e+00   2.8981609e+00   3.4676939e+00   4.0333599e+00
   2.0000000e+00   2.9247600e+00   4.1216569e+00   1.6138315e+00   2.5623643e+00   3.4705332e+00   2.9998953e+00   2.7369413e+00   1.6716774e+00   3.5824459e+00   1.1832965e+00
   2.0000000e+00   1.7596724e+00   1.5554720e+00   1.7232789e+00   1.3909582e+00   2.1027921e+00   3.2543757e+00   3.8284249e+00   2.2043213e+00   3.1392798e+00   2.5731550e+00
   2.0000000e+00   2.5775700e+00   2.3645129e+00   3.1217588e+00   1.6414497e+00   2.1200100e+00   3.0179421e+00   3.2241299e+00   2.9161832e+00   3.5473860e+00   2.7508643e+00
   1.0000000e+00   4.3323009e+00   3.9289320e+00   2.7182511e-01   2.0752377e+00   3.4772414e+00   3.4161530e+00   2.6386465e+00   3.4628988e+00   2.5715673e+00   3.7029078e+00
   2.0000000e+00   2.7162556e+00   2.7617899e+00   1.6309104e+00   1.2678995e+00   3.0016674e+00   1.9338313e+00   3.7828643e+00   1.5208047e+00   2.3362636e+00   4.3007821e+00
   2.0000000e+00   3.1282062e+00   3.8965324e+00   2.9334842e+00   9.9423757e-01   1.9077597e+00   2.2170978e+00   1.8196451e+00   3.7154230e+00   2.3318372e+00   3.3133890e+00
   2.0000000e+00   3.0192130e+00   2.5178802e+00   4.5053558e+00   3.4234414e+00   3.0655317e+00   3.1848131e+00   2.5255153e+00   2.0298213e+00   1.7517500e+00   2.7393341e+00
   2.0000000e+00   3.6652239e+00   3.6393529e+00   3.5292531e+00   4.1644312e+00   2.8475304e+00   2.6590630e+00   2.7943354e+00   2.8600267e+00   4.1135216e+00   3.8940505e+00
   2.0000000e+00   3.2063614e+00   2.7591060e+00   3.4000866e+00   2.2560935e+00   2.0155607e+00   1.1190416e+00   3.6690017e+00   1.5084647e+00   2.7819445e+00   3.5176911e+00
   2.0000000e+00   3.7090029e+00   1.9737808e+00   3.1124881e+00   3.5622332e+00   3.3208235e+00   2.8291225e+00   2.7780370e+00   8.2933451e-01   3.3201213e+00   3.8534219e+00
   1.0000000e+00   5.5172797e+00   4.2853188e+00   2.9007197e+00   1.3431335e+00   1.8571122e+00   2.2875897e+00   3.0660861e+00   3.1366667e+00   2.3899295e+00   4.2779031e+00
   2.0000000e+00   3.2752211e+00   2.9265934e+00   3.4905646e+00   4.3565215e+00   2.8051293e+00   2.9793790e+00   2.8846619e+00   3.9887092e+00   4.0315916e+00   3.5342039e+00
   2.0000000e+00   3.4731894e+00   4.6566219e-01   1.7283907e+00   3.9053554e+00   4.4221418e+00   2.2996267e+00   4.4326619e+00   4.2568863e+00   2.4590692e+00   2.9387300e+00
   2.0000000e+00   5.2259553e+00   8.7633183e-01   1.7907250e+00   3.4012393e+00   2.2563545e+00   2.4693775e+00   3.6184166e+00   8.5957771e-01   2.2736581e+00   3.1958872e+00
   2.0000000e+00   3.2808783e+00   4.0351489e+00   2.2156999e+00   3.5159290e+00   2.2754480e+00   4.0567885e+00   1.6246543e+00   2.9137543e+00   3.8826414e+00   1.6085795e+00
   1.0000000e+00   2.0154074e+00   3.3771676e+00   3.5757897e+00   3.8552653e+00   4.6450274e+00   2.6439197e+00   2.1170394e+00   3.8226533e+00   2.4810675e+00   2.7979200e+00
   2.0000000e+00   1.0943297e+00   2.6474407e+00   2.7495408e+00   1.8478078e+00   2.9369832e+00   2.1816260e+00   1.8961738e+00   2.0324069e+00   1.8310433e+00   3.1550692e+00
   2.0000000e+00   3.8248284e+00   1.0490524e+00   3.5581051e+00   1.6244037e+00   1.6455750e+00   2.1203650e+00   4.8185902e+00   4.0404569e+00   5.5355502e+00   3.3672245e+00
   2.0000000e+00   2.0928210e+00   2.5867312e+00   2.9116196e+00   2.5784854e+00   4.1949589e+00   2.8307884e+00   2.5519029e+00   1.3229518e+00   2.1662167e+00   3.0430880e+00
   2.0000000e+00   1.9555054e+00   2.0451523e+00   2.5272276e+00   2.4614400e+00   2.4031589e+00   2.6466527e+00   1.8933775e+00   2.2885491e+00   3.8960942e+00   3.1491012e+00
   2.0000000e+00   1.8823980e+00   2.5922762e+00   3.1073351e+00   3.3359636e+00   2.9225319e+00   3.6858312e+00   3.9817536e+00   2.0103250e+00   2.0282297e+00   3.1114252e+00
   2.0000000e+00   3.2747687e+00   2.6130726e+00   2.9552221e+00   2.8797259e+00   3.4256904e+00   2.6322497e+00   2.1844835e+00   2.4418746e+00   3.7530859e+00   2.0535419e+00
   1.0000000e+00   3.2269753e+00   2.3536356e+00   2.0310336e+00   1.9230933e+00   3.0427917e+00   3.7685230e+00   3.0539408e+00   3.0122097e+00   3.3089149e+00   1.6598511e+00
   2.0000000e+00   2.8692983e+00   2.4568486e+00   2.9427795e+00   2.4582880e+00   2.5280903e+00   4.7164448e+00   2.7590468e+00   2.7378560e+00   2.1427267e+00   3.3820108e+00
   2.0000000e+00   3.6209700e+00   2.3438763e+00   2.4274181e+00   3.3987810e+00   4.4807593e+00   1.8760852e+00   3.9047121e+00   1.9337038e+00   4.5142756e-03   3.3432622e+00
   2.0000000e+00   1.9597011e+00   2.0535310e+00   1.6279533e+00   4.5818967e+00   2.5336343e+00   3.3367435e+00   2.2308012e+00   3.8925508e+00   5.0028839e+00   4.0688044e+00
   2.0000000e+00   2.9782906e+00   3.1247599e+00   4.1870479e+00   3.3746394e+00   1.1067729e+00   4.1457407e+00   2.9889982e+00   2.7770893e+00   3.4339946e+00   2.4916948e+00
   2.0000000e+00   2.8200729e+00   2.0021929e+00   1.4017543e+00   3.0045280e+00   2.3885317e+00   3.3015131e-01   3.5796816e+00   3.9357476e+00   2.1537087e+00   2.7889637e+00
   2.0000000e+00   2.8684274e+00   1.5798443e+00   3.2744057e+00   3.1893586e+00   3.6012239e+00   1.6645714e+00   4.1973699e+00   2.6593104e+00   1.7691946e+00   2.5764630e+00
   2.0000000e+00   1.1377914e+00   2.4601586e+00   2.7671589e+00   7.5225217e-01   4.4731246e+00   3.5816903e+00   2.2019494e+00   2.4331810e+00   2.8143842e+00   5.1757280e+00
   2.0000000e+00   3.4478153e+00   4.0445551e-01   3.6169172e+00   2.4640352e+00   3.3021788e+00   4.0031333e+00   3.1072529e+00   3.2234006e+00   1.5139815e+00   3.8826924e+00
   2.0000000e+00   6.4925553e+00   3.8786448e+00   3.4943876e+00   3.0052752e+00   2.4213310e+00   3.6532977e+00   1.5213782e+00   2.0099334e+00   9.7267973e-01   4.5383071e+00
   2.0000000e+00   1.4170272e+00   3.4254045e+00   3.2146457e+00   2.9752780e+00   3.4022802e+00   2.5887730e+00   4.6125050e+00   2.6825294e+00   2.5115449e+00   3.3399633e+00
   2.0000000e+00   2.9085644e+00   1.5174966e+00   2.8054570e+00   5.0159007e+00   2.6686276e+00   2.1997708e+00   4.5251699e+00   2.7272798e+00   2.7840386e+00   3.9118423e+00
   2.0000000e+00   8.7275800e-01   1.1493676e+00   3.2503709e+00   1.6260727e+00   2.9728271e+00   7.6697811e-01   2.2010862e+00   2.9533983e+00   2.3889125e+00   2.3729742e+00
   1.0000000e+00   3.6483044e+00   4.0773096e+00   2.3591592e+00   3.5897263e+00   1.3872271e+00   1.8799370e+00   4.0385539e+00   3.0752867e+00   2.6846358e+00   2.7407608e+00
   2.0000000e+00   2.9169917e+00   3.6278154e+00   5.0558773e+00   3.1702414e+00   3.2023785e+00   2.7684690e+00   3.1498878e+00   2.2210955e+00   1.7024280e+00   1.2692988e+00
   2.0000000e+00   4.6068898e+00   1.3665131e+00   2.1414222e+00   1.0994200e+00   3.2869399e+00   5.8580559e+00   3.1238844e+00   4.5545780e+00   9.7172253e-01   3.7039681e+00
   1.0000000e+00   3.8651888e+00   9.1923084e-01   3.9282612e+00   3.7894468e+00   4.4594052e+00   3.0584251e+00   3.7019884e+00   3.1763270e+00   3.4005622e+00   2.7913006e+00
   1.0000000e+00   1.9691364e+00   3.9214214e+00   2.8002976e+00   3.6949571e+00   2.3313590e+00   2.6292795e+00   3.2427379e+00   3.3723237e+00   2.3497730e+00   3.7624604e+00
   2.0000000e+00   2.7907007e+00   4.0350392e+00   3.0679834e+00   1.8160867e+00   3.1538910e+00   5.0602465e+00   2.9688916e+00   9.7072696e-01   4.2756819e+00   2.6347840e+00
   2.0000000e+00   2.6783291e+00   2.3141638e+00   3.8407169e+00   3.3480697e+00   2.5278305e+00   3.6538489e+00   2.0854381e+00   5.3068943e+00   5.0650186e+00   9.9304419e-01
   1.0000000e+00   2.1892509e+00   3.5472008e+00   2.3661824e+00   4.5894801e+00   4.7700302e+00   3.3406237e+00   2.0014796e+00   3.4738389e+00   2.9135613e+00   3.2149366e+00
   2.0000000e+00   4.8362163e+00   4.0688947e+00   3.7288424e+00   2.5913880e+00   1.8078222e+00   2.0550458e+00   2.9472841e+00   2.8188584e+00   2.8500997e+00   2.6057412e+00
   2.0000000e+00   2.0084585e+00   3.2584211e+00   2.7575939e+00   3.8371078e+00   1.1670106e+00   2.9876261e+00   4.6115926e+00   1.4763742e+00   3.7411934e+00   2.6048430e+00
   2.0000000e+00   2.6075908e+00  -6.5999210e-02   1.4262292e+00   4.0016903e+00   3.0116088e+00   2.2490049e+00   2.8797833e+00   2.0558000e+00   3.7754429e+00   3.2175809e+00
   2.0000000e+00   3.8825013e+00   3.1373835e+00   3.3793478e+00   1.4612209e+00   2.8006675e+00   1.8969130e+00   5.1369805e+00   2.5449992e+00   2.4846853e+00   4.9410463e+00
