   2.0000000e+00   2.6858115e+00   4.4922148e+00   3.0979468e+00   3.8038716e+00   1.8016348e+00   3.3005675e+00   2.5393814e+00   2.4154303e+00   3.1629804e+00   4.8260843e+00
   2.0000000e+00   3.8172281e+00   2.6363103e+00   4.0941774e+00   2.7076471e+00   4.1777896e+00   3.7691429e+00   4.8661061e+00   1.5614192e+00   2.1207959e+00   2.3959411e+00
   2.0000000e+00   3.5144310e+00   1.9321821e+00   1.8556481e+00   1.8761896e+00   1.8866345e+00   4.1399379e+00   2.9641654e+00   3.7194578e+00   3.2051222e+00   2.1551330e+00
   1.0000000e+00   3.2242225e+00   4.1444219e+00   3.3742664e+00   3.5319708e+00   2.9237162e+00   3.4103077e+00   3.2799384e+00   3.0505481e+00   2.3027436e+00   3.3171791e+00
   1.0000000e+00   3.4743606e+00   5.2300420e-01   2.5396820e+00   4.2299872e+00   3.8270002e+00   2.3291751e+00   4.0093488e+00   3.6566810e+00   3.8453471e+00   2.2513469e+00
   2.0000000e+00   4.4288352e+00   4.6558604e+00   2.9817299e+00   6.1069201e-01   2.7227056e+00   4.1294807e+00   1.2325575e+00   3.8201571e+00   4.5147833e+00   4.6142881e+00
   2.0000000e+00   4.9624461e+00   3.6484292e+00   3.6293174e+00   2.9686921e+00   1.2498067e+00   1.2337371e+00   4.7010535e+00   4.0380790e+00   1.1700483e+00   3.6724160e+00
   2.0000000e+00   3.3032684e+00   2.3825787e+00   3.9083484e+00   3.0509745e+00   2.3630249e+00   4.6966676e+00   2.3992084e+00   1.6194565e+00   3.7477459e+00   2.3757691e+00
   2.0000000e+00   3.0624697e+00   3.9192435e+00   3.5303942e+00   9.2795197e-01   3.7535962e+00   3.5137596e+00   4.2532284e+00   3.9089062e+00   2.8792904e+00   4.8641363e+00
   2.0000000e+00   3.9401283e+00   2.0217173e+00   3.7240630e+00   2.0586147e+00   6.1495029e+00   3.3620511e+00   2.4643247e+00   3.8451446e+00   1.8107059e+00   2.0759109e+00
   1.0000000e+00   3.8499790e+00   3.0898577e+00   3.3439422e+00   2.6568214e+00   4.3751123e+00   2.8186719e+00   2.9122678e+00   3.0058144e+00   3.9513509e+00   3.5577985e+00
   2.0000000e+00   3.6144864e+00   3.8848472e+00   3.0567964e+00   3.8685254e+00   4.9708450e+00   1.9168252e+00   3.7443206e+00   1.8520808e+00   1.6171704e+00   2.6801180e+00
   2.0000000e+00   2.6563298e+00   3.2887194e+00   3.8353568e+00   3.3134495e+00   3.1084370e+00   3.0193879e+00   2.8970437e+00   2.0967125e+00   1.8009512e+00   3.9421618e+00
   2.0000000e+00   1.0136599e+00   1.2436508e+00   2.2259632e+00   4.9288876e+00   2.1308209e+00   3.5448109e+00   2.7577209e+00   3.1052504e+00   2.0062711e+00   2.6467143e+00
   2.0000000e+00   2.8405116e+00   3.3624642e+00   1.9447882e+00   3.2096550e+00   2.8787820e+00   1.8519639e+00   4.0080675e+00   2.6002354e+00   1.1773682e+00   3.9954507e+00
   2.0000000e+00   2.1750049e+00   4.0994616e+00   2.3397017e+00   2.7258612e+00   3.7814222e+00   8.7996407e-01   1.5881532e+00   3.2472599e+00   2.2783511e+00   2.4607518e+00
   1.0000000e+00   3.5025330e+00   2.2763242e+00   3.1984714e+00   3.1907638e+00   2.9471720e+00   3.0542284e+00   3.3287820e+00   1.4959510e+00   3.7551280e+00   3.0677212e+00
   2.0000000e+00   1.0432620e+00   2.2581241e+00   3.8996081e+00   2.2585201e+00   3.5372460e+00   3.6765243e+00   2.2978429e+00   4.1634630e+00   3.9866026e+00   3.3504234e+00
   2.0000000e+00   4.0965627e+00   2.3445402e+00   2.7586189e+00   2.1091174e+00   2.0933930e+00   4.2878734e+00   3.3847540e+00   2.1679223e+00   3.6339972e+00   4.2118539e+00
   1.0000000e+00   3.3948616e+00   2.2483337e+00   5.3900237e+00   2.5231551e+00   3.7747951e+00   2.2324768e+00   3.7673778e+00   2.4482640e+00   2.3739163e+00   3.0155847e+00
   1.0000000e+00   3.5678734e+00   2.0429637e+00   3.9642081e+00   4.2583604e+00   4.0103540e+00   2.2065127e+00   3.8742361e+00   2.7594102e+00   4.8918112e+00   1.9879963e+00
   2.0000000e+00   2.0381753e+00   3.0890970e+00   4.8757763e+00   1.9706437e+00   5.4912432e-01   2.4203383e+00   3.5754235e+00   3.5518452e+00   2.0593188e+00   4.6960170e+00
   2.0000000e+00   2.4948723e+00   3.1174184e+00   2.8046693e+00   1.6243597e+00   4.4879443e+00   2.9874091e+00   1.9812873e+00   2.4532440e+00   2.5704580e+00   3.6699171e+00
   1.0000000e+00   3.2077911e+00   3.9734720e+00   2.4438653e+00   3.4367195e+00   3.0321127e+00   2.7668512e+00   4.0308220e+00   3.8796349e+00   1.6453778e+00   3.6114862e+00
   2.0000000e+00   4.0577848e+00   2.0064369e+00   4.1873166e+00   3.3726110e+00   4.7507637e+00   1.6879873e+00   2.3410275e+00   2.2538123e+00   2.5666519e+00   3.2086553e+00
   2.0000000e+00   4.0346873e+00   4.3850629e+00   1.8832615e+00   1.7085299e+00   2.8086445e+00   2.7921654e+00   1.2506125e+00   3.0039914e+00   2.4917453e+00   2.5703872e+00
   2.0000000e+00   2.0086415e+00   2.9441492e+00   3.2658679e+00   3.8562529e+00   2.3974178e+00   4.1155525e+00   3.7084552e+00   4.8271032e+00   2.7502163e+00   4.9581749e+00
   1.0000000e+00   3.0663485e+00   2.5647416e+00   2.8392711e+00   3.3804915e+00   2.3996811e+00   3.0956916e+00   2.0106469e+00   2.8424942e+00   4.2328847e+00   3.2213836e+00
   2.0000000e+00   1.6170685e+00   3.2147764e+00   3.5808154e+00   3.0681023e+00   1.8410668e+00   4.1965390e+00   3.6314065e+00   3.6810231e+00   3.9615257e+00   3.8223053e+00
   2.0000000e+00   9.4769599e-01   3.1500654e+00   4.3735109e+00   3.2299706e+00   3.2303844e+00   3.5724383e+00   2.5505074e+00   2.7747802e+00   2.3010679e+00   2.9857354e+00
   2.0000000e+00   2.5264964e+00   4.2729090e+00   3.1467548e+00   2.2866740e+00   3.4083608e+00   4.1342535e+00   1.9663901e+00   4.0070477e+00   2.1657314e+00   3.8772285e+00
   2.0000000e+00   1.9394611e+00   2.8871868e+00   4.1229278e+00   4.4936452e+00   1.6643193e+00   4.4314132e+00   2.5221497e+00   3.8131395e+00   3.1194898e+00   3.5239968e+00
   2.0000000e+00   2.6822317e+00   1.6121807e+00   2.8365663e+00   3.5787288e+00   3.2599100e+00   3.5304833e+00   1.2641392e+00   2.3614288e+00   1.8327376e+00   4.1560817e+00
   2.0000000e+00   3.7860137e+00   2.9550641e+00   2.3541599e+00   2.3896656e+00   4.7841968e+00   5.1025103e+00   2.7887006e+00   2.3875093e+00   4.1097258e+00   2.7618648e+00
   2.0000000e+00   3.9761520e+00   2.6671542e+00   2.9827376e+00   3.1471454e+00   4.4731088e+00   1.3468273e+00   2.6413906e+00   3.7503210e+00   3.2865092e+00   2.1846934e+00
   2.0000000e+00   2.8104577e+00   3.9808684e+00   4.4421540e+00   3.0519543e+00   4.2989550e+00   3.0854972e+00   1.7973976e+00   1.5113345e+00   2.9875793e+00   3.9763624e+00
   2.0000000e+00   2.5971304e+00   1.8827155e+00   1.9395911e+00   2.7212152e+00   1.9172605e+00   2.3583748e+00   2.1859439e+00   2.2478029e+00   2.9585910e+00   2.4682367e+00
   2.0000000e+00   2.5729793e+00   3.5959160e+00   2.2420398e+00   2.2664593e+00   2.7787775e+00   3.8414764e+00   3.2861779e+00   1.7492665e+00   3.8009558e+00   2.6784476e+00
   2.0000000e+00   2.2228009e+00   3.6388440e+00   1.8575804e+00   3.4782264e+00   2.4670805e+00   3.6521126e+00   3.2929244e+00   2.5838605e+00   3.0640735e+00   2.3137354e+00
   1.0000000e+00   3.4601570e+00   2.8367067e+00   3.0970373e+00   2.6593718e+00   3.3664959e+00   3.1848024e+00   3.9464942e+00   3.4185812e+00   1.1524230e+00   2.8571553e+00
   2.0000000e+00   2.5711134e+00   2.9793748e+00   4.0917466e+00   3.8251750e+00   5.4907593e-01   3.3635442e+00   2.8352018e+00   3.8860792e+00   3.1172145e+00   3.6906045e+00
   1.0000000e+00   3.4652916e+00   4.0421561e+00   2.2863745e+00   2.6119961e+00   3.8697179e+00   3.5889766e+00   4.9252286e+00   2.4209654e+00   2.6249582e+00   1.8411519e+00
   2.0000000e+00   2.0910176e+00   2.2080999e+00   5.0136045e+00   2.9353946e+00   3.3691740e+00   3.5152526e+00   2.9004481e+00   1.3055805e+00   3.5939008e+00   2.0141614e+00
   2.0000000e+00   3.8682646e+00   2.9293230e+00   3.4547162e+00   3.5186396e+00   3.3873135e+00   3.9598065e+00   1.0682449e+00   2.9021304e+00   1.6542849e+00   3.9112325e+00
   2.0000000e+00   2.4953969e+00   2.3796003e+00   2.0699957e+00   3.3848773e+00   1.8778086e+00   4.9332238e+00   1.5840707e+00   4.9673629e+00   9.7973117e-01   2.4049777e+00
   1.0000000e+00   3.1203895e+00   2.5867049e+00   2.6933781e+00   2.0137907e+00   3.9725651e+00   2.9044295e+00   1.0765066e+00   4.8696405e+00   2.2641078e+00   2.6090470e+00
   1.0000000e+00   3.7910662e+00   2.5877459e+00   2.7611274e+00   3.0858843e+00   2.2612812e+00   2.6066054e+00   2.8016175e+00   2.6474495e+00   4.5321863e+00   2.9801735e+00
   2.0000000e+00   1.8645842e+00   3.6339208e+00   4.2515058e+00   2.1149071e+00   3.0216266e+00   5.1729999e+00   3.3629588e+00   2.7827733e+00   2.2438812e+00   3.3616262e+00
   2.0000000e+00   1.5033199e+00   4.3246116e+00   2.8497146e+00   4.1596512e+00   3.4617626e+00   3.5005956e+00   5.1536099e+00   3.4780161e+00   3.6120447e+00   3.2443603e+00
   2.0000000e+00   2.2080753e+00   1.7678219e+00   1.2858049e+00   4.6409512e+00   2.0825688e+00   2.7465046e+00   3.9210625e+00   5.4839193e+00   2.4082162e+00   2.1593452e+00
   2.0000000e+00   2.8865548e+00   2.5008347e+00   3.8130452e+00   2.9478634e+00   3.0956742e+00   3.5542068e+00   1.8314511e+00   3.7800326e+00   4.4247997e+00   2.3151879e+00
   1.0000000e+00   3.7953257e+00   2.1106831e+00   3.7348786e+00   1.7916391e+00   3.5778050e+00   2.7096674e+00   1.5644013e+00   2.7652654e+00   3.1934706e+00   2.8688683e+00
   2.0000000e+00   1.3043581e+00   2.5989745e+00   3.1050984e+00   3.7193202e+00   1.3564103e+00   2.5394201e+00   2.7800661e+00   4.0274588e+00   3.7391457e+00   2.9081359e+00
   2.0000000e+00   2.4409812e+00   4.4907131e+00   3.1886063e+00   5.0039169e+00   3.6293905e+00   4.2378290e+00   2.4020229e+00   1.3265223e+00   2.7772961e+00   3.5301399e+00
   2.0000000e+00   4.9362805e+00   2.3085603e+00   4.9724092e+00   3.1533146e+00   1.1446719e+00   5.2013278e+00   3.7337507e+00   1.6980873e+00   4.3814165e+00   2.1958996e+00
   2.0000000e+00   4.5651905e+00   2.0569818e+00   1.4780656e+00   2.0317281e+00   2.1594955e+00   9.4221403e-01   1.9013662e+00   4.0588880e+00   3.1226372e+00   3.5772452e+00
   2.0000000e+00   3.8107533e+00   3.3143718e+00   2.9439130e+00   2.0391966e+00   3.5893772e+00   2.2686853e+00   3.0598783e+00   2.7836708e+00   3.2310873e+00   1.5573815e+00
   1.0000000e+00   3.3665447e+00   3.0318113e+00   2.6683428e+00   3.1575162e+00   4.2731647e+00   3.3442439e+00   1.9980979e+00   2.4849911e+00   3.7644194e+00   3.3713663e+00
   2.0000000e+00   1.2561575e+00   2.7104792e+00   3.2387051e+00   3.0606614e+00   4.0056299e+00   6.4307357e+00   4.9974832e+00   3.0309905e+00   3.9392507e+00   8.2650347e-01
   2.0000000e+00   2.7622579e+00   1.9540445e+00   4.5024464e+00   5.1656507e+00   2.0288072e+00   3.3811646e+00   3.6955548e+00   3.6901194e+00   3.8545591e+00   1.6447719e+00
   2.0000000e+00   3.9739038e+00   2.6367630e+00   4.0445748e+00   2.4707439e+00   2.9836696e+00   4.9297676e+00   3.0966500e+00   3.3686333e+00   2.5718580e+00   3.0505523e+00
   2.0000000e+00   4.0114662e+00   4.5717653e+00   2.6374698e+00   3.0007432e+00   2.8977308e+00   4.5685217e+00   5.1490432e+00   3.0611523e+00   2.5628704e+00   2.9094884e+00
   2.0000000e+00   2.1238931e+00   2.2588278e+00   3.5668523e+00   2.2321402e+00   3.2794772e+00   3.2263421e+00   3.2726176e+00   4.4630085e+00   3.3362746e+00   4.2577611e+00
   2.0000000e+00   7.7168680e-01   3.7744997e+00   2.0945080e+00   3.1273972e+00   2.9948274e+00   9.2473782e-01   4.0342438e+00   1.7423211e+00   2.9295272e+00   3.7743121e+00
   2.0000000e+00   2.4956679e+00   2.0146696e+00   2.6605524e+00   4.6978269e+00   2.2280901e+00   2.7211496e+00   2.0366443e+00   1.1613136e-01   2.4510608e+00   3.7450019e+00
   2.0000000e+00   2.8796280e+00   3.3239755e+00   3.7773646e+00   3.4361290e+00   3.0688769e+00   2.0944919e+00   4.1602500e+00   3.8856031e+00   3.4024697e+00   3.2533181e+00
   2.0000000e+00   3.2008295e+00   3.6231701e+00   3.8223736e+00   3.4479269e+00   3.0787955e+00   3.9820435e+00   3.3410796e+00   2.6960345e+00   2.1734853e+00   3.0214491e+00
   2.0000000e+00   4.9077012e+00   4.2202054e+00   4.0127300e+00   4.7351567e+00   3.6327946e+00   4.6410812e+00   3.1456249e+00   3.2967425e+00   4.2498838e+00   1.8038787e+00
   2.0000000e+00   4.3483822e+00   4.1746691e+00   2.1168161e+00   3.2675395e+00   2.7285614e+00   2.4158085e+00   2.7021248e+00   1.6776431e+00   1.8433946e+00   3.6977946e+00
   2.0000000e+00   3.6729985e+00   1.6470301e+00   5.1033358e+00   3.7007739e+00   4.7592945e+00   2.1455756e+00   2.7174533e+00   3.6945583e+00   2.8164440e+00   5.7576244e+00
   2.0000000e+00   5.7995093e-01   3.9508617e+00   4.6502953e+00   3.3095896e+00   6.7261340e+00   3.6564167e+00   1.9950275e+00   3.6265435e+00   2.8511246e+00   3.1456658e+00
   2.0000000e+00   2.8058534e+00   2.0694253e+00   3.0509243e+00   3.4563101e+00   3.0086923e+00   1.3397176e+00   2.6520451e+00   3.2206379e+00   3.7366111e+00   4.4439205e+00
   2.0000000e+00   3.9596763e+00   9.0581538e-01   3.8213527e+00   1.2326073e+00   2.6784365e+00   4.6933867e+00   2.8162252e+00   2.2737483e+00   4.2334325e+00   2.4016781e+00
   2.0000000e+00   2.9156582e+00   3.7387463e+00   2.8661007e+00   4.5658656e+00   2.9006578e+00   3.5394531e+00   3.5378946e+00   5.2547697e+00   3.0015779e+00   1.8113142e+00
   1.0000000e+00   3.9192192e+00   4.7273265e+00   2.7204136e+00   2.5881862e+00   4.2115385e+00   3.2029794e+00   2.2173078e+00   1.1475906e+00   2.8270848e+00   4.7599088e+00
   2.0000000e+00   1.8530353e+00   2.4872638e+00   3.5277988e+00   3.3684842e+00   2.2902349e+00   6.6130273e-01   2.7719743e+00   2.1248690e+00   4.5801392e+00   3.3868166e+00
   2.0000000e+00   4.7048126e+00   3.4376105e+00   3.4467999e+00   3.6178013e+00   3.6914289e+00   3.5523674e+00   2.7056657e+00   5.4141428e+00   2.9737969e+00   4.2594431e+00
   2.0000000e+00   2.4975577e+00   2.7332815e+00   2.2681244e+00   1.5191245e+00   3.2025519e+00   3.7335723e+00   1.9020504e+00   2.8888128e+00   2.6181879e+00   3.2139237e+00
   2.0000000e+00   2.9350649e+00   2.7941303e+00   1.8821474e+00   2.2564565e+00   1.5924700e+00   1.3999424e+00   2.7232832e+00   2.0204552e+00   2.9477155e+00   4.7700923e+00
   2.0000000e+00   5.2321763e+00   1.1506235e+00   2.7163163e+00   3.2165310e+00   1.5441205e+00   2.6672431e+00   2.3249619e+00   2.9602101e+00   4.2264490e+00   2.7535532e+00
   2.0000000e+00   3.9584744e+00   1.8256058e+00   1.8445344e+00   1.7421470e+00   3.3237179e+00   3.6290526e+00   3.4657646e+00   2.9010280e+00   3.1644447e+00   8.1222441e-01
   2.0000000e+00   2.0528968e+00   3.1661811e+00   1.4277547e+00   4.5144701e+00   4.2167078e+00   2.4351625e+00   2.0553772e+00   3.5447947e+00   3.8944382e+00   3.3837857e+00
   2.0000000e+00   1.8816471e+00   2.0026575e+00   3.0820427e+00  -9.6100176e-01   2.4623982e+00   1.9550855e+00   3.1491678e+00   3.5546107e+00   2.4309683e+00   2.8900262e+00
   2.0000000e+00   4.5829873e+00   2.8021940e+00   3.7752206e+00   1.9895039e+00   3.3560382e+00   2.5457487e+00   4.4459735e+00   2.0978673e+00   4.0501304e+00   3.6649076e+00
   2.0000000e+00   4.0561082e+00   1.7849774e+00   4.6555452e+00   4.3746851e+00   4.9292900e+00   1.5907866e+00   2.2102071e+00   3.7995812e+00   3.1179946e+00   3.6925367e+00
   2.0000000e+00   2.6115897e+00   3.6609199e+00   2.5196187e+00   3.0400082e+00   1.4738985e+00   4.0096053e+00   1.8392598e+00   1.2036481e+00   2.5125563e+00   3.3345203e+00
   2.0000000e+00   3.5203180e+00   1.9074479e+00   2.6996542e+00   4.1631436e+00   2.3865281e+00   3.9260818e+00   2.4347030e+00   3.5851586e+00   2.1236465e+00   3.6968149e+00
   2.0000000e+00   2.9905706e+00   4.3544956e+00   3.0730662e+00   4.6805635e+00   3.3420034e+00   2.1579651e+00   2.7675300e+00   1.8659535e+00  -1.1383057e-01   3.3568097e+00
   1.0000000e+00   3.5267345e+00   3.1635580e+00   3.5695273e+00   3.1701542e+00   1.8504659e+00   3.6213210e+00   2.6393284e+00   2.9104724e+00   2.9688385e+00   2.2836882e+00
   2.0000000e+00   2.9452720e+00   2.8978585e+00   3.9767936e+00   3.4991978e+00   2.4651141e+00   3.3990819e+00   4.9312009e+00   2.7169271e+00   3.3730803e+00   4.7634398e+00
   2.0000000e+00   2.7421761e+00   3.6971736e+00   2.4454156e+00   3.9605630e+00   4.2514660e+00   3.0147879e+00   3.7118268e+00   3.1551185e+00   1.2897797e+00   3.1086075e+00
   2.0000000e+00   2.0136174e+00   1.7636377e+00   1.4062380e+00   4.5628257e+00   4.4203600e+00   2.7608282e+00   2.8512711e+00   1.8427993e+00   2.5838085e+00   4.1623092e+00
   1.0000000e+00   3.8536951e+00   4.1080320e+00   3.9405011e+00   2.9094509e+00   2.2810262e+00   2.8721019e+00   3.2278450e+00   3.1793936e+00   4.1286582e+00   2.1319586e+00
   2.0000000e+00   2.2743504e+00   2.4492718e+00   2.6254832e+00   3.0087483e+00   3.1514445e+00   2.0172966e+00   2.9092463e+00   3.8123450e+00   1.2997523e+00   3.6454816e+00
   2.0000000e+00   4.9608410e+00   3.1283183e+00   3.5321898e+00   2.8358936e+00   3.5166185e+00   4.6811770e+00   2.3018974e+00   2.1434558e+00   2.4949084e+00   4.2525388e+00
   1.0000000e+00   3.5194531e+00   3.3865909e+00   4.5426093e+00   4.1182760e+00   3.8530905e+00   3.6214013e+00   2.0624027e+00   2.9633326e+00   4.0985634e+00   4.1938807e+00
   2.0000000e+00   2.5851200e+00   3.0046198e+00   1.4529740e+00   2.8151891e+00   1.7985359e+00   3.6134710e+00   2.1148175e+00   4.7696465e+00   2.6511370e+00   3.3701289e+00
   1.0000000e+00   3.4326218e+00   3.5354812e+00   2.4192201e+00   4.3163388e+00   4.4886861e+00   3.8003668e+00   2.6703738e+00   2.7351944e+00   4.2555434e+00   9.0058930e-01
   2.0000000e+00   2.7641279e+00   3.5003653e+00   3.0160575e+00   1.2097655e+00   2.0596258e+00   3.3599296e+00   2.1067468e+00   3.3164890e+00   1.2285304e+00   3.1336247e+00
   2.0000000e+00   2.3374002e+00   3.3814076e+00   1.8899882e+00   1.7610316e+00   3.7951182e+00   2.5522061e+00   3.6383938e+00   3.2917703e+00   5.1343021e+00   3.3630158e+00
