   2.0000000e+00   3.0703212e+00   1.6431519e+00   1.9514933e+00   3.2465388e+00   3.1692464e+00   5.0312930e+00   2.9860980e+00   3.6955020e+00   4.4294380e+00   3.0843910e+00
   2.0000000e+00   3.2252132e+00   3.7324871e+00   3.9824818e+00   2.4577805e+00   1.9720825e+00   3.6704307e+00   3.4159247e+00   2.3704739e+00   3.0076174e+00   1.9301765e+00
   2.0000000e+00   2.3995225e+00   2.7942292e+00   3.5800874e+00   2.8261763e+00   1.3737597e+00   3.3429024e+00   3.0357764e+00   2.4741765e+00   3.9909410e+00   1.8819353e+00
   2.0000000e+00   3.4748680e+00   4.2873082e+00   2.5597083e+00   2.5904665e+00   4.1544581e+00   3.1833770e+00   4.9684776e+00   3.3233412e+00   3.7888963e+00   2.5452321e+00
   2.0000000e+00   2.6006724e+00   2.1208826e+00   2.7100372e+00   2.7479594e+00   3.0932331e+00   4.7927546e+00   3.7787416e+00   2.4292985e+00   6.3041852e+00   3.0117187e+00
   2.0000000e+00   3.3237232e+00   4.6847074e+00   3.6564969e+00   4.6427437e+00   1.5948782e+00   5.8873304e-01   2.9892783e+00   1.6959694e+00   3.1372773e+00   2.0484029e+00
   1.0000000e+00   4.5973715e+00   2.6455297e+00   2.8639462e+00   3.8872754e+00   2.6153182e+00   3.1200231e+00   4.8057294e+00   2.2822167e+00   2.3307209e+00   2.8294262e+00
   2.0000000e+00   3.5819857e+00   2.2529352e+00   4.6565750e+00   4.0318748e+00   1.6703164e+00   2.5084903e+00   2.9946388e+00   3.4737650e+00   4.2738680e+00   2.5237834e+00
   2.0000000e+00   3.4355365e+00   2.2511785e+00   3.6615045e+00   3.8033101e+00   3.7038438e+00   2.0279111e+00   3.3771872e+00   1.9747326e+00   2.6819804e+00   3.7411250e+00
   2.0000000e+00   2.2362817e+00   2.2961597e+00   1.2345475e+00   2.8098892e+00   4.2784321e+00   1.5867595e+00   2.7240573e+00   3.4402360e+00   2.5956050e+00   3.6618292e+00
   2.0000000e+00   4.3463441e+00   2.8594181e+00   2.7803211e+00   2.1280767e+00   2.2713043e+00   2.8191008e+00   3.1838994e+00   3.3121889e+00   2.7399990e+00   4.2438941e+00
   2.0000000e+00   2.9383011e+00   2.8774144e+00   2.7007724e+00   3.5123595e+00   3.1366540e+00   2.8009821e+00   2.0446459e+00   4.0438804e+00   2.7841861e+00   1.3904827e+00
   2.0000000e+00   2.1951754e+00   7.5528830e-01   4.0791492e+00   5.8811744e-01   4.2942991e+00   2.5556210e+00   4.3799962e+00   3.0939270e+00   3.3758682e+00   1.5753837e+00
   1.0000000e+00   2.3207985e+00   2.5231217e+00   3.0933818e+00   4.6316145e+00   3.6696552e+00   3.3834213e+00   3.9227548e+00   3.9919266e+00   3.8648136e+00   4.9635004e+00
   2.0000000e+00   4.0339284e+00   2.6354893e+00   1.6003815e+00   3.2849047e+00   3.0310698e+00   2.4800404e+00   3.8211552e+00   2.4614148e+00   1.8911585e+00   2.3675883e+00
   2.0000000e+00   4.0119165e+00   4.7378783e+00   2.8371341e+00   3.8333897e+00   2.7741365e+00   2.9219738e+00   3.6851678e+00   3.9938551e+00   3.7648026e+00   3.0902894e+00
   2.0000000e+00   4.1062546e+00   3.7394030e+00   4.5527997e+00   3.5670997e+00   3.5521032e+00   3.9523030e+00   3.6331047e+00   3.3856766e+00   2.0830879e+00   3.6275562e+00
   2.0000000e+00   2.0953768e+00   2.1560601e+00   2.8315581e+00   2.5789917e+00   2.8856827e+00   1.8503363e+00   3.5412696e+00   1.3697185e+00   2.1192639e+00   2.9169654e+00
   1.0000000e+00   2.2922873e+00   2.3331692e+00   2.0891838e+00   1.2601509e+00   3.4342511e+00   3.4034504e+00   2.3582584e+00   4.1144277e+00  -1.7592803e-01   1.5108040e+00
   2.0000000e+00   2.7043061e+00   5.4238373e+00   3.3387013e+00   3.7108370e+00   2.3858350e+00   2.5521706e+00   2.1370682e+00   2.8628214e+00   3.1974371e+00   2.9289463e+00
   2.0000000e+00   2.2457956e+00   3.9209309e+00   4.6569478e+00   1.3891197e+00   2.8262593e+00   2.7741739e+00   7.5793952e-01   1.9583461e+00   3.9009722e+00   2.5081762e+00
   2.0000000e+00   2.4871845e+00   3.9700458e+00   3.3038152e+00   2.2768799e+00   4.2055507e+00   3.4712826e+00   3.5981123e+00   3.6123442e+00   3.0743833e+00   4.9513006e+00
   2.0000000e+00   2.1715391e+00   3.7928558e+00   1.7630459e+00   3.1759477e+00   1.3713505e+00   3.3057207e+00   2.8247218e+00   3.4590381e+00   3.0892742e+00   4.6390096e+00
   1.0000000e+00   2.4471392e+00   1.9053834e+00   3.9776648e+00   2.8733837e+00   3.5498529e+00   3.3110947e+00   2.5359436e+00   3.3305365e+00   2.9892103e+00   3.3398079e+00
   2.0000000e+00   3.1104822e+00   2.2265242e+00   5.0950862e+00   2.9371879e+00   2.1046893e+00   3.5483491e+00   3.5787307e+00   2.5151589e+00   3.7090160e+00   2.3942352e+00
   1.0000000e+00   3.1840563e+00   3.0206751e+00   3.8101810e+00   4.8499030e+00   3.2203734e+00   3.5234442e+00   6.3245626e+00   3.6608191e+00   3.7797126e+00   3.1029292e+00
   1.0000000e+00   1.1376679e+00   3.8886112e+00   4.0710575e+00   2.6018036e+00   2.8045740e+00   3.9341955e+00   1.2995855e+00   1.6623505e+00   3.3250896e+00   3.2399412e+00
   2.0000000e+00   2.9506338e+00   2.4525441e+00   2.4326341e+00   4.0312682e+00   4.1852698e+00   2.7035986e+00   1.1833322e+00   2.3706541e+00   3.0062936e+00   1.9189958e+00
   1.0000000e+00   2.3370370e+00   2.9175941e+00   2.4145669e+00   3.3963800e+00   2.8593409e+00   3.6437742e+00   2.3368908e+00   4.7587001e+00   1.5358333e+00   3.9315522e+00
   2.0000000e+00   3.1068043e+00   3.4435036e+00   2.0665552e+00   4.0207729e+00   3.8104920e+00   4.6832239e+00   2.7113958e+00   2.6316152e+00   3.6618907e+00   2.8289158e+00
   2.0000000e+00   3.8808117e+00   4.3946320e+00   2.4846355e+00   3.1112701e+00   1.7991686e+00   2.2566892e+00   1.5946899e+00   4.2653759e+00   1.6417006e+00   1.5805160e+00
   1.0000000e+00   3.3638782e+00   4.2791563e+00   2.3540978e+00   1.8120655e+00   2.6966888e+00   3.1447894e+00   1.0197996e+00   3.3033930e+00   2.4409269e+00   2.0016734e+00
   1.0000000e+00   1.5780172e+00   2.4731676e+00   3.8338506e+00   2.6062469e+00   2.3206795e+00   3.4389957e+00   1.4775533e+00   2.4481212e+00   1.9536889e+00   4.1176426e+00
   2.0000000e+00   2.4160470e+00   2.8189247e+00   2.8878666e+00   3.3620548e+00   3.0886783e+00   4.8876580e+00   4.1687022e+00   2.6851028e+00   3.5351530e+00   2.9188554e+00
   2.0000000e+00   1.2951465e+00   2.3133714e+00   4.0975736e+00   2.8231425e+00   2.7674964e+00   1.7568282e+00   1.8071720e+00   2.9731418e+00   1.7063630e+00   4.4475881e+00
   2.0000000e+00   2.9708646e+00   2.4153666e+00   3.3143086e+00   2.6104154e+00   1.4985836e+00   4.3602202e+00   2.2677882e+00   2.4940080e+00   2.7845210e+00   2.5404042e+00
   1.0000000e+00   1.9627561e+00   2.7115548e+00   2.9950522e+00   3.2488700e-02   2.3553783e+00   3.1966689e+00   1.6740558e+00   4.4757323e+00   3.4598597e+00   3.0846370e+00
   2.0000000e+00   3.1215754e+00   2.4677981e+00   1.3872646e+00   3.7528084e+00   3.5672435e+00   2.3265910e+00   4.2758872e+00   2.1052459e+00   4.0163329e+00   9.0731491e-01
   2.0000000e+00   2.3423173e+00   2.0077419e+00   2.0019117e+00   2.6127006e+00   2.5531083e+00   2.2330796e+00   1.9278900e+00   1.9275214e+00   2.3283646e+00   3.2701333e+00
   2.0000000e+00   2.7088736e+00   2.7822007e+00   3.9177968e+00   3.5253144e+00   4.1125179e+00   2.3964394e+00   2.5299282e+00   3.4512995e+00   3.1357876e+00   1.2820976e+00
   2.0000000e+00   1.7075855e+00   1.6987260e+00   3.2159254e+00   3.4905157e+00   2.0464066e+00   1.8226379e+00   6.8866672e-01   3.4323748e+00   2.3255900e+00   1.9454270e+00
   2.0000000e+00   2.6086464e+00   3.8977222e+00   3.0194785e+00   3.4157536e+00   3.7450251e+00   2.6689867e+00   3.4063171e+00   4.2955870e+00   1.7553057e+00   3.3594270e+00
   2.0000000e+00   2.4022983e+00   2.8752091e+00   3.2988762e+00   4.1857074e+00   2.1397275e+00   2.3270832e+00   2.5048211e+00   3.7180396e-01   3.7985079e+00   4.6493061e+00
   2.0000000e+00   4.1574345e+00   2.5209416e+00   2.0430688e+00   4.0909884e+00   3.3508100e+00   4.5975629e+00   2.9618519e+00   2.8229643e+00   3.4086978e+00   2.8419744e+00
   2.0000000e+00   3.6770434e+00   4.7902598e+00   3.0020914e+00   3.8066711e+00   2.1345152e+00   4.1925089e+00   5.8562884e+00   3.3613207e+00   3.8955708e+00   2.9980802e+00
   1.0000000e+00   4.1681370e+00   2.6396188e+00   2.3208271e+00   9.2317129e-01   2.8745228e+00   3.0003032e+00   2.0397908e+00   2.0741452e+00   2.3487232e+00   4.1992395e+00
   1.0000000e+00   3.7496292e+00   3.8658994e+00   2.2725365e+00   2.3094358e+00   3.7657688e+00   3.2054650e+00   4.6562524e+00   2.4247147e+00   4.0561122e+00   3.1630732e+00
   1.0000000e+00   4.2446425e+00   2.5846761e+00   3.6593030e+00   3.8644772e+00   2.6194524e+00   3.4547328e+00   2.8870572e+00   3.7053292e+00   1.8271139e+00   2.8997483e+00
   2.0000000e+00   2.6357445e+00   2.4640417e+00   4.0457200e+00   3.3544592e+00   2.5419868e+00   4.0638999e+00   4.6753317e+00   3.6266451e+00   3.3307314e+00   2.8497594e+00
   2.0000000e+00   2.0076697e+00   1.9488884e+00   3.7414684e+00   2.2792105e+00   3.8815903e+00   3.8226494e+00   2.2502260e+00   3.2832634e+00   3.3858456e+00   2.2898005e+00
   2.0000000e+00   4.3419381e+00   4.3108416e+00   4.4250475e+00   3.5436236e+00   3.7499690e+00   3.1903411e-01   5.3986126e+00   1.5176302e+00   1.2826339e+00   3.4560431e+00
   2.0000000e+00   2.3631086e+00   2.8979524e+00   2.9605447e+00   3.1875290e+00   3.0748595e+00   1.6840674e+00   1.4721865e+00   3.6345537e+00   3.7805635e+00   2.7484438e+00
   2.0000000e+00   3.9114818e+00   9.2096525e-01   2.2123543e+00   2.4334920e+00   1.7844932e+00   2.4777579e+00   4.1172591e+00   3.2386181e+00   4.6155811e+00   3.1176292e+00
   1.0000000e+00   3.3544372e+00   3.8593412e+00   2.9546274e+00   3.3338411e+00   2.6132731e+00   3.8891117e+00   3.7316083e+00   4.6793614e+00   4.2395605e+00   4.5561661e+00
   2.0000000e+00   3.5992764e+00   2.6350127e+00   2.3412103e+00   2.5652931e+00   3.2190348e+00   4.0432704e+00   2.5161173e+00   3.7006295e+00   2.9580457e+00   2.1278736e+00
   2.0000000e+00   4.3261718e+00   4.7598174e+00   2.5346101e+00   3.3533675e+00   4.5859244e+00   2.2537547e+00   3.5093241e+00   1.6916092e+00   3.2791428e+00   2.4449388e+00
   2.0000000e+00   2.3580280e+00   4.2219650e+00   3.2595677e+00   3.8772510e+00   8.4877236e-01   3.3313795e+00   5.0918569e+00   3.6370725e+00   2.6623049e+00   3.4376837e+00
   2.0000000e+00   1.3782142e+00   1.1056411e+00   2.7894004e+00   2.8963841e+00   4.1429493e+00   2.7057241e+00   3.0190488e+00   2.9082103e+00   2.0942465e+00   3.4181244e+00
   1.0000000e+00   3.4491370e+00   3.8084889e+00   4.7071844e+00   2.2074461e+00   3.6081761e+00   3.3618646e+00   4.1504021e+00   2.9435713e+00   2.3551371e+00   3.2509336e+00
   2.0000000e+00   1.9859622e+00   4.3613589e+00   2.1730641e+00   5.0634681e+00   4.7282898e+00   4.2270561e+00   3.8073170e+00   3.0410785e+00   3.3653563e+00   4.7822569e+00
   2.0000000e+00   1.2544181e+00   1.7291444e+00   3.4523100e+00   2.3429168e+00   3.5512715e+00   2.5693757e+00   1.7325794e+00   2.7440429e+00   2.7824709e+00   2.0587920e+00
   2.0000000e+00   2.7849534e+00   4.3853379e+00   2.5725622e+00   3.5744056e+00   2.6451406e+00   5.0394010e+00   1.9146543e+00   2.5800683e+00   5.1531041e+00   2.7637298e+00
   2.0000000e+00   4.5351901e+00   2.8181053e+00   2.4182881e+00   3.1772204e+00   4.1879854e+00   2.4765658e+00   3.5160883e+00   2.2004521e+00   3.4331290e+00   2.4040982e+00
   2.0000000e+00   1.7143176e+00   4.3788488e+00   2.6817815e+00   4.4709365e+00   2.9000606e+00   2.5273486e+00   1.6792157e+00   1.2693338e+00   3.4055195e+00   2.1805349e+00
   2.0000000e+00   2.8436509e+00   3.1123215e+00   3.3650606e+00   2.5499443e+00   2.0224819e+00   3.7564079e+00   2.4180555e+00   3.7385216e+00   2.7667341e+00   2.6169444e+00
   2.0000000e+00   3.0141377e+00   1.8241524e+00   1.2603546e+00   3.0571156e+00   4.1468670e+00   2.4568925e+00   2.9953775e+00   1.0466768e+00   2.9253400e+00   4.8913366e+00
   2.0000000e+00   1.7511653e+00   3.5835468e+00   3.0884408e+00   4.3716551e+00   3.1354311e+00   1.9077087e+00   1.8524354e+00   4.7532448e+00   2.0712278e+00   2.2398833e+00
   2.0000000e+00   3.5392177e+00   3.2948367e+00   2.3319484e+00   2.6702888e+00   2.7335980e+00   2.4653974e+00   4.1322333e+00   2.3646824e+00   4.2725850e+00   3.4285092e+00
   2.0000000e+00   1.5286708e+00   2.5112881e+00   2.4709081e+00   2.0627169e+00   2.7743285e+00   4.1746381e+00   3.2633063e+00   2.7804821e+00   1.9680566e+00   1.7300708e+00
   2.0000000e+00   3.8223056e+00   2.7143328e+00   3.9651783e+00   3.0877985e+00   2.1141337e+00   2.8923406e+00   2.4398745e+00   2.5632332e+00   2.6140209e+00   2.1319889e+00
   2.0000000e+00   2.3517245e+00   1.8578847e+00   4.6726042e+00   3.2735734e+00   4.1506689e+00   2.7647846e+00   3.0438044e+00   3.3569869e+00   2.3450446e+00   3.8956810e+00
   2.0000000e+00   2.1039116e+00   3.5699801e+00   1.3029391e+00   3.6227462e+00   1.2805902e+00   3.5945714e+00   2.4755323e+00   2.9801901e+00   4.5944660e+00   2.4446907e+00
   2.0000000e+00   2.1646233e+00   4.5904957e+00   2.4030108e+00   4.6169187e+00   3.6988571e+00   2.3287931e+00   3.0834515e+00   1.6004807e+00   3.8864926e+00   2.6795530e+00
   2.0000000e+00   3.5292681e+00   2.0999943e+00   3.1712375e+00   2.6620715e+00   3.5534004e+00   4.5067098e+00   4.7259051e+00   6.7603297e-01   2.7461632e+00   2.4144068e+00
   2.0000000e+00   2.9018629e+00   3.6146147e+00   3.0835802e+00   1.7764569e+00   3.2735588e+00   2.1553393e+00   8.3234407e-01   2.7606707e+00   2.9673755e+00   4.1220901e+00
   2.0000000e+00   3.9896827e+00   2.9275156e+00   3.6354606e+00   2.9356582e+00   3.7017150e+00   4.3429612e+00   1.2067693e+00   2.8565360e+00   3.4032883e+00   1.2267461e+00
   2.0000000e+00   2.5802135e+00   2.2896865e+00   3.1124144e+00   3.8323770e+00   1.2514339e+00   4.3709640e+00   2.8312365e+00   4.4682468e+00   2.4971074e+00   3.2224052e+00
   2.0000000e+00   3.1210424e+00   3.3283751e+00   2.1056626e+00   1.6604588e+00   3.7487832e+00   6.0860807e-01   3.6279113e+00   2.5731688e+00   2.2268477e+00   2.3294217e+00
   2.0000000e+00   1.9693767e+00   1.9936907e+00   3.2918698e+00   2.6010992e+00   2.4630938e+00   2.3967831e+00   2.8585848e+00   3.2735938e+00   3.8513726e+00   3.4887074e+00
   1.0000000e+00   6.0701341e+00   2.2173316e+00   1.7367625e+00   1.1581597e+00   3.7633367e+00   3.0993631e+00   3.5407537e+00   3.6171397e+00   3.4792845e+00   1.3717868e+00
   2.0000000e+00   4.3870599e+00   2.7287405e+00   2.5353600e+00   4.2699558e+00   6.2236738e-01   4.4391726e+00   2.8214484e+00   1.5809565e+00   3.4534352e+00   4.7977498e+00
   1.0000000e+00   3.1621505e+00   1.5966795e+00   4.0887537e+00   3.3724186e+00   3.5505346e+00   3.3912917e+00   1.9057933e+00   3.7358473e+00   4.2560563e+00   2.5906809e+00
   2.0000000e+00   2.9477246e+00   3.0308213e+00   2.5468831e+00   4.4925562e+00   8.4160831e-01   3.1385281e+00   2.8223362e+00   2.8610929e+00   1.9085843e+00   5.0393564e+00
   2.0000000e+00   3.6798040e+00   3.0607493e+00   4.0226159e+00   4.1251342e+00   2.6940534e+00   1.9212024e+00   3.9472047e+00   1.7906346e+00   3.5901492e+00   2.3278135e+00
   1.0000000e+00   3.4718205e+00   4.2696598e+00   3.7306573e+00   2.9621133e+00   3.8525123e+00   3.2432469e+00   3.7489104e+00   2.8765645e+00   4.1596401e+00   2.0506068e+00
   2.0000000e+00   2.3644475e+00   4.8819742e+00   3.2333457e+00   1.1394106e+00   3.7561270e+00   3.7231885e+00   3.2231262e+00   2.5078635e+00   4.4622162e+00   3.3012174e+00
   2.0000000e+00   1.0265872e+00   4.0718043e+00   3.7380066e+00   3.0727260e+00   2.5268705e+00   4.7631967e+00   2.1615457e+00   5.2385666e+00   3.1617844e+00   1.9975179e+00
   2.0000000e+00   3.6904222e+00   2.9847517e+00   3.1734823e+00   2.6680261e+00   3.6189488e+00   2.4582081e+00   3.3276023e+00   2.7028403e+00   2.9067634e+00   3.3025401e+00
   2.0000000e+00   2.2156037e+00   3.1618023e+00   3.6679637e+00   3.4046255e+00   2.3664754e+00   2.4325336e+00   2.8149839e+00   3.6774639e+00   3.7413203e+00   3.4420800e+00
   1.0000000e+00   3.9390993e+00   3.6868117e+00   3.6243723e+00   4.6152996e+00   2.8704418e+00   3.6407653e+00   2.2884997e+00   4.1691872e+00   2.2340137e+00   3.4235721e+00
   2.0000000e+00   4.6049951e+00   3.1191233e+00   1.6640869e+00   6.6178681e+00   3.4877060e+00   2.3118181e+00   2.3846649e+00   4.3874723e+00   7.0166143e-01   3.0993699e+00
   1.0000000e+00   2.0315649e+00   3.3195072e+00   3.5290735e+00   5.2903587e+00   3.6461141e+00   3.6146684e+00   5.1833842e+00   1.5148526e+00   3.4238300e+00   2.9561059e+00
   1.0000000e+00   4.0073726e+00   2.3091339e+00   1.7351204e+00   4.3976885e+00   2.3434153e+00   3.1129567e+00   4.2949648e+00   2.3310939e+00   2.5899825e+00   2.2436684e+00
   2.0000000e+00   3.5202364e+00   2.5517258e+00   3.5753947e+00   2.2558307e+00   2.7750872e+00   2.0192313e+00   3.6188445e+00   1.3051637e+00   2.7171620e+00   2.3377633e+00
   2.0000000e+00   3.8500750e+00   4.1713221e+00   3.9847859e+00   1.7485409e+00   1.2986662e+00   2.8613602e+00   4.2965513e+00   2.9235692e+00   2.8227136e+00   4.6192490e+00
   1.0000000e+00   3.5942120e+00   3.2806667e+00   2.8555697e+00   2.0480230e+00   2.8572484e+00   3.3968209e+00   3.2440249e+00   3.8564970e+00   3.1730163e+00   8.9033527e-01
   2.0000000e+00   4.7870701e+00   2.3365087e+00   1.8694527e+00   3.5304664e+00   2.7148531e+00   2.2491832e+00   1.7942708e+00   3.2984209e+00   3.4861361e+00   2.0168104e+00
   2.0000000e+00   2.9222696e+00   3.3768583e+00   1.4490478e+00   2.3543727e+00   4.3918527e+00   2.9490235e+00   2.1550867e+00   1.9182475e+00   1.9715602e+00   3.3087944e+00
   2.0000000e+00   3.9596456e+00   3.3256893e+00   3.7257592e+00   4.4318027e+00   3.1234775e+00   1.3972355e+00   8.3065607e-01   4.8275893e+00   2.6742787e+00   3.4476101e+00
   2.0000000e+00   3.5267587e+00   3.6249006e+00   1.2481248e+00   2.3506902e+00   3.4991752e+00   2.7416421e+00   2.6673259e+00   2.3907134e+00   2.1021806e+00   2.4971791e+00
