   1.0000000e+00   2.4842559e+00   3.0858758e+00   2.3213821e+00   4.2418647e+00   3.2861637e+00   3.4438557e+00   3.4512560e+00   3.0787644e+00   1.3777417e+00   3.3556815e+00
   2.0000000e+00   2.3011443e+00   3.4584004e+00   3.6192295e+00   2.9529590e+00   2.2817858e+00   5.0120926e+00   4.4113852e+00   3.2156285e+00   2.2037344e+00   1.5103089e+00
   2.0000000e+00   3.3737996e+00   4.0410514e+00   2.4709705e+00   3.7247750e+00   2.0457570e+00   3.9291245e+00   2.7524022e+00   3.9350526e+00   2.3395057e+00   3.4082454e+00
   2.0000000e+00   2.7158914e+00   4.3169543e+00   2.2192333e+00   2.5737641e+00   2.5783374e+00   2.5178476e+00   4.3968388e+00   2.1207695e+00   2.3214304e+00   3.5536692e+00
   2.0000000e+00   3.5211504e+00   2.8518452e+00   3.6108353e+00   1.7395015e+00   2.7896742e+00   8.3985813e-01   2.0500124e+00   2.2984193e+00   2.9500075e+00   5.2637207e+00
   1.0000000e+00   1.6662049e+00   4.7790965e+00   1.2345212e+00   1.9805194e+00   3.6369779e+00   3.1991380e+00   3.2647835e+00   3.5787098e+00   1.4175100e+00   2.4674976e+00
   2.0000000e+00   3.3134283e+00   2.6686389e+00   3.0515344e+00   3.1171831e+00   2.9961552e+00   3.1732580e+00   2.7749280e+00   3.5804990e+00   3.4060351e+00   2.8131444e+00
   1.0000000e+00   1.5173436e+00   2.2566425e+00   2.5933485e+00   1.5298962e+00   3.0735332e+00   3.3109795e+00   3.6904103e+00   3.0651513e+00   4.2356874e+00   3.9509125e+00
   2.0000000e+00   4.0596854e+00   2.6736939e+00   4.1319599e+00   5.5181322e+00   3.0710395e+00   1.8469321e+00   3.6899025e+00   1.9680153e+00   2.0171367e+00   3.2485214e+00
   2.0000000e+00   1.5542317e+00   4.4903106e-01   2.5977548e+00   3.3191374e+00   2.0341226e+00   3.9006643e+00   4.1132470e+00   5.9154778e-01   4.9314039e+00   3.8512685e+00
   1.0000000e+00   3.8085242e+00   2.1929297e+00   1.8764443e+00   4.4415141e+00   3.4615115e+00   2.8456425e+00   4.1048451e+00   1.2943235e+00   2.1925998e+00   3.1179142e+00
   1.0000000e+00   2.1645012e+00   1.8862420e+00   2.5118876e+00   3.1868554e+00   3.1680308e+00   2.7839112e+00   9.0644498e-01   2.4152435e+00   9.6533084e-01   4.3668200e+00
   2.0000000e+00   1.9466528e+00   8.9084802e-01   4.3547677e+00   4.1284583e+00   2.0627646e+00   3.3610563e+00   1.8627300e+00   1.5265860e+00   3.0918712e+00   4.2846729e+00
   2.0000000e+00   1.9031679e+00   4.7525160e+00   3.3196591e+00   3.4336591e+00   1.8872180e+00   3.3271751e+00   1.9509627e+00   4.4158931e+00   2.8010284e+00   3.0511718e+00
   2.0000000e+00   3.1841426e+00   2.5594603e+00   4.3526601e+00   3.6646513e+00   1.7177355e+00   2.0218684e+00   2.4631928e+00   4.3154278e+00   1.5975701e+00   2.9691049e+00
   2.0000000e+00   2.6613852e+00   3.1527078e+00   1.5936455e+00   4.3081806e+00   6.4171749e+00   2.2186884e+00   3.2595791e+00   2.7430004e+00   6.0529882e-01   2.8673321e+00
   2.0000000e+00   2.0719670e+00   3.1727777e+00   2.8339291e+00   3.5202196e+00   3.0921018e+00   2.4864656e-01   2.8355940e+00   1.5644120e+00   1.5948625e+00   3.5657169e+00
   2.0000000e+00   3.3689030e+00   4.8167980e+00   2.4797285e+00   2.6110929e+00   3.6846565e+00   4.0723048e+00   3.2391231e+00   4.5976346e+00   3.0641228e+00   3.7110028e+00
   1.0000000e+00   3.1387532e+00   2.5572781e+00   2.9971464e+00   2.2064957e+00   3.0007269e+00   2.8894912e+00   5.2724888e+00   2.5082407e+00   3.2275590e+00   3.8283644e+00
   2.0000000e+00   1.5107056e+00   2.7792130e+00   3.5864537e+00   3.3471177e+00   2.7774506e+00   4.8300272e+00   2.7359336e+00   2.7002315e+00   4.1002850e+00   4.2622129e+00
   2.0000000e+00   4.4715709e+00   3.7585419e+00   3.0047087e+00   1.5561185e+00   4.2480139e+00   3.1660002e+00   2.1555906e+00   3.1850554e+00   3.0587271e+00   2.8385317e+00
   1.0000000e+00   1.1308182e+00   2.8134943e+00   3.4584930e+00   3.3878229e+00   3.2998540e+00   3.4573095e+00   2.6382927e+00   3.2041803e+00   3.1171868e+00   5.7188413e+00
   2.0000000e+00   2.8117241e+00   3.9990450e+00   3.7829573e+00   2.7968360e+00   2.0783765e+00   3.0702248e+00   3.9208266e+00   2.3080429e+00   2.5049706e+00   3.1794127e+00
   2.0000000e+00   2.2769049e+00   2.5760057e+00   2.2849554e+00   2.7844142e+00   3.3961819e+00   1.7989180e+00   3.0392891e+00   3.3919274e+00   3.7109842e+00   2.5292384e+00
   2.0000000e+00   3.5161611e+00   1.1871432e+00   3.4374269e+00   3.0252368e+00   4.6819137e+00   2.3676448e+00   5.7535481e+00   1.9988391e+00   2.8154231e+00   1.2981540e+00
   2.0000000e+00   3.0070625e+00   2.2988757e+00   3.0330588e+00   2.5896020e+00   5.6040654e+00   5.0125384e+00   3.4191417e+00   3.5648352e+00   3.7774117e+00   3.0554621e+00
   2.0000000e+00   3.3241148e+00   4.4313539e+00   2.9350077e+00   2.7030045e+00   4.5567140e+00   3.5751553e+00   2.6941582e+00   2.9957915e+00   3.2616953e+00   5.6203429e-01
   1.0000000e+00   4.8002485e+00   4.1398993e+00   3.7985317e+00   2.1676927e+00   3.6410688e+00   2.2715303e+00   2.8220764e+00   2.4349792e+00   3.0841184e+00   3.1909515e+00
   2.0000000e+00   2.7253589e+00   1.2806299e+00   2.9954588e+00   2.4490541e+00   2.7144599e+00   1.9376239e+00   1.9006431e+00   3.0906147e+00   2.2257009e+00   1.7491224e+00
   2.0000000e+00   1.0537029e+00   2.9144805e+00   3.2144060e+00   3.3631633e+00   1.6532941e+00   3.7587283e+00   1.7637515e+00   2.3437036e+00   3.9247250e+00   2.8998986e+00
   2.0000000e+00   3.5578286e+00   9.7338595e-01   4.2819469e+00   3.8728301e+00   3.0387280e+00   1.9671225e+00   2.8988363e+00   2.1865850e+00   4.4386216e+00   3.2574045e+00
   2.0000000e+00   2.5247365e+00   1.9427231e+00   3.5888444e+00   4.2052057e+00   4.1688410e+00   1.9255796e+00   1.0026208e+00   3.8651119e+00   1.4584503e+00   4.0986608e+00
   2.0000000e+00   2.1357578e+00   3.8848215e+00   2.8529000e+00   4.1536446e+00   1.1756612e+00   3.1120967e+00   3.3957898e+00   1.3249013e+00   2.2656530e+00   3.9842294e+00
   2.0000000e+00   3.7331745e+00   2.6711616e+00   2.5807362e+00   2.8067925e+00   2.0995541e+00   4.8202703e+00   1.5420448e+00   3.3256225e+00   2.3404787e+00   3.9049100e+00
   1.0000000e+00   2.7106301e+00   3.5114318e+00   3.5385603e+00   3.9307251e+00   3.7209505e+00   3.2675917e+00   2.6322935e-01   1.8260391e+00   2.6752092e+00   4.4990520e+00
   2.0000000e+00   1.8421755e+00   1.8288901e+00   2.6040672e+00   2.7701638e+00   3.3271547e+00   3.0780485e+00   2.7564484e+00   4.9881084e+00   4.9780614e+00   3.4753754e+00
   2.0000000e+00   1.7997705e+00   3.2282409e+00   4.0611729e+00   2.4026132e+00   2.6607291e+00   2.9481955e+00   2.2041496e+00   1.9383557e+00   3.0305396e+00   3.1817254e+00
   1.0000000e+00   4.2200515e+00   1.3217322e+00   3.9741121e+00   3.3833549e+00   3.2109321e+00   2.3701495e+00   2.0820979e+00   3.9484188e+00   3.1840296e+00   3.5068983e+00
   2.0000000e+00   3.4329320e+00   3.6583882e+00   2.1531142e+00   1.9213484e+00   2.7229617e+00   3.0949056e+00   2.5280186e+00   3.4135067e+00   3.4979988e+00   2.3701770e+00
   2.0000000e+00   2.7528063e+00   3.4712585e+00   1.6366423e+00   2.8125217e+00   4.9883476e+00   1.5872430e+00   2.6987989e+00   6.1652569e-01   3.1344774e+00   2.6677353e+00
   2.0000000e+00   3.6924953e+00   3.8786474e+00   2.2819355e+00   2.4285005e+00   1.4349368e+00   3.7686750e+00   2.6812283e+00   4.0659141e+00   4.8157074e+00   4.0400428e+00
   2.0000000e+00   1.6906444e+00   2.5019416e+00   3.1408847e+00   4.7322790e+00   1.1871427e+00   1.9689680e+00   3.0268848e+00   3.1655180e+00   2.4879078e+00   3.0085472e+00
   2.0000000e+00   2.9913493e+00   2.1323159e+00   4.0273126e+00   2.4297851e+00   3.3937091e+00   4.5705988e+00   2.8791091e+00   2.3738979e+00   3.2890056e+00   2.1284238e+00
   1.0000000e+00   3.5218961e+00   3.7548011e+00   2.6731700e+00   2.7048941e+00   3.3354696e+00   3.5436469e+00   2.8400352e+00   1.4855679e+00   1.7711256e+00   3.1312350e+00
   2.0000000e+00   3.6279510e+00   4.8978796e+00   4.0391615e+00   4.1649075e+00   2.6890160e+00   2.9173099e+00   2.4717079e+00   2.3049418e+00   3.4771520e+00   2.5196535e+00
   2.0000000e+00   3.8811081e+00   3.7550132e+00   2.0188833e+00   1.4735063e+00   5.2090717e+00   1.9940145e+00   2.6767096e+00   2.6003770e+00   2.4204200e+00   3.3940681e+00
   2.0000000e+00   2.9219890e+00   3.0156104e+00   5.3343030e+00   1.1512258e+00   4.6219944e+00   3.6204417e+00   4.0074395e+00   2.2677844e+00   3.4910930e+00   3.2353927e+00
   1.0000000e+00   3.4111027e+00   3.3795232e+00   3.8997153e+00   3.4657878e+00   3.6810757e+00   2.9063766e+00   2.6289161e+00   4.0077015e+00   3.2876038e+00   2.6090030e+00
   2.0000000e+00   3.5651736e+00   2.3008676e+00   5.1778118e+00   3.8503304e+00   4.3655928e+00   1.6613304e+00   3.4420073e+00   1.1275788e+00   1.6808306e+00   1.7023061e+00
   2.0000000e+00   4.9207382e+00   3.0479307e+00   3.9156195e+00   4.8062120e+00   2.2051890e+00   3.5749290e+00   3.5690165e+00   4.5400510e+00   4.6870357e+00   1.6396119e+00
   2.0000000e+00   3.1158320e+00   2.0274257e+00   5.0966108e+00   2.7676821e+00   1.3538048e+00   2.5294819e+00   3.4231371e+00   3.3170326e+00   3.9395366e+00   3.4552045e+00
   2.0000000e+00   2.1286173e+00   2.6559962e+00   2.9054994e+00   3.7419760e+00   2.6183939e+00   5.0808943e+00   3.8051356e+00   5.1462109e+00   4.4016649e+00   2.8423228e+00
   2.0000000e+00   4.3967088e+00   4.9699547e+00   3.5955821e+00   1.1447783e+00   2.6929666e+00   5.2481617e+00   2.7154363e+00   2.1887526e+00   1.9722006e+00   3.9222591e+00
   2.0000000e+00   1.6648284e+00   4.2187109e+00   2.3633788e+00   4.6034820e+00   2.6233551e+00   4.3526305e+00   2.8089240e+00   2.0146402e+00   2.2356039e+00   1.2976817e+00
   1.0000000e+00   3.4462367e+00   3.4694564e+00   1.9324040e+00   3.2976417e+00   3.8989177e+00   2.7544337e+00   1.8384649e+00   2.5732042e+00   2.7586545e+00   2.8250303e+00
   2.0000000e+00   1.6137454e+00   2.0100592e+00   2.7714584e+00   3.9021924e+00   2.8856519e+00   4.2230797e+00   3.8531652e+00   2.5039049e+00   2.9205073e+00   1.6599234e+00
   2.0000000e+00   4.6677471e+00   5.3039783e+00   2.9735648e+00   2.7191389e+00   3.7468231e+00   2.1212705e+00   2.9385277e+00   3.4616446e+00   1.6556023e+00   1.7808997e+00
   2.0000000e+00   1.8748203e+00   2.9913769e+00   5.0596055e+00   3.0916069e+00   5.1453106e+00   2.2625109e+00   2.9071624e+00   3.1758135e+00   2.5514288e+00   1.7963045e+00
   2.0000000e+00   4.3651477e+00   3.4039586e+00   2.8549168e+00   3.2656858e+00   4.3475203e+00   3.0442161e+00   3.4646598e+00   3.2756549e+00   2.5941722e+00   2.3065212e+00
   1.0000000e+00   2.0838338e+00   3.7687509e+00   1.8461028e+00   2.4107365e+00   3.2260212e+00   2.7771175e+00   3.3187678e+00   2.7803830e+00   4.3501447e+00   3.8887786e+00
   2.0000000e+00   3.1685698e+00   2.1409327e+00   2.9021111e+00   3.9011915e+00   4.3035250e+00   5.0990860e+00   2.7272786e+00   3.1267487e+00   2.8415668e+00   2.5153531e+00
   2.0000000e+00   3.9030643e+00   4.1156923e+00   4.0541526e+00   2.0154330e+00   3.8127040e+00   1.4060354e+00   5.7892719e+00   2.8680145e+00   2.3289852e+00   2.5521846e+00
   2.0000000e+00   3.5143523e+00   2.3462200e+00   3.2173222e+00   5.1044731e+00   2.6145982e+00   3.3608376e+00   3.3179161e+00   4.0496932e+00   1.3261251e+00   3.8793193e+00
   2.0000000e+00   2.4663813e+00   3.9749136e+00   4.9469976e+00   4.0426998e+00   1.3012355e+00   1.3316074e+00   2.2873037e+00   2.6751920e+00   1.6806637e+00   2.8224811e+00
   2.0000000e+00   2.8370342e+00   4.2923752e+00   4.5067966e+00   1.4230423e+00   3.0216118e+00   1.9071940e+00   4.1396744e+00   3.1657395e+00   1.4186848e+00   3.3049278e+00
   2.0000000e+00   2.8823175e+00   2.8194535e+00   2.3975860e+00   2.8426064e+00   2.6134949e+00   5.0242154e+00   7.8361243e-01   4.2294302e+00   2.4005745e+00   1.9515994e+00
   2.0000000e+00   3.5719951e+00   3.5722370e+00   3.3107453e+00   3.3650234e+00   3.2827364e+00   3.8106613e+00   1.6263614e+00   5.4314880e+00   3.6900893e+00   4.0770097e+00
   1.0000000e+00   2.4640026e+00   5.8465493e-01   1.8482359e+00   3.0388205e+00   3.5852266e+00   3.1640733e+00   2.1129666e+00   3.3993024e+00   1.6971772e+00   3.8545309e+00
   2.0000000e+00   5.0017494e-01   1.6130030e+00   3.5659751e+00   3.2493030e+00   2.9157172e+00   4.5623944e+00   3.7254130e+00   1.4629022e+00   4.8426746e+00   1.9820907e+00
   2.0000000e+00   2.8856483e+00   1.1113019e+00   1.5373367e+00   2.5747206e+00   5.2980394e+00   3.5933123e+00   3.6075401e+00   1.5670370e+00   2.6294011e+00   2.3043370e+00
   2.0000000e+00   3.7461442e+00   9.3433410e-01   4.5209265e+00   3.3083932e+00   4.7373561e+00   4.8589697e-01   2.6196467e+00   4.4731948e+00   2.0549066e+00   3.6868910e+00
   2.0000000e+00   2.1947532e+00   4.0002249e+00   5.3202473e+00   3.3631754e+00   2.4577395e+00   1.0660792e+00   3.1223528e+00   2.6100731e+00   3.0064330e+00   4.0416344e+00
   2.0000000e+00   1.3730234e+00   4.3547036e+00   3.3534645e+00   3.2574146e+00   2.3089904e+00   2.1012367e+00   9.0627075e-01   2.8491062e+00   2.8889887e+00   2.6654362e+00
   2.0000000e+00   2.9470988e+00   2.4777557e+00   2.5286929e+00   2.8992744e+00   1.6418094e+00   3.3052010e+00   4.5080778e+00   3.4165420e+00   1.3856810e+00   3.2446013e+00
   2.0000000e+00   1.5589125e+00   1.4676459e+00   3.0304200e+00   3.4992392e+00   5.0761350e+00   4.1279770e+00   3.4095868e+00   2.8824375e+00   4.3580206e+00   2.3500968e+00
   1.0000000e+00   3.8671306e+00   2.4603588e+00   2.3038020e+00   3.2520172e+00   3.7539763e+00   2.4389878e+00   2.6823909e+00   3.1876540e+00   3.8577654e+00   3.9694930e+00
   2.0000000e+00   5.8702289e+00   2.8918823e+00   2.4807734e+00   2.6153584e+00   1.1828891e+00   2.9389284e+00   2.9819063e+00   1.0963369e+00   2.4521864e+00   3.0705261e+00
   2.0000000e+00   3.3815046e+00   2.9710396e+00   1.3024647e+00   2.3732691e+00   2.7563863e+00   1.8666937e+00   3.1610959e+00   4.3961557e+00   3.1165627e+00   3.6465337e+00
   2.0000000e+00   2.4985173e+00   5.2747230e+00   3.9445912e+00   3.5295390e+00   4.2103068e+00   2.0234052e+00   4.4554428e+00   2.3842259e+00   3.5740253e+00   2.9034988e+00
   2.0000000e+00   3.2615491e+00   2.7238126e+00   3.9922842e+00   4.1069459e+00   2.5343067e+00   4.3616554e+00   3.1978756e+00   3.1960351e+00   4.0030875e+00   2.5015782e+00
   1.0000000e+00   2.3176533e+00   2.5299351e+00   3.3951224e+00   3.4083021e+00   3.8297559e+00   3.2956607e+00   4.4561044e+00   2.4046704e+00   2.2454958e+00   3.8404527e+00
   2.0000000e+00   2.9744459e+00   3.8951738e+00   2.9762891e+00   3.0679738e+00   3.8690983e+00   4.0217708e+00   2.3808581e+00   3.0385322e+00   2.9723239e+00   3.5801629e+00
   2.0000000e+00   2.8608711e+00   1.7674215e+00   1.4923321e+00   3.8702432e+00   3.9165789e+00   5.8112044e+00   3.9516385e+00   1.2407245e+00   4.5186629e+00   2.9833929e+00
   2.0000000e+00   4.1608282e+00   1.9025108e+00   3.3208503e+00   6.8354973e-01   3.0645226e+00   3.1740997e+00   2.0523489e+00   5.1930198e+00   2.6466912e+00   3.8793995e+00
   2.0000000e+00   3.3577780e+00   2.5012444e+00   4.4587350e+00   2.0207543e+00   2.5832897e+00   4.9002676e+00   5.2719467e+00   3.2616752e+00   3.2212621e+00   3.6952723e+00
   1.0000000e+00   2.7604869e+00   3.8954163e+00   4.0522387e+00   1.7403033e+00   3.7586183e+00   2.8910738e+00   1.2159198e+00   3.5644800e+00   2.8216772e+00   4.3069761e+00
   2.0000000e+00   3.6884382e+00   1.2282933e+00   3.9768305e+00   9.6461583e-01   2.7307192e+00   3.9672376e+00   3.9844003e+00   2.0966833e+00   2.8604777e+00   3.4190779e+00
   1.0000000e+00   3.4606545e+00   3.6517453e+00   3.4381372e+00   3.1411345e+00   3.4746915e+00   2.6719818e+00   4.0385155e+00   1.5482205e+00   1.7278141e+00   2.1776635e+00
   2.0000000e+00   4.2528748e+00   2.6524300e+00   2.8839310e+00   1.5392434e+00   2.9611754e+00   1.8648014e+00   4.1254269e+00   2.7697691e+00   3.6736237e+00   3.3322340e+00
   2.0000000e+00   2.4337555e+00   2.3815455e+00   1.4540434e+00   2.6043450e+00   5.9816638e-01   9.1673981e-01   2.2623052e+00   3.3679403e+00   3.3434516e+00   3.3772006e+00
   2.0000000e+00   3.0277666e+00   3.5164597e+00   2.8903441e+00   3.1391939e+00   1.6907985e+00   3.5990623e+00   2.7015468e+00   2.9494550e+00   4.4954294e+00   2.7763878e+00
   2.0000000e+00   8.4225629e-01   2.5421808e+00   4.1341660e+00   2.2606237e+00   2.9153292e+00   2.3315103e+00   2.9206267e+00   3.6978468e+00   1.6488423e+00   2.4979767e+00
   2.0000000e+00   2.8182237e+00   5.0670751e+00   3.6233627e+00   3.5366925e+00   4.5711747e+00   1.7237750e+00   1.8406044e+00   2.5411426e+00   2.1122990e+00   3.8657389e+00
   1.0000000e+00   2.6708272e+00   2.8420299e+00   4.3010477e+00   2.7131744e+00   3.9209174e+00   3.3589495e+00   2.7094045e+00   4.0969052e+00   2.5768855e+00   3.6214102e+00
   1.0000000e+00   3.4085902e+00   2.3676436e+00   4.8010213e+00   3.2940013e+00   3.5165885e+00   2.3770059e+00   3.0251435e+00   1.8141572e+00   4.3441841e+00   1.9335900e+00
   2.0000000e+00   2.8353593e+00   4.6094334e+00   3.5496181e+00   3.4481778e+00   3.3703074e+00   1.7978934e+00   2.8056187e+00   2.2797035e+00   3.4690722e+00   4.0393525e+00
   2.0000000e+00   2.2554487e+00   2.0854575e+00   3.6192729e+00   3.4991027e+00   4.8720915e+00   3.8633605e+00   4.6622966e+00   1.3252744e+00   1.6542073e+00   3.0840512e+00
   2.0000000e+00   2.6478469e+00   2.9878163e+00   3.7699160e+00   3.9478499e+00   1.1027616e+00   3.2941367e+00   2.3156516e+00   3.9333003e+00   4.5915685e+00   3.6981601e+00
   2.0000000e+00   3.8314327e+00   2.4818569e-01   2.3987537e+00   2.5061574e+00   2.7378162e+00   2.8071312e+00   3.1935222e+00   3.9216087e+00   1.7245562e+00   1.7758031e+00
   2.0000000e+00   2.4265691e+00   2.6292575e+00   2.9879315e+00   4.6689652e+00   4.3031615e+00   3.4325254e+00   3.2028423e+00   3.0262561e+00   2.5280799e+00   2.0254782e+00
