   1.0000000e+00   1.1090065e+00   1.9550945e+00   3.0434774e+00   1.7989976e+00   1.9539894e+00   1.0633253e+00   1.0942646e+00   1.5432876e+00   4.8258320e+00   2.3483053e+00
   2.0000000e+00   2.8566112e+00   3.4243748e+00   8.9375199e-01   2.9353788e+00   2.7887159e+00   2.9524853e+00   2.8248036e+00   3.1388313e+00   3.1684003e+00   1.2485250e+00
   2.0000000e+00   3.6462921e+00   3.4945264e+00   4.5341205e+00   2.4441259e+00   3.7298742e+00   5.2039754e+00   3.5822034e+00   3.6856625e+00   2.4991196e+00   2.3328197e+00
   2.0000000e+00   3.6577433e+00   2.1281611e+00   1.5948821e+00   3.2638109e+00   3.7794845e+00   3.5282084e+00   2.9867795e+00   4.7812478e+00   5.0111666e+00   3.9788699e+00
   2.0000000e+00   2.9223446e+00   2.8938021e+00   3.6381469e+00   2.3381534e+00   2.1639224e+00   3.7024296e+00   2.7648573e+00   3.2636830e+00   3.2205530e+00   4.9942073e+00
   2.0000000e+00   2.5736800e+00   2.9899963e+00   4.8586475e+00   2.0997566e+00   2.6656220e+00   1.6432258e+00   2.6982655e+00   1.4796988e+00   5.0991953e+00   1.9965620e+00
   2.0000000e+00   3.2716442e+00   2.4961925e+00   2.0574085e+00   2.6771339e+00   3.2725168e+00   3.3086533e+00   4.1701176e+00   2.3769282e+00   4.2238059e+00   3.6648032e+00
   2.0000000e+00   3.2515788e+00   3.2245254e+00   3.6826422e+00   3.2225478e+00   3.3357422e+00   2.2622705e+00   3.5219590e+00   4.3050087e+00   6.0571230e-01   4.9870187e+00
   2.0000000e+00   2.0586362e+00   2.9622592e+00   3.9009460e+00   4.1077146e+00   3.9105020e+00   3.4739185e+00   2.8228506e+00   3.1004993e+00   1.2858187e+00   7.1370697e-01
   2.0000000e+00   2.3879425e+00   2.7672543e+00   4.0704825e+00   2.7793828e+00   3.7800392e+00   1.5304886e+00   2.1704990e+00   3.2803673e+00   1.1946005e+00   3.4030428e+00
   1.0000000e+00   3.3238524e+00   3.7553871e+00   3.6017115e+00   2.5464203e+00   1.5839556e+00   4.2069167e+00   5.6146171e+00   3.6292764e+00   1.9736725e+00   3.1560811e+00
   2.0000000e+00   2.3702949e+00   2.4304681e+00   3.8794608e+00   3.2589201e+00   2.5205696e+00   1.7664561e+00   2.0825926e+00   2.0127989e+00   3.1756042e+00   1.5335671e+00
   2.0000000e+00   2.5738725e+00   3.7460403e+00   4.3529149e+00   2.6457600e+00   2.9659697e+00   2.4262416e+00   3.5582848e+00   2.4137589e+00   3.2769681e+00   3.7829446e+00
   2.0000000e+00   2.6815496e+00   2.8011910e+00   2.7240131e+00   1.5928994e+00   2.5207491e+00   4.4159172e+00   3.2470497e+00   2.3935592e+00   4.0999690e+00   3.3605363e+00
   2.0000000e+00   3.1522027e+00   3.0397405e+00   1.1338332e+00   2.3140237e+00   1.9837581e+00   3.6128232e+00   2.7168510e+00   4.3938893e+00   2.2841653e+00   2.8306244e+00
   2.0000000e+00   3.5375694e+00   3.0145135e+00   2.4981346e+00   3.6123690e+00   2.4858799e+00   1.8361480e+00   3.4936242e+00   2.9385642e+00   4.0467042e+00   2.7203759e+00
   1.0000000e+00   3.1683960e+00   3.2762772e+00   3.0792707e+00   7.9799345e-01   1.7732559e+00   4.5989207e+00   1.4643306e+00   2.0080930e+00   3.1549546e+00   2.1519359e+00
   2.0000000e+00   4.4274599e+00   4.8182484e+00   4.3897283e+00   3.1234103e+00   1.5787464e+00   2.0604038e+00   2.8775513e+00   2.6902548e+00   2.9051016e+00   2.4514249e+00
   1.0000000e+00   4.1267108e+00   2.4884547e+00   3.1059542e+00   3.9762501e+00   2.3312543e+00   3.5703245e+00   2.5983581e+00   3.9159205e+00   3.2481307e+00   3.9233995e+00
   2.0000000e+00   4.4544785e+00   4.7279411e+00   4.8671822e+00   3.7208661e+00   3.9306918e+00   3.5524712e+00   3.3152958e+00   3.3425520e+00   4.1018834e+00   2.9698486e+00
   2.0000000e+00   2.3936815e+00   2.0763227e+00   1.4246402e+00   3.3749536e+00   2.6597239e+00   5.3742927e+00   4.1554388e+00   4.1457943e+00   2.6715411e+00   2.6929785e+00
   1.0000000e+00   4.5649711e+00   1.6163645e+00   3.5851730e+00   3.6703197e+00   4.3410954e+00   4.1095241e+00   4.0136263e+00   2.6214882e+00   2.1919625e+00   2.3008110e+00
   2.0000000e+00   4.2530597e+00   3.2077842e+00   4.1916222e+00   2.4260039e+00   3.1321398e+00   2.9539196e+00   2.3899401e+00   6.2791230e-01   2.6228422e+00   3.2542880e+00
   2.0000000e+00   1.9923734e+00   3.3848585e+00   4.9673452e+00   2.6969474e+00   3.2983465e+00   2.6984467e+00   4.0524715e+00   2.1356054e+00   4.4380385e+00   4.5130435e+00
   2.0000000e+00   2.0686015e+00   3.0560225e+00   1.4877330e+00   3.2301863e+00   3.9100600e+00   1.1255475e-01   1.5558751e+00   3.0814811e+00   3.7134570e+00   2.4747523e+00
   2.0000000e+00   2.9663884e+00   3.2964252e+00   2.3663497e+00   2.5412096e+00   1.8874881e+00   3.9957168e+00   2.5986108e+00   2.4318974e+00   1.9277033e+00   1.9306380e+00
   2.0000000e+00   1.7367087e+00   3.8073707e+00   1.9426862e+00   4.0626488e+00   4.1186340e+00   1.4378899e+00   3.3108892e+00   4.0987136e+00   3.4059262e+00   3.2404206e+00
   2.0000000e+00   3.9198269e+00   4.4598520e+00   4.4702767e+00   2.4178242e+00   2.9949077e+00   2.6825004e+00   1.3598195e+00   1.4425725e+00   2.0759002e+00   3.0827479e+00
   2.0000000e+00   2.3112889e+00   1.9554861e+00   2.4434780e+00   2.7113010e+00   2.5714306e+00   3.9302185e+00   1.0353008e+00   3.2350265e+00   4.5437634e+00   2.4765005e+00
   2.0000000e+00   1.2958701e+00   4.8038248e+00   4.2603234e+00   3.8615075e+00   3.0407262e+00   3.3622144e+00   1.1139442e+00   2.7514839e+00   1.0049509e+00   1.3462668e+00
   2.0000000e+00   2.6950022e+00   2.1378510e+00   1.8030156e+00   4.3731354e+00   3.5136715e+00   3.2694148e+00   1.6141156e+00   3.2810850e-01   1.3838575e+00   2.7890143e+00
   1.0000000e+00   3.0608997e+00   2.5054131e+00   3.5425454e+00   2.8334433e+00   3.0846724e+00   2.4197950e+00   2.5160284e+00   4.9220971e+00   3.8196059e+00   3.2358219e+00
   2.0000000e+00   1.2383883e+00   3.1117885e+00   1.8435118e+00   4.1632714e+00   2.5163179e+00   2.2553758e+00   4.7164674e+00   1.9525797e+00   2.4645207e+00   1.6131669e+00
   1.0000000e+00   3.1245903e+00   1.5363109e+00   3.3713093e+00   2.0097601e+00   4.1792642e+00   2.7880327e+00   3.1480509e+00   3.3224511e+00   3.3953262e+00   3.0790073e+00
   2.0000000e+00   3.4023319e+00   2.1253174e+00   2.3868912e+00   2.6255398e+00   1.9072717e+00   3.8525294e+00   2.1856722e+00   3.7850365e+00   2.4627410e+00   4.3277976e+00
   2.0000000e+00   1.8869355e+00   2.0181160e+00   8.5924572e-01   2.8969725e+00   3.0973674e+00   2.3318611e+00   3.6042238e+00   2.4747433e+00   3.1540779e+00   3.4697307e+00
   2.0000000e+00   2.8796957e+00   1.7402537e+00   2.8147149e+00   2.7628884e+00   1.6099857e+00   3.1535584e+00   3.2973862e+00   4.0638325e+00   9.1698621e-01   3.7469973e+00
   2.0000000e+00   2.9962123e+00   2.0504660e+00   2.3092104e+00   2.1092287e+00   3.2310883e+00   2.5883603e+00   4.1475378e+00   3.7522191e+00   2.2418514e+00   3.9906906e+00
   1.0000000e+00   3.2973347e+00   1.9682492e+00   3.1797870e+00   1.6079488e+00   3.1067300e+00   2.1557881e+00   2.1761748e+00   2.0719105e+00   3.0714978e+00   3.8994080e+00
   2.0000000e+00   4.6417827e+00   2.4984617e+00   2.2399835e+00   2.7171819e+00   2.8735828e+00   2.0538389e+00   1.9123579e+00   3.7918860e+00   1.5251133e+00   3.9210508e+00
   2.0000000e+00   3.6848104e+00   2.6316125e+00   3.4699057e+00   4.4949149e+00   3.8037700e+00   3.0124020e+00   3.7561985e+00   2.7562663e+00   2.7824433e+00   1.7733251e+00
   2.0000000e+00   2.9401917e+00   2.3313304e+00   2.4532478e+00   4.0641317e+00   2.0261572e+00   3.4508983e+00   3.3851847e-01   1.1656520e+00   2.7167005e+00   3.8174216e+00
   2.0000000e+00   1.9143341e+00   1.0946000e+00   1.5934002e+00   3.2220575e+00   1.3652722e+00   1.4852101e+00   3.1397157e+00   3.5975786e+00   2.3708540e+00   5.0551578e+00
   2.0000000e+00   2.3247113e+00   4.7895279e+00   4.3654571e+00   3.9418993e+00   4.3534989e+00   2.2560729e+00   1.5973505e+00   4.8614471e+00   3.0452588e+00   4.0270214e+00
   2.0000000e+00   3.3860263e+00   1.3525073e+00   3.1407241e-02   2.8347461e+00   6.2966879e+00   3.6283834e+00   1.4189355e+00   3.4948390e+00   3.0023681e+00   2.4677405e+00
   1.0000000e+00   3.6961430e+00   4.2033623e+00   3.0923745e+00   3.2607139e+00   2.5162935e+00   2.3105899e+00   4.1933013e+00   2.5865499e+00   2.1920709e+00   3.9291043e+00
   2.0000000e+00   4.2371812e+00   4.3105127e+00   1.1325178e+00   2.8936988e+00   3.3280893e+00   3.4831435e+00   3.9497180e+00   1.8622692e+00   2.9481247e+00   2.0447613e+00
   2.0000000e+00   2.6108985e+00   2.5214084e+00   2.1527246e+00   3.2481932e+00   3.5582551e+00   3.8270320e+00   1.9648603e+00   3.0654071e+00   4.0285911e+00   4.5971858e+00
   2.0000000e+00   3.1877449e+00   1.7876225e+00   3.5236332e+00   2.1979927e+00   3.7752213e+00   1.9633895e+00   1.4513067e+00   2.2718313e+00   3.9123677e+00   1.1209996e+00
   1.0000000e+00   3.9515539e+00   4.3987858e+00   3.4319277e+00   3.6461524e+00   2.2177330e+00   3.6613439e+00   1.4002258e+00   2.0220962e+00   1.8101782e+00   3.3114625e+00
   1.0000000e+00   4.0558853e+00   3.5693772e+00   3.4056669e+00   1.3708596e+00   2.4881086e+00   2.8756680e+00   3.5479167e+00   2.3978370e+00   4.3780456e+00   2.1134421e+00
   1.0000000e+00   3.7861088e+00   1.9185835e+00   3.0738351e+00   1.9104607e+00   3.3074237e+00   3.3530370e+00   1.1505381e+00   1.3071777e+00   3.5307551e+00   3.5355376e+00
   2.0000000e+00   4.0147464e+00   3.0854417e+00   4.5578503e+00   3.6073177e+00   2.2583022e+00   1.9122049e+00   1.5803738e+00   2.8053944e+00   4.7285124e+00   2.8241419e+00
   1.0000000e+00   2.7277598e+00   1.3411986e+00   3.3050784e+00   2.9865127e+00   3.7617581e+00   3.3122513e+00   3.3441202e+00   3.2596494e+00   2.7322585e+00   2.7053696e+00
   2.0000000e+00   3.6724932e+00   4.8849047e+00   3.0252565e+00   2.9454590e+00   4.2038076e+00   2.4848266e+00   2.8876772e+00   3.1864491e+00   3.5565259e+00   1.5520940e+00
   2.0000000e+00   3.2488124e+00   3.6638023e+00   2.7434043e+00   1.5175569e+00   4.5440533e+00   3.2708490e+00   3.6711058e+00   3.2614171e+00   5.2097105e+00   2.7451930e+00
   2.0000000e+00   2.2024588e+00   1.6117581e+00   3.1369817e+00   2.1344794e+00   1.9058547e+00   2.2203991e+00   2.2280740e+00   1.9868281e+00   2.7840393e+00   4.2716636e+00
   2.0000000e+00   2.7128597e+00   4.6154697e+00   2.9649852e+00   4.1199770e+00   4.4009155e+00   1.5373468e+00   3.1274623e+00   1.8002760e+00   3.3502236e+00   3.7531595e+00
   1.0000000e+00   3.9593530e+00   1.2634573e+00   3.1343813e+00   2.8748562e+00   2.2885605e+00   2.7427281e+00   2.9050133e+00   1.7302780e+00   4.6691851e+00   2.7424171e+00
   2.0000000e+00   1.4423766e+00   1.8458052e+00   4.3795327e+00   7.0688665e-01   2.0404999e+00   2.2059537e+00   4.7403651e+00   2.6757736e+00   3.8221391e+00   2.7775567e+00
   2.0000000e+00   2.4960694e+00   3.5646756e+00   3.8338929e+00   2.9403292e+00   3.5235667e+00   3.3427469e+00   2.5547535e+00   2.2660370e+00   3.1781231e+00   3.6241324e+00
   2.0000000e+00   3.1650261e+00   3.8717856e+00  -5.5621507e-01   4.0183676e+00   2.5910990e+00   2.5321231e+00   2.1427982e+00   3.1301481e+00   5.0339996e+00   3.8255973e+00
   1.0000000e+00   2.0839130e+00   3.1486514e+00   3.3718899e+00   4.3139176e+00   2.2623009e+00   3.8755920e+00   3.1553493e+00   5.3962632e+00   3.7460253e+00   3.9099893e+00
   2.0000000e+00   2.6301257e+00   5.1207597e+00   1.7373435e+00   3.0268345e+00   3.3599342e+00   3.2129518e+00   2.9272569e+00   2.0245109e+00   8.6244415e-01   2.6793096e+00
   2.0000000e+00   3.0054796e+00   2.6198566e+00   3.2933064e+00   2.9330924e+00   2.2607575e+00   2.5431482e+00   1.7817537e+00   3.2750911e+00   2.8379575e+00   1.2161585e+00
   2.0000000e+00   2.2508492e+00   2.3908754e+00   3.4385860e+00   2.2942405e+00   3.0067798e+00   3.1562491e+00   2.8081603e+00   1.4588428e+00   2.2451039e+00   4.2999627e+00
   2.0000000e+00   3.8062164e+00   3.4039003e+00   4.0005690e+00   3.7048865e+00   3.1388279e+00   3.2901847e+00   3.0050202e+00   2.5363251e+00   1.9546742e+00   2.9442979e+00
   1.0000000e+00   3.3450766e+00   1.7562945e+00   3.1583318e+00   1.8841582e+00   2.7974202e+00   3.7368550e+00   4.3708925e+00   3.5295054e+00   2.3312837e+00   3.9850756e+00
   2.0000000e+00   1.2944762e+00   2.6817101e+00   1.7808117e+00   1.6445311e+00   3.0655294e+00   3.0122022e+00   1.7344671e+00   8.8968933e-01   2.6112988e+00   4.2044035e+00
   1.0000000e+00   4.2060576e+00   3.4607802e+00   3.6081980e+00   2.4811005e+00   3.2314791e+00  -2.1867194e-02   1.7620392e+00   4.0126369e+00   4.2262215e+00   3.6512313e+00
   2.0000000e+00   4.5772192e+00   2.5712541e+00   4.0573298e+00   3.9301813e+00   2.6445364e+00   3.7802364e+00   9.6120034e-01   4.1590520e+00   1.4614541e+00   2.3382318e+00
   2.0000000e+00   4.0341673e+00   3.0096303e+00   4.3416625e+00   2.1206656e+00   4.4038658e+00   3.7961127e+00   3.9246763e+00   3.4728015e+00   2.0689558e+00   2.3284026e+00
   2.0000000e+00   3.3100837e+00   2.3071562e+00   2.8102657e+00   3.2634634e+00   2.3743743e+00   3.2430243e+00   3.6563513e+00   2.2152079e+00   7.8331245e-01   3.6523666e+00
   2.0000000e+00   6.2939341e+00   4.2845708e+00   3.0118239e+00   2.1875127e+00   4.2686469e+00   2.4026973e+00   1.5599466e+00   4.3265674e+00   4.5685977e+00   3.5678861e+00
   2.0000000e+00   2.4969853e+00   2.9030325e+00   3.4216225e+00   4.7745138e+00   2.6790845e+00   2.6924006e+00   2.0073465e+00   3.1313403e+00   1.3204444e+00   1.9508874e+00
   2.0000000e+00   3.6291150e+00   4.6857048e+00   3.9455678e+00   3.5049375e+00   2.4089802e+00   2.6037924e+00   2.4100348e+00   2.3926498e+00   2.1990328e+00   1.8357960e+00
   2.0000000e+00   3.5020475e+00   2.2240973e+00   4.0738908e+00   1.7948133e+00   3.5027431e+00   3.4468244e+00   2.3129539e+00   1.6732409e+00   4.8379747e+00   1.5938825e+00
   2.0000000e+00   3.9664244e+00   2.4654108e+00   4.2243586e+00   4.0868144e+00  -1.7896219e-01   2.6870872e+00   3.4465800e+00   2.6876875e+00   3.2061264e+00   4.3177640e-01
   2.0000000e+00   3.8164945e+00   2.7731146e+00   1.7929826e+00   1.6613620e+00   2.2092495e+00   2.1383223e+00   3.1091554e+00   3.2541362e+00   4.7395782e+00   2.3061040e+00
   2.0000000e+00   3.5749295e+00   3.6100783e+00   4.0271684e+00   1.4148666e+00   4.5828100e+00   2.8092044e+00   3.0850598e+00   3.9786499e+00   2.9861630e+00   1.0098253e+00
   1.0000000e+00   2.2745822e+00   2.6027608e+00   3.3415941e+00   3.5958264e+00   3.4071444e+00   2.2488440e+00   3.9823465e+00   2.3701621e+00   2.6700950e+00   3.6957802e+00
   1.0000000e+00   3.2997654e+00   2.0315738e+00   3.6374770e+00   2.4813585e+00   3.5673900e+00   2.7333613e+00   1.8196244e+00   3.4233920e+00   2.4979816e+00   2.5845399e+00
   2.0000000e+00   2.3968398e+00   1.6317485e+00   4.9187862e-01   1.9779380e+00   1.8294437e+00   1.4685680e+00   3.5183623e+00   1.9428294e+00   1.2269995e+00   2.7696009e+00
   2.0000000e+00   3.9647532e+00   3.3049993e+00   3.5640037e+00   4.0875410e+00   2.4810762e+00   3.1508529e+00   4.8982961e+00   1.8156096e+00   2.9055285e+00   1.3015961e+00
   2.0000000e+00   1.7416589e+00   1.7454291e+00   3.2497158e+00   1.7632041e+00   2.5315540e+00   2.2907149e+00   3.4264406e+00   4.1542344e+00   4.5967288e+00   4.0798519e+00
   2.0000000e+00   2.5373282e+00   3.8509403e+00   2.7837714e+00   5.4739115e+00   2.0891879e+00   4.8562069e+00   3.9161930e+00   1.5520751e+00   3.9739182e+00   4.3879502e+00
   2.0000000e+00   2.3284675e+00   3.9215679e+00   2.4858868e+00   2.8821753e+00   2.9741383e+00   4.1918780e+00   4.0702120e+00   3.8902546e+00   3.7110556e+00   4.4352340e+00
   2.0000000e+00   2.6010588e+00   3.8377830e+00   2.8428184e+00   2.4336111e+00   2.6842741e+00   3.5628909e+00   4.3845954e+00   4.2196601e+00   1.5893495e+00   1.9386556e+00
   1.0000000e+00   2.7612813e+00   3.5355845e+00   3.3061703e+00   5.0568962e+00   1.6921518e+00   2.1850513e+00   1.8431965e+00   2.5350012e+00   4.2426963e+00   2.2721065e+00
   2.0000000e+00   2.8745110e+00   2.6853976e+00   2.1401530e+00   3.7768867e+00   1.3731548e+00   2.6845541e+00   2.8498801e+00   2.4092066e+00   4.3330406e+00   3.8054036e+00
   2.0000000e+00   2.8234621e+00   3.7108509e+00   1.6633861e+00   2.2901758e+00   1.9528376e+00   2.4774188e+00   2.1682411e+00   1.6772714e+00   4.2086696e+00   2.7480779e+00
   2.0000000e+00   4.4978572e+00   2.7645431e+00   4.3636082e+00   3.9775708e+00   1.7032422e+00   4.0122251e+00   2.3795216e+00   2.3536408e+00   2.0526770e+00   3.7936237e+00
   2.0000000e+00   3.3666994e+00   3.4429695e+00   2.2340009e+00   2.6416034e+00   2.2893595e+00   4.4382733e+00   1.1987542e+00   3.7668161e+00   3.8794386e+00   3.5803397e+00
   2.0000000e+00   4.2073600e+00   4.3578461e+00   2.3334855e+00   3.7095861e+00   1.6501453e+00   3.6701228e+00   3.4949996e+00   3.8246180e+00   4.8454659e+00   1.9467310e+00
   2.0000000e+00   2.4825725e+00   3.6657150e+00   1.8137370e+00   4.0501127e+00   2.7944394e+00   3.8679181e+00   3.1606415e+00   2.8545293e+00   4.8252353e+00   4.0043894e+00
   1.0000000e+00   3.2647604e+00   4.7002024e+00   3.0071686e+00   2.9896482e+00   2.5782132e+00   4.7716382e+00   6.1960884e+00   1.5750114e+00   3.2939136e+00   3.1306567e+00
   2.0000000e+00   2.8476900e+00   2.2851502e+00   2.7269306e+00   2.9748082e+00   2.5566244e+00   3.2500329e+00   3.6087280e+00   2.5737248e+00   2.7638421e+00   2.2550210e+00
   2.0000000e+00   3.9109163e+00   1.3509815e+00   4.5560204e+00   3.7373788e+00   3.4366164e+00   1.9662451e+00   3.0018471e+00   2.5177862e+00   1.7410203e+00   3.7080014e+00
   2.0000000e+00   3.7393892e+00   2.7142058e+00   2.5928215e+00   2.8640191e+00   2.8349052e+00   2.6542967e+00   7.5831820e-01   2.3128034e+00   3.1206049e+00   1.9566878e+00
   2.0000000e+00   3.6271996e+00   4.1507551e+00   2.2622117e+00   3.9603436e+00   2.7330699e+00   3.1600349e+00   3.5906884e+00   2.4542459e+00   2.8559474e+00   3.1516109e+00
