   2.0000000e+00   2.6413672e+00   2.8330989e+00   1.7664180e+00   3.7161889e+00   2.7045781e+00   3.3699773e+00   3.1465255e+00   2.3468716e+00   3.3189274e+00   3.6461050e+00
   2.0000000e+00   1.4865877e+00   3.6452157e+00   3.4703412e+00   3.5768850e+00   3.2367805e+00   3.2590008e+00   3.7072960e+00   4.6201028e+00   1.0688048e+00   3.5083951e+00
   2.0000000e+00   2.7345879e+00   4.5994970e+00   2.3233212e+00   3.1321538e+00   2.8087640e+00   4.3872111e+00   5.2540232e+00   3.1740860e+00   3.0593526e+00   3.3353695e+00
   2.0000000e+00   3.7309784e+00   2.7954474e+00   3.8000993e+00   3.8143997e+00   3.3963456e+00   3.2389202e+00   4.5307691e+00   3.9495172e+00   3.1102903e+00   4.9056844e+00
   2.0000000e+00   4.9553221e+00   1.9836937e+00   1.9035204e+00   2.6671652e+00   3.8756260e+00   2.6051145e+00   3.4549305e+00   9.6654130e-01   2.1693734e+00   4.5947738e+00
   2.0000000e+00   1.5564861e+00   2.0332533e+00   3.0736143e+00   3.0033457e+00   3.7745423e+00   3.1130479e+00   3.1746685e+00   2.2372960e+00   3.3773734e+00   3.4268746e+00
   1.0000000e+00   3.6953967e+00   3.2506356e+00   1.5540660e+00   3.3930053e+00   2.9265604e+00   4.0345085e+00   3.6385124e+00   3.5930233e+00   2.4808107e+00   3.4609230e+00
   2.0000000e+00   3.4828730e+00   5.0217325e+00   3.0338230e+00   2.5582251e+00   2.9602884e+00   2.8077642e+00   3.4779634e+00   2.8859211e+00   2.3247018e+00   2.4980951e+00
   2.0000000e+00   3.0952098e+00   2.8676824e+00   3.0138973e+00   3.2086523e+00   3.0049907e+00   2.8602622e+00   2.6321889e+00   2.9680093e+00   3.0495192e+00   2.1869163e+00
   2.0000000e+00   3.3006335e+00   1.5735964e+00   3.1196674e+00   1.5729748e+00   2.7146095e+00   3.0914943e+00   3.0375408e+00   2.2617766e+00   2.8258534e+00   2.7094322e+00
   2.0000000e+00   3.2965246e+00   1.4597951e+00   4.1317303e+00   1.6512465e+00   5.6490880e+00   1.8602004e+00   2.7629935e+00   2.6745938e+00   4.2775925e+00   3.2306999e+00
   2.0000000e+00   3.6490583e+00   4.2846836e+00   4.5899031e+00   3.3118172e+00   3.6639284e+00   1.8433992e+00   9.6574164e-01   1.5398407e+00   1.9987174e+00   3.5150668e+00
   2.0000000e+00   6.5606432e-01   2.9760407e+00   3.2590939e+00   2.4409480e+00   4.2423787e+00   2.2095200e+00   4.0948183e+00   4.0647124e+00   2.5583226e+00   4.1418708e+00
   2.0000000e+00   2.0798036e+00   2.7342724e+00   4.1050021e+00   1.7370158e+00   3.4726773e+00   4.1941695e+00   1.5362621e+00   2.7965465e+00  -1.7859388e-01   2.5991042e+00
   2.0000000e+00   2.3533318e+00   2.5593927e+00   3.3918474e+00   2.1442317e+00   1.6792281e+00   3.9767222e+00   2.0369505e+00   4.5248932e+00   3.3327468e+00   2.6126952e+00
   1.0000000e+00   3.8696830e+00   3.1599981e+00   1.6313506e+00   2.9328427e+00   2.1403689e+00   1.9216689e+00   4.1326243e+00   3.9642833e+00   2.2292122e+00   1.7998754e+00
   2.0000000e+00   1.6623609e+00   2.6113082e+00   2.1366087e+00   3.6719181e+00   2.1410413e+00   2.2937685e+00   3.9351029e+00   3.2032495e+00   2.9294869e+00   3.1835876e+00
   2.0000000e+00   2.5505714e+00   2.1694290e+00   3.9991194e+00   2.4480148e+00   2.7732007e+00   1.8862278e+00   2.5524055e+00   3.5457776e+00   4.1931252e+00   3.8630659e+00
   1.0000000e+00   2.7758296e+00   3.0180057e+00   2.7985473e+00   1.9231575e+00   3.5199382e+00   2.0857665e+00   1.3699857e+00   3.1183230e+00   3.6266476e+00   3.6367195e+00
   2.0000000e+00   5.4521410e+00   2.4541838e+00   2.6231892e+00   2.1764030e+00   4.3712475e+00   3.4527470e+00   1.5691471e+00   1.7056460e+00   2.1872376e+00   1.1525558e+00
   2.0000000e+00   3.6871220e+00   4.1122807e+00   4.2380023e+00   2.6838704e+00   2.9059653e+00   3.8507015e+00   1.8028296e+00   2.0459778e+00   2.9702698e+00   1.9360839e+00
   1.0000000e+00   2.4933021e+00   3.6414227e+00   3.1805197e+00   2.5955259e+00   3.5980849e+00   4.1615691e+00   2.5368535e+00   2.8497786e+00   3.7564940e+00   1.7762099e+00
   2.0000000e+00   2.3518680e+00   4.2168074e+00   3.6678327e+00   2.7076935e+00   3.9786012e+00   3.8269587e+00   7.2811643e-02   2.8787655e+00   2.3352370e+00   3.4549412e+00
   2.0000000e+00   2.6295998e+00   2.6051491e+00   2.5832515e+00   3.5261257e+00   4.4782327e+00   3.5378096e+00   3.7500025e+00   3.0633049e+00   3.6944964e+00   3.0105482e+00
   2.0000000e+00   1.9112395e+00   2.6348096e+00   3.8064650e+00   2.4858925e+00   3.3986128e+00   3.4072257e+00   2.5991721e+00   4.5895764e+00   5.3266433e+00   4.5132683e+00
   2.0000000e+00   3.2892147e+00   3.4907993e+00   3.1082275e+00   3.4754160e+00   1.7163177e+00   3.9703954e+00   2.8615127e+00   2.9722130e+00   1.2153021e+00   1.2515172e+00
   2.0000000e+00   3.3620795e+00   2.0465381e+00   4.0262626e+00   2.4241134e+00   2.7056228e+00   1.1102145e+00   2.5640611e+00   3.3747677e+00   4.9410800e+00   2.5187627e+00
   2.0000000e+00   2.2734948e+00   3.9852974e+00   3.3595046e+00   1.3799739e+00   4.0051335e+00   4.7580261e+00   3.1865468e+00   2.6188395e+00   2.8024058e+00   4.0642539e+00
   2.0000000e+00   4.1117800e+00   3.5933669e+00   2.8439044e+00   3.3231432e+00   2.5603737e+00   2.9144482e+00   2.9244241e+00   3.1616637e+00   2.0288556e+00   2.9820768e+00
   2.0000000e+00   4.0274735e+00   2.7750220e+00   2.5475063e+00   1.0304870e+00   4.6520210e+00   3.9539109e+00   3.5186146e+00   3.5978894e+00   4.8390118e-01   2.9717573e+00
   2.0000000e+00   2.5088910e+00   2.3993135e+00   2.9930203e+00   3.4768265e+00   4.4455289e+00   4.1716802e+00   5.0221383e+00   2.5887916e+00   3.1963705e+00   2.9237449e+00
   2.0000000e+00   2.0887355e+00   1.2010386e+00   1.8727283e+00   4.1336573e+00   2.2116667e+00   5.7191576e+00   1.0146669e+00   2.3610719e+00   3.4875446e+00   5.2514654e+00
   2.0000000e+00   4.0491549e+00   1.4352371e+00   2.1832325e+00   1.7864445e+00   5.3879232e+00   1.7827445e+00   3.5354652e+00   1.5118964e+00   3.6052500e+00   2.7100118e+00
   2.0000000e+00   2.5886671e+00   2.1575522e+00   1.2630101e+00   2.4533082e+00   2.2439859e+00   1.6418643e+00   1.6368196e+00   2.1395378e+00   3.5438244e+00   3.5637571e+00
   2.0000000e+00   2.6130507e+00   3.8879582e+00   3.4411633e+00   5.2868932e+00   4.5056333e+00   1.1544535e+00   4.9270424e+00   2.3761651e+00   1.9491643e+00   2.5846157e+00
   2.0000000e+00   4.9189522e+00   3.6791135e+00   3.2226033e+00   3.8180208e+00   4.7142249e+00   3.5078382e+00   3.0104882e+00   2.5728131e+00   3.1578039e+00   4.5144576e+00
   1.0000000e+00   2.9547906e+00   3.5059540e+00   2.0794133e+00   2.6523211e+00   1.4747374e+00   4.3230257e+00   1.7663022e+00   1.8749695e+00   2.8144217e+00   2.6083060e+00
   2.0000000e+00   2.9740717e+00   2.2114451e+00   2.9962205e+00   3.0310269e+00   2.6117838e+00   4.4207718e+00   2.2135893e+00   3.9842407e+00   3.3689811e+00   1.8419434e+00
   2.0000000e+00   1.8401648e+00   2.9584948e+00   2.9639572e+00   1.8408719e+00   3.2197110e+00   2.0476879e+00   2.4919560e+00   3.0677256e+00   3.1044629e+00   4.2689696e+00
   2.0000000e+00   2.5592465e+00   4.1372169e+00   2.5619040e+00   2.2662786e+00   2.9109250e+00   4.2201260e+00   1.5914919e+00   3.9716376e+00   3.6477509e+00   2.5937066e+00
   2.0000000e+00   7.8403262e-01   3.0272745e+00   2.4271965e+00   2.7489905e+00   1.9476095e+00   3.3779404e+00   4.4692869e+00   2.9003367e+00   3.2819425e+00   2.9587071e+00
   2.0000000e+00   5.1251539e-01   2.1670450e+00   2.8709023e+00   4.5064748e+00   3.5323460e+00   2.2394328e+00   1.3297117e+00   2.2852941e+00   3.1101854e+00   2.1571127e+00
   2.0000000e+00   2.0011377e+00   7.9391961e-01   4.2739674e+00   1.2466814e+00   2.1942861e+00   3.2072956e+00   2.7643407e+00   2.8351007e+00   2.4106033e+00   2.5893203e+00
   1.0000000e+00   1.8583873e+00   3.4081615e+00   2.9539558e+00   1.3844891e+00   3.5959400e+00   2.6781213e+00   1.2488741e+00   4.5485582e+00   3.2372557e+00   1.7609094e+00
   2.0000000e+00   2.3982767e+00   2.6955266e+00   1.7929543e+00   2.4969598e+00   4.3883320e+00   3.3525659e+00   3.4853885e+00   1.6386332e+00   4.1425320e-01   2.4492501e+00
   2.0000000e+00   3.9229363e+00   2.4628336e+00   2.9535636e+00   3.8120980e+00   3.6985529e+00   3.4480620e+00   2.5177392e+00   2.3889770e+00   1.9092855e+00   2.5181662e+00
   2.0000000e+00   2.1926906e+00   6.9553203e-01   3.5195161e+00   5.2500757e+00   1.7763702e+00   2.3276261e+00   4.1964801e+00   1.4376480e+00   3.1040602e+00   3.5859507e+00
   2.0000000e+00   3.8866217e+00   2.8382419e+00   2.8338862e+00   2.0604906e+00   3.2054347e+00   2.7716863e+00   2.0394749e+00   3.4351128e+00   3.5471407e+00   2.8824627e+00
   2.0000000e+00   2.1262279e+00   3.0403144e+00   2.5486172e+00   4.1475525e+00   5.3008538e+00   2.4287867e+00   3.1054395e+00   4.5260993e+00   1.7696831e+00   3.3476602e+00
   2.0000000e+00   3.6140813e+00   4.1984212e+00   1.6133618e+00   3.7912589e+00   2.0636725e+00   3.4093132e+00   2.3656879e+00   2.6797532e+00   2.8753416e+00   3.9460887e+00
   2.0000000e+00   9.7731598e-01   4.2678822e+00   3.5527051e+00   5.1984440e+00   4.2005024e+00   1.2829251e+00   2.0462025e+00   4.1658627e+00   1.9035904e+00   1.7093569e+00
   1.0000000e+00   3.2693236e+00   3.0046850e+00   2.9540868e+00   1.5990746e+00   2.2298839e+00   3.6252613e+00   3.9244964e+00   2.8630393e+00   3.2912264e+00   2.9580798e+00
   2.0000000e+00   2.2897669e+00   2.6975073e+00   3.6436690e+00   1.5217769e+00   3.0846760e+00   4.5765952e+00   4.7277325e+00   3.6159784e+00   2.5409113e+00   4.1354270e+00
   2.0000000e+00   2.2654576e+00   3.5852669e+00   3.0696662e+00   2.9524915e+00   3.9714561e+00   3.9198175e+00   3.9809417e+00   2.9403902e+00   1.9815221e+00   1.5976954e+00
   2.0000000e+00   1.4143362e+00   2.7638032e+00   3.6802326e+00   3.2100290e+00   3.0004563e+00   2.1330641e+00   4.8303475e+00   1.9275674e+00   1.7167191e+00   3.5048937e+00
   2.0000000e+00   4.4272941e+00   3.5374848e+00   3.0713953e+00   2.0582942e+00   2.7377714e+00   3.1535715e+00   3.3805606e+00   4.0428703e+00   5.0038987e+00   5.0448236e+00
   1.0000000e+00   3.2309824e+00   3.7130313e+00   2.3930578e+00   2.7295112e+00   3.0072469e+00   3.3756139e+00   3.5179324e+00   1.4700440e+00   3.5953653e+00   4.0052845e+00
   2.0000000e+00   3.3565959e+00   2.0280836e+00   2.8851898e+00   3.9511458e+00   3.0686242e+00   3.2346260e+00   3.3770162e+00   4.2369577e+00   4.4237788e+00   2.9006205e+00
   1.0000000e+00   3.8329522e+00   3.0209927e+00   2.4166739e+00   1.4802337e+00   4.1655186e+00   2.5752330e+00   2.4666914e+00   3.3228232e+00   3.9545704e+00   2.4664341e+00
   2.0000000e+00   2.7271975e+00   3.3211133e+00   1.3964575e+00   2.6400566e+00   2.6209712e+00   1.9134298e+00   3.9021430e+00   1.5318759e+00   1.8594774e+00   3.2088718e+00
   2.0000000e+00   1.8510554e+00   2.4182622e+00   2.6885125e+00   2.8740266e+00   3.4678904e+00   2.4853010e+00   2.5081230e+00   2.3254926e+00   4.6089090e+00   3.2912299e+00
   2.0000000e+00   3.9885155e+00   9.6470086e-01   2.3311367e+00   3.3796472e+00   3.2296126e+00   3.3808421e+00   3.3136648e+00   3.3947391e+00   2.8404806e+00   2.2169615e+00
   2.0000000e+00   2.7665346e+00   3.6751502e+00   1.4529495e+00   2.7766708e+00   2.3860469e+00   3.1554469e+00   4.2182686e+00   2.7958132e+00   4.0658628e+00   4.7049616e+00
   2.0000000e+00   2.8362503e+00   8.2791889e-01   3.3703906e+00   3.2983382e+00   2.2609515e+00   2.3500499e+00   3.0755943e+00   1.9373063e+00   6.5725871e-01   3.8137273e+00
   2.0000000e+00   4.3440153e+00   4.2481457e+00   3.4951148e+00   8.9274872e-01   1.7839383e+00   4.6877819e+00   1.8941982e+00   2.8061638e+00   2.0042661e+00   2.8560998e+00
   1.0000000e+00   1.9891680e+00   3.5429551e+00   3.4847432e+00   2.6123145e+00   3.0514602e+00   2.8751954e+00   2.4504478e+00   2.3316577e+00   2.6260978e+00   3.0005074e+00
   2.0000000e+00   2.7588715e+00   5.1094619e+00   3.0175296e+00   2.4763145e+00   3.7417040e+00   1.8310203e+00   1.7003559e+00   2.5930340e+00   2.6734013e+00   1.0958921e+00
   2.0000000e+00   2.5622328e+00   3.9327744e+00   2.8012026e+00   3.0614440e+00   2.9026865e+00   1.7393174e+00   3.5548775e+00   3.0610542e+00   4.3239563e+00   4.6847200e+00
   2.0000000e+00   1.3243368e+00   2.8493396e+00   2.9776098e+00   3.7155894e+00   1.3217614e+00   2.5102032e+00   1.9260184e+00   2.3381452e+00   3.0325581e+00   1.9847464e+00
   2.0000000e+00   4.0141084e+00   1.9844724e+00   2.5414942e+00   8.2208384e-01   1.5575809e+00   2.5358653e+00   1.6350027e+00   4.0867497e+00   2.4070579e+00   4.6626117e+00
   1.0000000e+00   3.1346442e+00   3.8238981e+00   3.3645852e+00   1.8312059e+00   1.3587869e+00   4.3905440e+00   4.1325749e+00   1.1439525e+00   2.8141104e+00   1.3672295e+00
   2.0000000e+00   2.4414113e+00   1.3485573e+00   4.3329655e+00   3.7324678e+00   2.2409893e+00   3.5203682e+00   1.2973054e+00   2.6376820e+00   3.5817451e+00   3.6337900e+00
   1.0000000e+00   2.3944602e+00   3.0207687e+00   3.7215924e+00   4.6319578e+00   3.3001525e+00   4.9729748e+00   3.8503005e+00   2.2408745e+00   2.9090203e+00   2.9596335e+00
   2.0000000e+00   3.5521502e+00   2.7553183e+00   3.5525138e+00   3.8191574e+00   2.6661497e+00   4.6461455e+00   3.1846863e+00   2.9012654e+00   3.5631873e+00   3.6830480e+00
   2.0000000e+00   4.6969561e+00   2.0620294e+00   3.9067912e+00   4.8822170e+00   1.2270796e+00   2.7602452e+00   2.9974757e+00   2.4994543e+00   2.7474404e+00   2.8517662e+00
   2.0000000e+00   1.0771463e+00   4.2467232e+00   3.2954327e+00   3.4982378e+00   2.4902641e+00   3.0202731e+00   1.8910045e+00   3.9317944e+00   1.6105854e+00   2.2174476e+00
   2.0000000e+00   3.7523491e+00   3.3715606e+00   5.1385843e+00   4.4333192e+00   3.1083313e+00   1.2777004e+00   2.2463744e+00   3.0037440e+00   4.8065750e+00   3.5671942e+00
   2.0000000e+00   4.1053609e+00   3.0065437e+00   3.3487340e+00   1.7302224e+00   4.3403980e+00   4.4927570e+00   2.9498551e+00   2.2954828e+00   4.8458217e+00   4.2120808e+00
   2.0000000e+00   3.8488583e+00   2.0569698e+00   2.7578113e+00   3.5651115e+00   4.2575055e+00   2.5488038e+00   4.3311983e+00   3.5398994e+00   4.0605021e+00   4.5661354e+00
   2.0000000e+00   4.3035199e+00   4.9657285e+00   1.8729003e+00   2.7950767e+00   1.5167823e+00   2.9906598e+00   1.9330424e+00   2.9564774e+00   3.5254141e+00   2.2585711e+00
   2.0000000e+00   5.3047244e+00   2.3303084e+00   3.9790671e+00   1.1233175e+00   2.5802446e+00   3.0994986e+00   3.5492641e+00   4.7556841e+00   3.0837933e+00   1.2222202e+00
   1.0000000e+00   2.0377164e+00   3.1674543e+00   2.5654011e+00   2.3404069e+00   2.2614708e+00   3.3513195e+00   2.1004829e+00   3.5861897e+00   3.4916066e+00   2.8839663e+00
   2.0000000e+00   3.6249246e+00   1.6042122e+00   2.4724969e+00   3.1138642e+00   3.8975461e+00   2.5542177e+00   3.7760140e+00   3.5890338e+00   1.1970994e+00   4.7905065e+00
   2.0000000e+00   3.2311520e+00   2.2383672e+00   3.1942900e+00   2.4980103e+00   4.2631342e+00   4.0185512e+00   2.8334346e+00   3.3827245e+00   3.6142896e+00   3.5607905e+00
   2.0000000e+00   2.5399978e+00   1.7792272e+00   2.9029586e+00   2.0607424e+00   2.8981953e+00   3.6263124e+00   3.0325172e+00   2.8699420e+00   4.3409539e+00   2.9834819e+00
   2.0000000e+00   3.0183869e+00   2.1917320e+00   3.1160333e+00   4.0831955e+00   2.3187788e+00   4.7856138e+00   5.0269736e+00   3.2915220e+00   2.9618149e+00   3.2010127e+00
   2.0000000e+00   4.2536614e+00   1.6500672e+00   2.8070661e+00   4.8339248e+00   2.6454637e+00   2.9725575e+00   2.5711129e+00   2.5852414e+00   5.0614625e+00   2.2695486e+00
   2.0000000e+00   2.7034884e+00   4.1708022e+00   3.4259782e+00   3.3634046e+00   2.9678418e+00   3.0623143e+00   4.4998908e+00   2.2770187e+00   2.6803478e+00   2.2283858e+00
   2.0000000e+00   4.7237568e+00   4.0693375e+00   3.4021503e+00   2.3828891e+00   3.5581010e+00   4.0132588e+00   2.6833877e+00   3.9300606e+00   3.9805432e+00   3.6436603e+00
   2.0000000e+00   3.5384251e+00   2.6659966e+00   3.9415943e+00   1.8496284e+00   3.3511568e+00   2.8207037e+00   2.6588710e+00   4.1713274e+00   1.1969010e+00   3.0173295e+00
   2.0000000e+00   3.1885818e+00   4.9021039e+00   4.3237950e+00   1.2748070e+00   1.5935436e+00   2.8030144e+00   3.4030289e+00   3.4033148e+00   3.6116232e+00   5.4598070e+00
   2.0000000e+00   2.8196562e+00   1.0727443e+00   2.8489848e+00   2.6094486e+00   1.6344573e+00   2.8293818e+00   1.5426737e+00   2.5805857e+00   5.0183014e+00   3.6452000e+00
   2.0000000e+00   3.1916631e+00   3.0462332e+00   1.7218485e+00   1.2420916e+00   3.2864093e+00   4.0432257e+00   2.8089977e+00   4.7324852e+00   1.0827480e+00   4.6137237e+00
   2.0000000e+00   2.4592144e+00   3.2491766e+00   3.9939964e+00   1.4346770e+00   2.6983204e+00   3.0369462e+00   2.8362376e+00   2.6962102e+00   4.6002119e+00   4.3071808e+00
   1.0000000e+00   4.8469861e+00   3.7100441e+00   2.1168640e+00   3.7434612e+00   1.4220965e+00   3.6254959e+00   3.9498491e+00   2.7977864e+00   2.4010030e+00   2.3233224e+00
   1.0000000e+00   2.6013594e+00   3.1413958e+00   4.8771892e+00   2.9456357e+00   3.8863294e+00   2.1028474e+00   3.5775525e+00   3.7714388e+00   3.0235248e+00   3.3326368e+00
   2.0000000e+00   2.5028106e+00   2.0083302e+00   5.0356065e+00   4.4716463e+00   2.6760393e+00   3.5078476e+00   5.2139852e-01   3.8661495e+00   2.4138447e+00   2.5978663e+00
   1.0000000e+00   4.5970428e+00   3.1102521e+00   2.9047654e+00   1.8999730e+00   4.1827126e+00   2.7080004e+00   3.5818190e+00   4.1969642e+00   2.3086709e+00   4.7571436e+00
   2.0000000e+00   1.8385728e+00   5.1008276e+00   1.3807408e+00   2.8163156e+00   2.5014516e+00   4.2948980e+00   3.0613583e+00   2.9709315e+00   3.6142766e+00   2.0128751e+00
   2.0000000e+00   2.4137328e+00   2.2714302e+00   3.4875271e+00   2.6307738e+00   3.3485902e+00   3.2941966e+00   3.3519651e+00   3.9236570e+00   3.2312305e+00   3.1732927e+00
