   1.0000000e+00   1.0393344e+00   3.0016526e+00   1.9892564e+00   2.3239187e+00   4.5099440e+00   1.6278461e+00   3.7318335e+00   4.2233852e+00   3.6197567e+00   3.6539742e+00
   2.0000000e+00   3.7022826e+00   2.2523619e+00   2.5699869e+00   3.2248609e+00   2.0941534e+00   3.0260024e+00   1.9119889e+00   3.6122129e+00   2.9450597e+00   1.5500893e+00
   2.0000000e+00   3.7008379e+00   4.1083190e+00   4.5970187e+00   1.6424499e+00   1.5600403e+00   2.8236347e+00   3.9458673e+00   4.3389150e+00   3.1394020e+00   3.6588233e+00
   2.0000000e+00   3.4626128e+00   4.7797847e+00   2.1681745e+00   1.7033423e+00   1.6818851e+00   3.4649377e+00   2.5686356e+00   3.6884947e+00   2.9142702e+00   2.8619357e+00
   2.0000000e+00   3.7698773e+00   1.1863250e+00   3.0774326e+00   1.5866060e+00   1.9154794e+00   3.4115173e+00   4.1714487e+00   3.4575033e+00   4.0759884e+00   3.0968981e+00
   2.0000000e+00   2.2090969e+00   1.3094360e+00   2.7697210e+00   4.6911919e+00   4.0721534e+00   3.4567212e+00   4.0780440e+00   3.6075609e+00   3.5836032e+00   2.5363875e+00
   2.0000000e+00   1.0671241e+00   3.5597468e+00   2.7016869e+00   3.4617510e+00   1.5142249e+00   2.2997586e+00   4.8116304e+00   3.6172044e+00   5.7123735e+00   2.8018283e+00
   2.0000000e+00   2.4510330e+00   2.6375442e+00   2.6978155e+00   2.7329695e+00   3.0440320e+00   2.9145973e+00   5.0293486e+00   3.3441125e+00   2.7800081e+00   3.0377886e+00
   2.0000000e+00   3.7707817e+00   2.6528339e+00   3.4632642e+00   3.6007844e+00   1.9423783e+00   2.0573656e+00   2.0084099e+00   4.6090834e+00   2.2437402e+00   1.4336590e+00
   1.0000000e+00   4.4809711e+00   3.3913880e+00   4.4529828e+00   2.6470752e+00   2.7879595e+00   1.0713376e+00   2.6643248e+00   3.4120668e+00   3.4934648e+00   4.2029653e+00
   2.0000000e+00   2.6278997e+00   3.9340258e+00   2.8352866e+00   5.1102072e+00   2.3224252e+00   1.6193391e+00   3.0486301e+00   3.6463991e+00   2.4162588e+00   1.5831796e+00
   2.0000000e+00   4.1837050e+00   3.1216311e+00   2.3534053e+00   4.2085763e+00   2.3142255e+00   3.8885914e+00   3.2638561e+00   3.8135090e+00   2.8294751e+00   3.6543723e+00
   2.0000000e+00   4.2803801e+00   3.8039194e+00   3.2363987e+00   2.9367770e+00   2.2640545e+00   3.5844111e+00   2.6257783e+00   4.4577545e+00   2.6027629e+00   4.2547438e+00
   2.0000000e+00   1.8040000e+00   5.2966369e+00   3.1213263e+00   1.6574875e+00   2.8397425e+00   4.3027355e+00   2.0183115e+00   1.6326295e+00   3.9814514e+00   3.6551411e+00
   2.0000000e+00   3.4191145e+00   2.6731949e-01   2.3629850e+00   3.4643793e+00   9.0135192e-01   2.4878013e+00   3.5689313e+00   1.6952793e+00   2.7603804e+00   2.1848513e+00
   2.0000000e+00   3.3655710e+00   1.7336238e+00   3.5903259e+00   1.0625151e+00   3.1270008e+00   2.4334218e+00   3.9307570e+00   2.9969512e+00   1.4067160e+00   3.5619012e+00
   2.0000000e+00   3.9913591e+00   3.7010761e+00   4.4605086e+00   1.0969150e+00   2.0750559e+00   2.2374744e+00   3.6389148e+00   3.3181708e+00   4.3623138e+00   2.9034708e+00
   2.0000000e+00   2.7626172e+00   2.0970050e+00   2.7062205e+00   2.1620246e+00   4.0336707e+00   3.9909752e+00   7.6226112e-01   3.5428096e+00   1.5525941e+00   2.1695737e+00
   1.0000000e+00   1.2693577e+00   2.8671305e+00   2.1894684e+00   2.8483038e+00   4.5816778e+00   2.3246412e+00   3.1637107e+00   2.9800806e+00   3.0142810e+00   1.5677630e-01
   2.0000000e+00   2.4911957e+00   3.0756057e+00   7.2943043e-01   1.8922748e+00   2.0490239e+00   2.7833447e+00   3.5384382e+00   4.8325159e+00   3.5855389e+00   2.3623241e+00
   2.0000000e+00   2.6931069e+00   2.4171857e+00   3.6923721e+00   4.3741318e+00   3.8718707e+00   3.2030976e+00   2.8311905e+00   2.8821305e+00   2.7697133e+00   4.2774657e+00
   2.0000000e+00   1.9821018e+00   3.7923589e+00   2.5402116e+00   4.1430517e+00   3.9934741e+00   2.6346903e+00   1.6367977e+00   2.9526488e+00   2.9484604e+00   2.7933869e+00
   1.0000000e+00   3.7001517e+00   4.1060817e+00   4.3855637e+00   3.6119335e+00   1.8829602e+00   4.4719900e+00   3.7121755e+00   2.8145013e+00   3.1340541e+00   3.3999224e+00
   2.0000000e+00   3.0807243e+00   3.9823275e+00   3.1736919e+00   3.2386260e+00   3.3833801e+00   3.9100381e+00   3.5799201e+00   5.2987244e+00   2.5818160e+00   2.3200509e+00
   2.0000000e+00   2.9929633e+00   3.8495226e+00   3.3461360e+00   1.5987812e+00   2.1537818e+00   2.7288591e+00   4.0242242e+00   4.0723989e+00   2.4677030e+00   3.1959424e+00
   2.0000000e+00   4.3788114e+00   4.7727902e+00   3.0148543e+00   3.0969647e+00   4.7205614e+00   3.5696887e+00   1.1532022e+00   2.4347402e+00   2.6350273e+00   2.8708138e+00
   2.0000000e+00   3.3684546e+00   3.2513030e+00   1.3945124e+00   2.8016483e+00   2.9611328e+00   3.9010805e+00   6.3608419e-01   3.0735266e+00   3.3467468e+00   3.4551347e+00
   2.0000000e+00   3.3833299e+00   3.0860461e+00   3.9432083e+00   3.4232878e+00   2.9614648e+00   3.1447001e+00   2.1650298e+00   3.7000054e+00   4.3251795e+00   2.6768032e+00
   2.0000000e+00   3.2394093e+00   2.6662040e+00   3.0620069e+00   3.5628986e+00   2.9186039e+00   2.0481534e+00   3.3788620e+00   3.6970012e+00   2.7937504e+00   1.2418562e+00
   2.0000000e+00   3.8612379e+00   2.6018955e+00   2.3670448e+00   2.3476699e+00   4.8736440e+00   4.3233424e+00   3.1223652e+00   8.5667122e-01   1.8060418e+00   4.6575259e+00
   2.0000000e+00   3.3343418e+00   2.8899809e+00   3.4761469e+00   2.7618080e+00   1.8784177e+00   3.9322944e+00   1.7076574e+00   3.0085300e+00   2.1064265e+00   3.0724053e+00
   1.0000000e+00   3.4064706e+00   3.5827833e+00   1.3068399e+00   3.2989662e+00   1.7557647e+00   2.3203383e+00   2.5206742e+00   3.0548408e+00   3.5962728e+00   4.5616882e+00
   2.0000000e+00   2.5208171e+00   3.5988063e+00   2.0575260e+00   4.4437208e+00   2.7094364e+00   1.3026724e+00   3.6587991e+00   2.7484552e+00   3.9984423e+00   4.6448901e+00
   2.0000000e+00   3.8476388e+00   3.2897333e+00   1.2533465e+00   2.5801803e+00   3.6703276e+00   1.8727186e+00   1.8303868e+00   3.6069212e+00   1.8299490e+00   1.7276197e+00
   1.0000000e+00   1.8034593e+00   5.5841021e+00   5.1184888e+00   3.4906709e+00   2.0060874e+00   3.5994530e+00   4.5779759e+00   3.0905531e+00   3.1191524e+00   2.8302414e+00
   2.0000000e+00   4.3859633e+00   2.6526668e+00   2.4228460e+00   2.3450038e+00   2.3492545e+00   4.1399631e+00   3.1630414e+00   8.2351538e-01   1.9590379e+00   2.9911983e+00
   2.0000000e+00   3.3357519e+00   3.4130958e+00   2.8273276e+00   1.9774070e+00   2.5301903e+00   2.1359037e+00   1.7448732e+00   3.1855491e+00   2.9967007e+00   3.6254170e+00
   2.0000000e+00   2.9528001e+00   3.6534095e+00   2.1085780e+00   3.9482510e+00   2.8863365e+00   2.9365670e+00   3.5639927e+00   9.3045326e-01   2.6648014e+00   3.1690536e+00
   2.0000000e+00   3.8603577e+00   1.2765088e+00   3.4965518e+00   1.4795090e+00   3.8371357e+00   2.4748685e+00   4.3823548e+00   3.1972920e+00   3.9251225e+00   3.4612869e+00
   2.0000000e+00   3.9648419e+00   3.9755576e+00   4.3101426e+00   3.3854982e-01   2.5864612e+00   2.6499632e+00   2.1964762e+00   3.1590699e+00   4.2667244e+00   4.2980079e+00
   2.0000000e+00   1.3020349e+00   2.3225507e+00   3.0113345e+00   3.6717167e+00   4.3139577e+00   1.5916336e+00   2.9956533e+00   4.2844292e+00   2.3894373e+00   2.8707008e+00
   2.0000000e+00   2.2617160e+00   3.2629436e+00   2.1401035e+00   1.2401052e+00   2.7288106e+00   2.9670728e+00   2.8023159e+00   1.7054382e+00   3.6432751e+00   3.4253162e+00
   2.0000000e+00   2.9785071e+00   4.6998861e+00   4.0931185e+00   3.7870475e+00   4.3829645e+00   2.4084819e+00   3.0903335e+00   3.0274005e+00   2.0590990e+00   3.6896780e+00
   2.0000000e+00   4.4995650e+00   2.7333329e+00   4.6131881e+00   2.8465454e+00   1.2802615e+00   2.9004994e+00   4.5733636e+00   6.5107656e-01   2.5993086e+00   2.2801190e+00
   2.0000000e+00   4.3396767e+00   4.7980140e+00   3.4000362e+00   3.7670168e+00   2.8450688e+00   3.9058079e+00   4.8433958e+00   3.7193520e+00   3.6955891e+00   3.0250026e+00
   2.0000000e+00   3.6752849e+00   2.2424540e+00   1.2359798e+00   3.7187604e+00   4.2796529e+00   3.1009916e+00   3.2631836e+00   4.2565709e+00   2.7894504e+00   1.8089212e+00
   2.0000000e+00   3.8242437e+00   2.8250198e+00   2.3216386e+00   3.6460673e+00   4.0559682e+00   3.3642387e+00   1.4472003e+00   3.1978884e+00   2.0292895e+00   9.0971209e-01
   2.0000000e+00   2.7605889e+00   2.2249713e+00   4.2751970e+00   3.2552220e+00   4.1200089e+00   4.4865464e+00   3.2376142e+00   2.1326610e+00   2.9693522e+00   3.4069209e+00
   2.0000000e+00   1.4734121e+00   3.7217038e+00   3.5623689e+00   3.2407574e+00   3.2691761e+00   2.0136579e+00   5.2895166e+00   1.9265086e+00   2.8776250e+00   3.7179288e+00
   2.0000000e+00   2.7105557e+00   2.3350475e+00   2.3951025e+00   2.7326374e+00   4.8280430e+00   2.0084071e+00   2.0929500e+00   2.9736433e+00   2.5662538e+00   3.7582253e+00
   2.0000000e+00   2.0700678e+00   2.9268347e+00   2.9989051e+00   1.7811998e+00   3.3674022e+00   3.9494087e+00   3.7240307e+00   2.3175594e+00   2.6574103e+00   4.0339444e+00
   2.0000000e+00   3.1201387e+00   2.9222068e+00   3.5365340e+00   2.4098408e+00   1.3295323e+00   1.4052908e+00   3.9775810e+00   6.0475037e+00   1.4460044e+00   2.8864813e+00
   2.0000000e+00   2.5305075e+00   3.4554355e+00   3.0788738e+00   2.6724564e+00   2.5094301e+00   4.3543848e+00   4.1147908e+00   3.4177980e+00   2.0430013e+00   3.0444489e+00
   2.0000000e+00   4.9864192e+00   3.3509846e+00   4.2021994e+00   1.4260756e+00   1.5030627e+00   2.3103717e+00   3.9645783e+00   2.8207221e+00   3.5666640e+00   2.6345717e+00
   2.0000000e+00   4.9701357e+00   2.9519278e+00   3.1777063e+00   2.5836000e+00   3.3264472e+00   2.2385513e+00   1.1352463e+00   2.5529073e+00   2.8767210e+00   3.4983130e+00
   2.0000000e+00   3.4065030e+00   1.8031950e+00   4.2220221e-01   1.3474136e+00   3.3234582e+00   2.8891190e+00   3.4045599e+00   2.5873060e+00   2.1342037e+00   4.4756211e+00
   2.0000000e+00   1.1660949e+00   2.9078151e+00   2.4617517e+00   4.4371982e+00   3.1262896e+00   2.3858048e+00   2.4616283e+00   4.6274537e+00   3.0253268e+00   3.9236997e+00
   2.0000000e+00   2.7888151e+00   3.0562042e+00   9.7374094e-01   2.0947361e+00   1.3450022e+00   2.6890319e+00   4.1876645e+00   2.9408187e+00   2.3700144e+00   3.3197693e+00
   2.0000000e+00   4.1093714e+00   2.0329554e+00   2.4382397e+00   2.2073909e+00   2.5936018e+00   8.0854755e-01   3.9098363e+00   2.1941412e+00   3.7335125e+00   5.3841919e+00
   2.0000000e+00   2.9668099e+00   1.6263833e+00   3.9723823e+00   2.9635741e+00   1.7526878e+00   2.9849132e+00   2.3502570e+00   2.2140144e+00   2.1900841e+00   4.6762254e+00
   2.0000000e+00   3.9741066e+00   3.8903712e+00   2.7917204e+00   1.6524569e+00   2.4313681e+00   3.7982673e+00   4.5142498e+00   3.9016864e+00   2.6595441e+00   1.8180351e+00
   1.0000000e+00   4.9871604e+00   3.8975891e+00   3.1011756e+00   2.6424612e+00   3.0047423e+00   4.1882088e+00   3.1765576e+00   3.9130896e+00   3.2609732e+00   4.0867102e+00
   2.0000000e+00   3.2777495e+00   1.6978055e+00   3.6265572e+00   3.0179550e+00   3.3402706e+00   3.3275274e+00   3.5864313e+00   4.4921470e+00   4.0524143e+00   2.9246901e+00
   2.0000000e+00   2.0473221e+00   2.9087378e+00   3.1545246e+00   2.3444648e+00   3.7984973e+00   1.4032062e+00   3.2827094e+00   3.1826442e+00   2.8388335e+00   3.4208168e+00
   2.0000000e+00   3.2844399e+00   3.9524167e+00   4.2183965e+00   3.6298217e+00   3.6565691e+00   2.4068053e+00   3.6526486e+00   3.6928736e+00   2.9832743e+00   2.9479837e+00
   2.0000000e+00   3.3110623e+00   2.8914745e+00   1.6647412e+00   2.3758432e+00   2.4906912e+00   1.0522050e+00   1.4144280e+00   2.3399447e+00   2.8237152e+00   2.4579319e+00
   2.0000000e+00   3.0512244e+00   2.9815009e+00   4.3017371e+00   3.0975590e+00   3.3906554e+00   4.1539439e+00   2.4740605e+00   3.2615060e+00   2.9364182e+00   1.9322580e+00
   2.0000000e+00   4.2245229e+00   3.4319623e+00   1.3813053e+00   3.4560145e+00   4.3612137e+00   2.7821778e+00   3.9292655e+00   2.5488326e+00   2.7472149e+00   7.6513140e-01
   2.0000000e+00   2.2618014e+00   3.8669964e+00   1.2816384e+00   2.8988165e+00   2.9837455e+00   3.8672275e+00   2.7912472e+00   3.1617994e+00   2.0220701e+00   3.7767678e+00
   2.0000000e+00   3.2253371e+00   1.5714505e+00   3.4452906e+00   3.8102561e+00   4.4099413e+00   2.7155320e+00   2.5632487e+00   2.9374741e+00   2.5056903e+00   1.4876904e+00
   1.0000000e+00   1.7613055e+00   4.9383766e+00   2.9376224e+00   2.4960716e+00   2.5277327e+00   3.6312949e+00   3.6861341e+00   2.1126777e+00   3.2565225e+00   3.7611044e+00
   1.0000000e+00   3.2681629e+00   5.1277047e+00   4.8978646e+00   3.7426081e+00   4.3964909e+00   2.0071913e+00   2.6726230e+00   2.9529481e+00   3.4267224e+00   2.8313808e+00
   2.0000000e+00   3.1037275e+00   4.1131867e+00   3.8333923e+00   2.4806900e+00   2.5886563e+00   2.1777835e+00   2.7463889e+00   2.3304081e+00   4.2432728e+00   3.0925843e+00
   2.0000000e+00   1.6400661e+00   1.9346076e+00   2.0731955e+00   3.0946451e+00   3.2016683e+00   3.4613862e+00   1.4124035e+00   3.8439026e+00   2.3299899e+00   2.6642006e+00
   2.0000000e+00   3.3393216e+00   2.5225907e+00   3.6448591e+00   3.1623941e+00   2.1561036e+00   1.7916095e+00   1.8051629e+00   3.4086927e+00   1.5570283e+00   4.1422969e+00
   2.0000000e+00   3.6005813e+00   3.0810325e+00   2.0201665e+00   1.8275522e+00   2.1471255e+00   2.8043059e+00   1.8038030e+00   2.4392716e+00   3.5238643e+00   4.1905277e+00
   2.0000000e+00   4.8653097e+00   2.9263868e+00   1.0446324e+00   5.0897086e+00   2.1513851e+00   2.8039682e+00   3.4293847e+00   2.8623660e+00   3.1009631e+00   3.7699526e+00
   1.0000000e+00   4.1281906e+00   2.4026712e+00   3.4171369e+00   2.7890423e+00   1.3661884e+00   4.0016614e+00   3.3031071e+00   4.0400783e+00   3.2460479e+00   2.9603242e+00
   2.0000000e+00   2.9021466e+00   3.3328074e+00   1.3685546e+00   2.0157159e+00   1.6071473e+00   2.9748491e+00   3.8880078e+00   3.3561995e+00   3.6395112e+00   3.8463520e+00
   2.0000000e+00   2.6982384e+00   3.6730640e+00   4.3135273e+00   2.3632391e+00   2.9479786e+00   1.2838448e+00   3.3199639e+00   2.3649452e+00   2.7739847e+00   1.7068094e+00
   1.0000000e+00   2.2251494e+00   3.1647859e+00   1.8366388e+00   2.1200402e+00   2.9390920e+00   2.1618219e+00   3.4379501e+00   4.1078420e+00   3.2555752e+00   4.3156407e+00
   1.0000000e+00   3.1468100e+00   3.2932986e+00   2.5993521e+00   3.2488665e+00   3.7618831e+00   2.7342542e+00   2.8195921e+00   1.4084028e+00   3.9184817e+00   2.1949563e+00
   2.0000000e+00   1.9074323e+00   3.9702701e+00   2.0014001e+00   4.1455084e+00   3.3060266e+00   3.8564341e+00   3.3329895e+00   1.0318782e+00   3.1407402e+00   3.6150045e+00
   2.0000000e+00   4.6783597e+00   1.9696572e+00   4.2237340e+00   3.1123683e+00   2.7552546e+00   2.9773541e+00   5.5919847e+00   3.8604311e+00   2.0041722e+00   1.9747232e+00
   2.0000000e+00   4.0277850e+00   2.6155565e+00   2.6430758e+00   2.0988977e+00   2.8469402e+00   4.0144035e+00   2.4762221e+00   2.7175140e+00   2.1030561e+00   2.5746960e+00
   2.0000000e+00   3.3957361e+00   2.5587356e+00   3.1988712e+00   2.7668244e+00   2.3134767e+00   2.6198029e+00   1.8609450e+00   2.7147396e+00   2.3563994e+00   2.5206832e+00
   1.0000000e+00   4.2252246e+00   5.0484605e+00   3.8193776e+00   2.5782302e+00   1.9615273e+00   2.0736068e+00   1.8728011e+00   3.9134380e+00   3.1336716e+00   2.0809876e+00
   2.0000000e+00   1.6389739e+00   4.5175820e+00   2.5579055e+00  -3.2595647e-02   2.5009806e+00   3.1079430e+00   2.4034894e+00   1.3761557e+00   1.8568308e+00   3.5265300e+00
   2.0000000e+00   4.0960925e+00   2.9720115e+00   4.7672299e+00   4.3779508e+00   2.0996400e+00   1.9574786e+00   2.5443767e+00   2.9478711e+00   2.6463764e+00   3.1604820e+00
   1.0000000e+00   1.9139908e+00   2.3959397e+00   3.5951687e+00   2.5138426e+00   2.8678993e+00   2.5955269e+00   4.7426700e+00   2.4571014e+00   3.3913168e+00   2.9521219e+00
   2.0000000e+00   3.5188849e+00   3.9513945e+00   2.5987352e+00   3.0900791e+00   2.3702809e+00   4.5567397e+00   1.9775412e+00   3.4664176e+00   1.6736184e+00   2.6822772e+00
   2.0000000e+00   1.3387835e+00   4.0690783e+00   1.8650088e+00   2.5681075e+00   2.8791260e+00   4.2989524e+00   2.9971746e+00   4.2013762e+00   2.3102271e+00   2.8966437e+00
   2.0000000e+00   2.9236105e+00   4.4811392e+00   3.0933987e+00   2.0376866e+00   1.4955468e+00   4.9849614e+00   2.8878097e+00   3.1643834e+00   4.1231959e+00   3.9210604e+00
   2.0000000e+00   3.7629569e+00   3.4104128e+00   2.2535714e+00   3.6621343e+00   3.2919628e+00   3.1360533e+00   4.5960424e+00   1.8040726e+00   2.5604519e+00   2.8530472e+00
   2.0000000e+00   3.8263404e+00   3.5751985e+00   2.8418279e+00   2.4249224e+00   1.3681174e+00   8.3054381e-01   6.3107562e+00   1.9060352e+00   2.4663994e+00   4.0996859e+00
   2.0000000e+00   1.0952466e+00   2.1093938e+00   3.1858394e+00   3.9809881e+00   2.3769392e+00   2.6013164e+00   2.5198232e+00   2.4861400e+00   4.5515063e+00   3.5156490e+00
   2.0000000e+00   5.9456248e+00   3.8375489e+00   5.3849532e+00   4.3731720e+00   3.7096292e+00   1.6741870e+00   2.7566169e+00   3.7286902e+00   3.4577845e+00   4.1532670e+00
   2.0000000e+00   1.2582059e+00   4.6064464e+00   6.0120474e-01   8.7530987e-01   5.9791453e+00   3.0072043e+00   1.5968503e+00   3.1934389e+00   1.6935992e+00   1.3086292e+00
   2.0000000e+00   7.1257572e-01   3.5841276e+00   4.1156417e+00   3.3297961e+00   1.4226670e+00   3.1469470e+00   4.9007742e+00   2.6065274e+00   2.9954080e+00   2.4625915e+00
   1.0000000e+00   3.4042267e+00   1.6509233e+00   3.4164177e+00   3.1002878e+00   2.2480827e+00   6.3564334e-01   3.0875259e+00   1.8877251e+00   3.0903756e+00   4.3441071e+00
