   2.0000000e+00   3.8154432e+00   2.1424161e+00   3.5916137e+00   1.9742578e+00   1.1550803e+00   2.7533910e+00   2.4936423e+00   2.9509590e+00   1.9535634e+00   2.2319858e+00
   2.0000000e+00   2.5236932e+00   4.2926550e+00   2.3964733e+00   3.4977358e+00   3.4054173e+00   1.6814739e+00   1.3817462e+00   3.7454515e+00   2.6700692e+00   1.4081362e+00
   2.0000000e+00   2.5941905e+00   3.3664712e+00   1.4216104e+00   2.7027280e+00   3.3114818e+00   2.5563600e+00   2.3071653e+00   2.7820140e+00   4.0870660e+00   2.7494284e+00
   2.0000000e+00   4.0386594e+00   2.9941991e+00   3.1608507e+00   2.8375381e+00   4.4660170e+00   3.3303626e+00   4.2080677e+00   3.9149812e+00   3.5374161e+00   2.7199472e+00
   2.0000000e+00   2.2153175e+00   2.8842456e+00   2.6808622e+00   3.9895679e+00   3.2628846e+00   2.6978412e+00   2.5191987e+00   1.8030201e+00   2.4100814e+00   3.7353006e+00
   2.0000000e+00   1.8956163e+00   3.0517325e+00   3.9529745e+00   2.5251411e+00   3.2618435e+00   2.0325912e+00   4.3440109e+00   2.9959785e+00   4.3783735e+00   3.9386277e+00
   1.0000000e+00   4.5220678e+00   2.5922125e+00   1.5651095e+00   2.4566024e+00   3.9921802e+00   3.5327924e+00   3.3129938e+00   1.9174554e+00   3.1196138e+00   2.0560110e+00
   2.0000000e+00   2.1487221e+00   1.9726668e+00   3.9430398e+00   2.2888107e+00   3.0513387e+00   3.3958866e+00   3.5535180e+00   1.5679118e+00   1.5067531e+00   3.2379500e+00
   2.0000000e+00   3.5839878e+00   1.1560043e+00   2.5101889e+00   3.2498343e+00   2.1248585e+00   2.2195988e+00   1.6744481e+00   3.6541931e+00   3.4345221e+00   2.6187344e+00
   2.0000000e+00   3.6172946e+00   3.1563269e+00   3.6855166e+00   2.7375283e+00   2.9242316e+00   2.8329301e+00   1.9916391e+00   4.9529624e+00   4.1865530e+00   3.3757398e+00
   2.0000000e+00   3.3104773e+00   2.5760428e+00   3.6255020e+00   8.6008508e-01   2.8415051e+00   2.4909570e+00   2.7264405e+00   3.3648651e+00   4.5325265e+00   4.3932102e+00
   2.0000000e+00   3.4468645e+00   2.1142667e+00   3.2560538e+00   2.3138257e+00   9.9898723e-01   2.0678143e+00   2.7379327e+00   2.4991738e+00   2.8877744e+00   1.7346846e+00
   2.0000000e+00   2.4474586e+00   2.7206587e+00   3.0519740e+00   3.4298285e+00   1.7294273e+00   2.1647153e+00   2.8031183e+00   3.2008060e+00   2.2091061e+00   3.0066784e+00
   2.0000000e+00   3.9333326e+00   3.4301114e+00   2.2084065e+00   2.8987334e+00   3.3232313e+00   9.7889226e-01   4.1138839e+00   2.8825249e+00   1.6312727e+00   3.5152984e+00
   1.0000000e+00   3.8104384e+00   3.0058557e+00   3.7225121e+00   2.9716018e+00   2.7648873e+00   3.3868845e+00   2.2448229e+00   4.2920438e+00   3.2957596e+00   1.3053024e+00
   1.0000000e+00   3.3666848e+00   3.7201262e+00   3.2704500e+00   5.3054162e+00   1.7462715e+00   5.8637503e+00   3.6423007e+00   3.5373910e+00   3.5709650e+00   4.1032426e+00
   2.0000000e+00   1.0172887e+00   3.6056747e+00   4.4088622e+00   1.5428341e+00   3.2919880e+00   3.3139903e+00   1.8892016e+00   3.1814415e+00   3.7807932e+00   3.3181851e+00
   2.0000000e+00   2.3773798e+00   3.7840979e+00   2.5853390e+00   3.2485193e+00   3.4800391e+00   3.7149229e+00   1.9031882e+00   4.1214438e+00   2.6127469e+00   5.4210799e+00
   2.0000000e+00   2.4313144e+00   3.1931176e+00   4.0335102e+00   1.6745464e+00   3.9209688e+00   4.4511438e+00   3.2129726e+00   4.6881995e+00   2.6650093e+00   3.8454956e+00
   2.0000000e+00   4.3311729e+00   2.2414436e+00   5.2098881e+00   1.9791685e+00   3.1841360e+00   1.8295515e+00   4.9455358e+00   3.3040890e+00   2.4526199e+00   3.7923696e+00
   1.0000000e+00   4.0261691e+00   5.1519866e+00   2.6077847e+00   2.9471275e+00   3.7054265e+00   2.3927137e+00   3.8921425e+00   2.3431465e+00   3.1425914e+00   4.5456405e+00
   2.0000000e+00   2.6307083e+00   4.6966246e+00   2.5493723e+00   1.8198416e+00   4.2056718e+00   1.0370810e+00   9.0091863e-01   4.4764531e+00   2.5437352e+00   2.6931512e+00
   1.0000000e+00   4.5325940e+00   1.7855976e+00   2.9282544e+00   2.9828994e+00   7.4170727e-01   3.7558085e+00   2.3285758e+00   3.1754852e+00   3.6707921e+00   4.1750443e+00
   2.0000000e+00   3.2178150e+00   3.1942963e+00   2.9132095e+00   3.4460250e+00   4.1624350e+00   2.3989536e+00   2.2151212e+00   3.7073893e+00   2.8921209e+00   2.8580611e+00
   2.0000000e+00   3.6618493e+00   1.2079377e+00   2.3336465e+00   3.6872951e+00   2.1105477e+00   2.9446787e+00   1.7537534e+00   4.0226668e+00   2.2716226e+00   3.5879491e+00
   2.0000000e+00   8.0649632e-01   4.1806069e+00   3.5477500e+00   4.6263456e+00   3.2136335e+00   8.2638206e-01   4.3039966e+00   2.4913353e+00   3.2576748e+00   3.1509177e+00
   1.0000000e+00   2.4023870e+00   3.0633297e+00   2.9183859e+00   2.5548543e+00   3.9564033e+00   4.4463787e+00   3.0206064e+00   1.6826832e+00   3.6850167e+00   2.7151455e+00
   2.0000000e+00   2.2843528e+00   2.0287205e+00   3.3037461e+00   3.7527828e+00   2.2841261e+00   3.7811736e+00   1.4441449e+00   2.7391567e+00   3.7219836e+00   2.0040036e+00
   2.0000000e+00   2.8975239e+00   1.0133066e-01   2.6495559e+00   1.7954387e+00   3.4281981e+00   2.5132347e+00   3.3097146e+00   4.6147136e+00   4.5150496e+00   3.0009282e+00
   2.0000000e+00   3.3490943e+00   7.5565068e-01   5.6856814e+00   3.8203741e+00   3.4849142e+00   5.8679476e+00   2.7082599e+00   2.6856991e+00   3.9885068e+00   3.1145722e+00
   2.0000000e+00   3.1044769e+00   5.1243760e+00   3.8047960e+00   2.9650776e+00   2.6625319e+00   1.6314902e+00   1.9842938e+00   2.8188315e+00   2.7248482e+00   3.0466005e+00
   1.0000000e+00   2.0308702e+00   1.2048584e+00   3.6455475e+00   2.9042306e+00   2.4660936e+00   1.6879197e+00   3.4755364e+00   2.0968948e+00   3.2697681e+00   3.0263176e+00
   2.0000000e+00   4.7285343e+00   3.7566541e+00   3.5603331e+00   2.7708329e+00   1.8163301e+00   3.7585813e+00   2.0919497e+00   3.9419887e+00   3.5764964e+00   2.7844271e+00
   2.0000000e+00   3.7246251e+00   2.2866680e+00   2.3431166e+00   2.7632665e+00   4.1054907e+00   3.8935352e+00   2.9740039e+00   2.8170911e+00   1.8112884e+00   3.5771312e+00
   2.0000000e+00   3.5046534e+00   3.3483742e+00   3.5714442e+00   3.8120902e+00   3.0710771e+00   2.4489248e+00   2.2668217e+00   2.0349726e+00   3.9909747e+00   3.7457945e+00
   2.0000000e+00   4.2656825e+00   4.1110536e+00   1.8316276e+00   2.2371760e+00   3.2195131e+00   2.6707961e+00   1.2536101e+00   2.9081515e+00   2.3772358e+00   3.8464715e+00
   2.0000000e+00   2.7460876e+00   3.6128335e+00   4.9891213e+00   3.5628238e+00   2.6822054e+00   2.5569510e+00   2.4212008e+00   1.1206431e+00   4.5906397e+00   2.9783048e+00
   2.0000000e+00   2.9848867e+00   4.1382380e+00   3.8228159e+00   3.4648690e+00   4.5721366e+00   2.4194905e+00   2.8003719e+00   2.5016492e+00   4.6661565e+00   2.4894364e+00
   2.0000000e+00   4.5362180e+00   3.3578896e+00   9.0513296e-01   2.7002036e+00   1.4576498e+00   2.6483537e+00   3.4171330e+00   3.0767884e+00   2.6389064e+00   4.6055262e+00
   2.0000000e+00   4.3243798e+00   2.5531160e+00   3.4153104e+00   1.5240707e+00   1.6262283e+00   2.7754193e+00   3.6436854e+00   2.9540293e+00   1.7672289e+00   2.8318771e+00
   2.0000000e+00   1.5017904e+00   5.0614812e+00   2.6892617e+00   3.2374325e+00   4.2151421e+00   3.7000106e+00   2.4992035e+00   3.9643676e+00   2.3920592e+00   2.5772521e+00
   2.0000000e+00   5.1012835e+00   4.1461131e+00   3.4731522e+00   4.7942566e+00   1.5540632e+00   3.9484469e+00   3.2030350e+00   1.7491330e+00   2.6149421e+00   2.2428376e+00
   1.0000000e+00   3.3388783e+00   1.7247423e+00   3.0626843e+00   3.4035518e+00   1.2752114e+00   3.2422222e+00   2.6012374e+00   3.0312232e+00   3.6705141e+00   2.8784597e+00
   1.0000000e+00   2.5088054e+00   1.8506711e+00   3.7069611e+00   2.1301736e+00   3.8038402e+00   3.1002833e+00   3.1155130e+00   3.5267446e+00   3.2459947e+00   3.0590226e+00
   2.0000000e+00   2.7655523e+00   3.7761295e+00   3.0078033e+00   1.9925849e+00   3.5815517e+00   2.3038465e+00   1.6128540e+00   3.3458755e+00   3.5988776e+00   2.6085050e+00
   2.0000000e+00   2.5009711e+00   3.3750239e+00   2.1549554e+00   2.5379643e+00   2.9099661e+00   1.5912779e+00   3.5579261e+00   3.4524174e+00   4.5277269e+00   2.9107512e+00
   2.0000000e+00   2.4120227e+00   3.2622213e+00   3.0111792e+00   3.7010241e+00   2.2929288e+00   2.8199114e+00   2.8841497e+00   3.3127745e+00   2.9408220e+00   1.7676455e+00
   2.0000000e+00   4.0482452e+00   3.2323740e+00   4.0132407e+00   4.0222377e+00   2.0608689e+00   2.0826301e+00   2.8333830e+00   3.1559100e+00   2.9030250e+00   2.3425927e+00
   2.0000000e+00   4.8595493e+00   2.3729239e+00   2.9079352e+00   2.8042048e+00   2.2735548e+00   1.5735779e+00   3.7378115e+00   1.5916194e+00   2.4956033e+00   1.8707114e+00
   2.0000000e+00   4.2630289e+00   3.3152297e+00   2.4793573e+00   3.8730351e+00   2.9487730e+00   4.2851026e+00   1.8475735e+00   2.8481515e+00   2.3870985e+00   3.0352977e+00
   1.0000000e+00   3.5979627e+00   5.0151461e+00   3.2311444e+00   4.9375029e+00   3.5384007e+00   3.4137061e+00   3.7782775e+00   2.9886532e+00   3.3923236e+00   3.9084457e+00
   2.0000000e+00   3.8489404e+00   2.8304395e+00   2.1153869e+00   3.0974197e+00   2.4374169e+00   4.8415706e+00   1.9356396e+00   3.9989126e+00   3.6286089e+00   2.4316206e+00
   2.0000000e+00   2.1509000e+00   1.7671217e+00   2.5825791e+00   3.4748375e+00   1.3958351e+00   4.1847548e+00   3.3070080e+00   3.0483762e+00   2.6350598e+00   2.1061713e+00
   2.0000000e+00   4.6149390e+00   6.3894277e-01   2.5310150e+00   4.9385253e+00   3.0266792e+00   2.2418113e+00   2.7732667e+00   2.3787742e+00   2.8590923e+00   1.9509754e+00
   2.0000000e+00   4.6656703e+00   3.7444239e+00   2.4939626e+00   1.0761095e+00   2.2651428e+00   1.6532424e+00   2.5362735e+00   2.9315414e+00   2.6696379e+00   3.5494885e+00
   1.0000000e+00   1.6691304e+00   3.0986907e+00   5.5231517e+00   2.6727014e+00   3.3119899e+00   1.8522435e+00   3.6529826e+00   2.2757829e+00   3.0009006e+00   3.2359030e+00
   2.0000000e+00   2.2706381e+00   3.3167962e+00   5.1437510e+00   4.6007423e+00   7.9765617e-01   2.2418858e+00   4.0089872e+00   3.1794317e+00   2.3297711e+00   3.1412924e+00
   2.0000000e+00   4.5672524e+00   3.0432483e+00   1.9346069e+00   3.2265291e+00   2.1844199e+00   1.4311817e+00   3.5261228e+00   2.6391238e+00   2.7189520e+00   4.1236175e+00
   2.0000000e+00   2.8889367e+00   1.6639735e+00   3.0140300e+00   3.9145186e+00   3.4894893e+00   3.0600638e+00   3.2009771e+00   3.0811991e+00   4.0842425e+00   1.4941864e+00
   2.0000000e+00   2.7049956e+00   4.1605190e+00   2.2915405e+00   1.8268074e+00   2.0334775e+00   1.8905937e+00   2.8607135e+00   3.5939762e+00   2.6923347e-01   4.3637351e+00
   2.0000000e+00   7.4359470e-01   5.0646222e+00   5.0172554e+00   4.6061966e+00   4.4294096e+00   1.6315372e+00   1.1465737e+00   1.6375251e+00   2.5880539e+00   1.4140021e+00
   2.0000000e+00   3.0082338e+00   3.2927454e+00   5.0709772e+00   4.0735510e+00   3.7452760e+00   3.3091718e+00   1.7967483e+00   2.7607130e+00   1.4631677e+00   4.0353807e+00
   2.0000000e+00   2.5147356e+00   3.4157041e+00   3.1178894e+00   3.9945541e+00   2.1728641e+00   3.4286563e+00   4.0677187e+00   2.0413105e+00   3.5315872e+00   3.2346206e+00
   2.0000000e+00   2.4906669e+00   3.1270841e+00   2.1229487e+00   2.5144386e+00   3.1116322e+00   3.1445903e+00   2.8872293e+00   3.0819564e+00   4.0655722e+00   2.4713603e+00
   2.0000000e+00   1.4981985e+00   3.5417197e+00   2.7840165e+00   3.2385789e+00   2.9647360e+00   3.9795234e+00   2.8072349e+00   3.2116542e+00   4.1881812e+00   3.6606458e+00
   1.0000000e+00   3.5324570e+00   2.6779564e+00   4.2033447e+00   2.9639798e+00   1.6677038e+00   3.3580285e+00   3.0006996e+00   2.6908605e+00   3.3694847e+00   3.8989182e+00
   1.0000000e+00   5.8506934e+00   1.9840470e+00   3.6170449e+00   4.4189220e+00   3.1679856e+00   3.1892169e+00   3.1804035e+00   4.4402575e+00   3.8870973e+00   2.7533852e+00
   1.0000000e+00   2.4651729e+00   3.4781896e+00   1.6516265e+00   1.8621708e+00   3.4094997e+00   1.8427567e+00   2.8460512e+00   3.7673555e+00   3.1371044e+00   3.8773246e+00
   2.0000000e+00   2.9467743e+00   2.8336080e+00   3.2609160e+00   2.9266027e+00   4.2520729e+00   1.7320691e+00   3.7437958e+00   4.2780291e+00   4.2830606e+00   4.6805807e+00
   2.0000000e+00   3.4208454e+00   3.1078037e+00   3.5864769e+00   1.3338882e+00   3.9806012e+00   2.5628449e+00   2.6105316e+00   3.9779166e+00   4.4247441e-01   4.0969155e+00
   2.0000000e+00   2.3006184e+00   1.6682772e+00   3.8901039e+00   3.2884088e+00   1.2866537e+00   3.5649227e+00   1.7647504e+00   4.8469575e+00   1.1933139e+00   4.3988055e+00
   2.0000000e+00   3.5799136e+00   3.8706276e+00   2.0387287e+00   3.5874357e+00   3.5427582e+00   3.1285927e+00   3.6062345e+00   3.5541132e+00   2.4181197e+00   2.1278243e+00
   2.0000000e+00   3.0430050e+00   3.1805107e+00   2.3360084e+00   2.4229129e+00   4.1428870e+00   3.4372267e+00   4.5703014e+00   3.6216252e+00   3.4630380e+00   1.8782239e+00
   2.0000000e+00   2.4354139e+00   2.4488746e+00   1.4309246e+00   2.6214720e+00   2.5349133e+00   2.9886545e+00   2.4877450e+00   2.6353684e+00   4.0368431e+00   1.1952635e+00
   2.0000000e+00   2.9593570e+00   1.6009370e+00   3.3410013e+00   4.2518341e+00   2.2079772e+00   4.1859348e+00   3.9347334e+00   1.6133693e+00   4.3620695e+00   3.9703625e+00
   2.0000000e+00   3.7002163e+00   3.5292353e+00   3.3790983e+00   2.7863896e+00   3.4025755e+00   1.5948394e+00   2.8245560e+00   2.4509836e+00   1.1650800e+00   2.2015642e+00
   2.0000000e+00   2.0843191e+00   3.0987918e+00   4.1392752e+00   1.8786135e+00   2.7481335e+00   6.0481191e+00   3.0059060e+00   3.3866220e+00   4.2436720e+00   2.1189399e+00
   2.0000000e+00   3.1539532e+00   3.5867392e+00   3.4849874e-01   2.4302306e+00   2.5653550e+00   3.0895108e+00   3.4029644e+00   3.8554186e+00   4.8558396e+00   1.8243616e+00
   1.0000000e+00   3.0882895e+00   3.2533295e+00   2.7108593e+00   2.3623977e+00   2.6679574e+00   2.0996768e+00   2.4834791e+00   2.2231455e+00   3.0439923e+00   2.7773744e+00
   2.0000000e+00   2.1966016e+00   4.5543106e+00   4.7207655e+00   3.5175312e+00   2.5500529e+00   2.4658228e+00   3.5738184e+00   1.0069085e+00   1.6202727e+00   2.4843540e+00
   2.0000000e+00   4.2682116e+00   2.6705285e+00   3.0464263e+00   2.8066300e+00   8.9593075e-01   3.6341260e-02   2.4453352e+00   3.4898611e+00   6.0253744e+00   3.2217639e+00
   2.0000000e+00   1.7617588e+00   2.6573367e+00   2.8033278e+00   3.9762477e+00   1.9167542e+00   3.9059081e+00   2.6604795e+00   3.8337248e+00   2.1478124e+00   1.9498745e+00
   1.0000000e+00   3.7612438e+00   3.0913629e+00   2.8616521e+00   2.8436979e+00   3.4406338e+00   3.4568399e+00   3.2460079e+00   2.4415946e+00   3.5640593e+00   2.6913005e+00
   2.0000000e+00   2.1193483e+00   4.5258024e+00   2.7780321e+00   2.8637128e+00   3.0198622e+00   3.3309966e+00   4.8092495e+00   3.8686950e+00   2.6424552e+00   3.1496420e+00
   1.0000000e+00   2.8067827e+00   2.7016513e+00   3.1663533e+00   3.4130207e+00   3.7768215e+00   4.8664732e+00   3.0463516e+00   2.7640855e+00   3.1334290e+00   4.6145990e+00
   2.0000000e+00   4.1070385e+00   3.0977878e+00   3.1333092e+00   2.8330482e+00   7.6769260e-01   3.7698620e+00   2.0670328e+00   3.4789015e+00   4.8666382e+00   4.2222033e+00
   2.0000000e+00   3.2956899e+00   3.2761615e+00   1.9731903e+00   2.6512526e+00   4.7072500e+00   4.9305487e+00   4.2321060e+00   3.2274229e+00   2.2771002e+00   2.6771334e+00
   2.0000000e+00   1.1609863e+00   2.9378775e+00   3.6222256e+00   2.8240897e+00   1.9173233e+00   3.5159476e+00   2.8875437e+00   2.5022886e+00   4.0992725e+00   4.5566299e+00
   2.0000000e+00   2.1955018e+00   2.9255428e+00   3.2616912e+00   4.3077552e+00   3.5105434e+00   3.9690690e+00   3.7958241e+00   2.0710596e+00   4.6841195e+00   3.9998331e+00
   1.0000000e+00   2.1052964e+00   2.3343083e+00   3.4432392e+00   3.0052468e+00   2.6876964e+00   4.4312029e+00   2.6124029e+00   2.3287995e+00   3.7634302e+00   2.1637304e+00
   1.0000000e+00   2.0853900e+00   2.2066792e+00   1.9435937e+00   9.4099134e-01   2.7461816e+00   3.9455883e+00   2.6485658e+00   4.4818986e+00   3.7150773e+00   2.4076713e+00
   2.0000000e+00   3.4315467e+00   2.5935278e+00   4.2525423e+00   1.8931009e+00   4.3172097e+00   2.7119069e+00   1.9800247e+00   1.6988089e+00   4.2443001e+00   2.7223229e+00
   2.0000000e+00   3.2055876e+00   2.9749811e+00   2.5565094e+00   3.0840309e+00   3.1531755e+00   3.1515097e+00   3.7903478e+00   3.5684932e+00   2.6310891e+00   4.4308685e+00
   2.0000000e+00   1.6783293e+00   3.4675882e+00   3.3506138e+00   4.4225112e+00   2.8662948e+00   2.3854888e+00   3.4515972e+00   2.6586429e+00   2.7691525e+00   2.7294947e+00
   2.0000000e+00   6.3534604e+00   1.6431474e+00   4.5257975e+00   7.6162540e-01   7.1496933e-01   2.2705965e+00   1.8972352e+00   3.0641535e+00   2.4959061e+00   4.2882081e+00
   2.0000000e+00   3.1229934e+00   4.6143360e+00   3.7388064e+00   2.0219143e+00   2.7319550e+00   1.7287884e+00   2.3440228e+00   2.3038235e+00   4.0503449e+00   2.9012810e+00
   2.0000000e+00   1.1384730e+00   2.7759023e+00   1.2364457e+00   1.1550121e+00   1.7184917e+00   2.6985630e+00   3.5028366e+00   3.9291391e+00   3.8597678e+00   5.0758587e+00
   2.0000000e+00   2.8190603e+00   2.8412799e+00   3.0207020e+00   2.9740689e+00   2.6674068e+00   3.1150438e+00   2.1365817e+00   2.7024551e+00   3.8723523e+00   4.6374440e+00
   2.0000000e+00   2.4043318e+00   4.2622499e+00   3.2416693e+00   2.7019169e+00   1.9542379e+00   1.3437692e+00   3.6362682e+00   2.5131598e+00   1.4689316e+00   1.1100639e+00
   2.0000000e+00   2.1898486e+00   2.6935162e+00   3.0116472e+00   3.8692639e+00   3.3739366e+00   3.1679048e+00   1.3269152e+00   2.2204841e+00   2.3566956e+00   3.8757431e+00
