   2.0000000e+00   2.4557611e+00   1.9330841e+00   3.3201674e+00   3.9059311e+00   4.5961714e+00   1.9753527e+00   8.9407893e-01   2.2654016e+00   1.5802969e+00   1.0530183e+00
   2.0000000e+00   2.3625734e+00   1.7236159e+00   1.4867514e+00   7.8212771e-01   1.9776838e+00   2.0669221e+00   4.2136561e+00   2.5570813e+00   3.8532096e+00   3.9503974e+00
   2.0000000e+00   4.2766646e+00   2.3360315e+00   3.6951346e+00   2.7997068e+00   2.0597966e+00   3.0054166e+00   1.0236036e+00   3.1641782e+00   3.7686405e+00   4.5676285e+00
   2.0000000e+00   3.5666708e+00   2.4905997e+00   3.1565819e+00   1.7476564e+00   3.3772155e+00   2.6348802e+00   2.1651333e+00   2.8075568e+00   1.1659464e+00   3.2634894e+00
   2.0000000e+00   2.4016169e+00   1.4447859e+00   4.7726229e+00   2.9154046e+00   2.8752241e+00   2.6824318e+00   2.3579921e+00   3.5758176e+00   2.3553360e+00   2.4804404e+00
   2.0000000e+00   2.5046615e+00   2.6467691e+00   1.4552363e+00   2.9718080e+00   2.0063006e+00   4.2913593e+00   4.4765239e+00   2.7910621e+00   1.3405342e+00   5.2581499e+00
   2.0000000e+00   1.9091698e+00   1.4885974e+00   2.8259784e+00   4.6296278e+00   4.3509381e+00   5.0738201e+00   5.9308658e-01   5.4051869e+00   3.1988575e+00   4.4998915e+00
   2.0000000e+00   2.6744763e+00   2.7074991e+00   1.6717461e+00   2.1143530e+00   3.1709455e+00   3.7396621e+00   1.2865505e+00   2.9441746e+00   2.9464640e+00   3.7035743e+00
   2.0000000e+00   2.5857920e+00   2.3406804e+00   4.4267724e+00   3.3722393e+00   3.2153352e+00   9.9326490e-01   4.4520910e+00   3.8439171e+00   3.5012520e+00   2.9923412e+00
   2.0000000e+00   4.2734332e+00   3.1748477e+00   2.7391470e+00   3.8153733e+00   1.6164827e+00   3.9672445e+00   1.7944132e+00   1.7800179e+00   3.0299359e+00   3.1400645e+00
   2.0000000e+00   2.1958950e+00   9.7297672e-01   2.3672001e+00   3.1282601e+00   2.5435835e+00   2.5547086e+00   2.2863355e+00   2.1887419e+00   2.7660183e+00   2.2099621e+00
   2.0000000e+00   1.7288727e+00   1.1534419e+00   3.1524414e+00   2.4130972e+00   3.2329056e+00   1.6467423e+00   2.0075908e+00   3.7162826e+00   3.6879565e+00   3.0319599e+00
   2.0000000e+00   2.2917814e+00   2.6527401e+00   2.5297131e+00   3.4029727e+00   5.2809694e+00   3.3356933e+00   3.8921702e+00   3.7251757e+00   3.2887682e+00   1.5796652e+00
   2.0000000e+00   4.6573598e-01   2.7121710e+00   4.2914815e+00   4.1605196e+00   1.6780730e+00   3.4014802e+00   1.9735299e+00   3.1993459e+00   3.5557405e+00   2.2428516e+00
   2.0000000e+00   3.2936847e+00  -2.0262692e-01   2.4017694e+00   2.0485539e+00   2.1359580e+00   3.2968671e+00   2.8349686e+00   4.4800911e+00   3.1921976e+00   1.5164810e+00
   1.0000000e+00   4.2290829e+00   2.1013541e+00   2.9241788e+00   3.2098434e+00   2.8720163e+00   1.4056365e+00   3.3435924e+00   3.2315908e+00   4.2591126e+00   2.9280431e+00
   2.0000000e+00   2.2659161e+00   2.6467527e+00   3.3289790e+00   4.2421490e+00   2.9014239e+00   4.0127375e+00   2.9148095e+00   2.7288643e+00   2.4513581e+00   2.9951971e+00
   2.0000000e+00   8.7992641e-01   3.6546378e+00   3.2039286e+00   1.5701578e+00   3.1421662e+00   2.8865398e+00   3.6382286e+00   3.5475589e+00   3.8923705e+00   4.6186672e+00
   1.0000000e+00   2.8165547e+00   2.7198304e+00   2.3185883e+00   2.6878401e+00   1.3750795e+00   2.0174783e+00   3.5098136e+00   2.4733178e+00   3.6806038e+00   2.5912602e+00
   2.0000000e+00   3.8362362e+00   3.7303925e+00   2.9885472e+00   3.4748225e+00   5.0009039e+00   3.7852150e+00   3.0625319e+00   2.1318456e+00   1.8926691e+00   9.9201892e-01
   2.0000000e+00   2.0296458e+00   2.4790073e+00   3.3792207e+00   3.2025306e+00   1.9891639e+00   1.8805739e+00   1.9622027e+00   3.3833489e+00   2.5334339e+00   3.5079026e+00
   2.0000000e+00   2.6924476e+00   2.4876489e+00   1.7444279e+00   2.4176761e+00   4.4905083e+00   3.3145834e+00   4.0861561e+00   3.5147341e+00   3.5919620e+00   3.4731705e+00
   1.0000000e+00   1.6503142e+00   3.3621809e+00   1.9816287e+00   2.0947954e+00   2.9202855e+00   3.4561661e+00   3.1541194e+00   2.3789580e+00   3.6632343e+00   3.8335518e+00
   2.0000000e+00   2.2412279e+00   3.2721082e+00   2.9208577e+00   2.4998734e+00   5.1451028e+00   8.1421988e-01   4.8253691e+00   2.7104211e+00   2.8769881e+00   1.3483769e+00
   2.0000000e+00   3.1921385e+00   2.7796836e+00   3.8479104e+00   4.7143168e+00   1.2453729e+00   6.9482064e-01   3.1992081e+00   3.1639429e+00   3.3920947e+00   1.4534127e+00
   2.0000000e+00   2.8056999e+00   3.6100216e+00   2.7549237e+00   2.8687381e+00   2.1440054e+00   2.0735339e+00   3.7033885e+00   4.7170929e+00   2.3651914e+00   3.9059019e+00
   2.0000000e+00   2.7442656e+00   4.5263272e+00   4.5697914e+00   1.5443158e+00   1.9266909e+00   3.7112870e+00   4.3105441e+00   4.3818301e+00   4.6952860e+00   3.7910373e+00
   2.0000000e+00   3.1611711e+00   3.5503940e+00   5.1347632e+00   3.1834948e+00   2.7438025e+00   4.5228668e+00   1.7302864e+00   3.2423120e+00   2.3349296e+00   4.5218894e+00
   2.0000000e+00   2.4929827e+00   2.6080896e+00   1.7729135e+00   4.5547914e+00   2.9425111e+00   2.9276519e+00   4.2291898e+00   1.8130544e+00   4.9572939e+00   1.1067033e+00
   2.0000000e+00   3.2034659e+00   1.8132673e+00   4.8481561e+00   3.6863555e+00   4.3127196e+00   2.9753530e+00   1.9256960e+00   3.1266948e+00   4.2352495e+00   3.6967266e+00
   2.0000000e+00   2.4181661e+00   1.6887224e+00   1.7810486e+00   3.2884366e+00   3.1893140e+00   3.0331596e+00   5.2267779e+00   2.4399807e+00   3.0785067e+00   1.2920706e+00
   2.0000000e+00   3.2287022e+00   3.3583231e+00   2.7417710e+00   2.6880956e+00   2.9418359e+00   2.6288339e+00   1.9812893e+00   3.3027276e+00   3.8069055e+00   2.8703970e+00
   2.0000000e+00   1.8244677e+00   2.7652274e+00   1.4299423e+00   2.1419134e+00   3.0503021e+00   2.6670200e+00   2.0918893e+00   3.8624402e+00   1.9082484e+00   2.7623586e+00
   2.0000000e+00   5.2703839e+00   3.9408901e+00   4.2147817e+00   4.6321035e+00   1.2576646e+00   2.5622973e+00   2.4466237e+00   3.0231183e+00   2.4395817e+00   2.7413310e+00
   2.0000000e+00   1.7501618e+00   3.0353200e+00   3.7930706e+00   2.7580035e+00   2.8932777e+00   4.5891878e+00   2.0129487e+00   2.9175333e+00   1.7495570e+00   4.5954454e+00
   2.0000000e+00   4.1154502e+00   2.6210866e+00   4.3391863e+00   2.4401587e+00   4.7008383e+00   1.3157416e+00   2.5182802e+00   1.9048737e+00   3.6504160e+00   3.6334510e+00
   2.0000000e+00   2.2543606e+00   1.7797143e+00   2.9395191e+00   3.2320105e+00   3.5172993e+00   3.4891136e+00   2.9568460e+00   3.8147157e+00   3.5527875e+00   3.1833303e+00
   2.0000000e+00   1.2724593e+00   3.9472778e+00   1.5328311e+00   2.8638104e+00   5.9655866e+00   3.2363983e+00   2.0590790e+00   3.6259100e+00   2.4601737e+00   3.5479710e+00
   2.0000000e+00   1.9910635e+00   5.1220472e+00   1.9415324e+00   2.2370517e+00   3.8107045e+00   3.4173824e+00   4.5038099e+00   2.7148546e+00   2.6247569e+00   2.2690977e+00
   2.0000000e+00   2.7171824e+00   4.7377829e+00   2.8658037e+00   4.0692234e+00   2.0798862e+00   2.4018869e+00   1.0841557e+00   1.7013864e+00   3.5612165e+00   4.8493678e-01
   1.0000000e+00   2.8976737e+00   2.4197492e+00   2.5999647e+00   3.2411836e+00   1.9871055e+00   3.0839135e+00   3.2386894e+00   3.9226636e+00   1.9463556e+00   2.2442697e+00
   2.0000000e+00   2.0099166e+00   2.4961715e+00   4.5970642e+00   3.9466985e+00   5.0915208e+00   4.0582174e+00   3.7854680e+00   2.1013101e+00   2.7454727e+00   1.7151541e+00
   2.0000000e+00   1.6474600e+00   1.7904726e+00   3.1763659e+00   1.8143711e+00   4.2213275e+00   3.0191142e+00   8.5256228e-01   1.9792630e+00   2.3763788e+00   4.0321566e+00
   1.0000000e+00   4.9326522e+00   2.8029829e+00   2.0632735e+00   3.1817857e+00   1.4872989e+00   2.1009542e+00   3.2728511e+00   3.8251122e+00   2.7762817e+00   2.4083311e+00
   2.0000000e+00   3.2450534e+00   1.3535031e+00   2.9988664e+00   4.0326861e+00   3.9137891e-01   8.0239890e-01   2.0716414e+00   3.5955521e+00   2.8499865e+00   1.4188319e+00
   2.0000000e+00   3.6887637e+00   1.6301676e+00   1.5628891e+00   2.4917593e+00   1.9207997e+00   3.4986143e+00   3.4908825e+00   2.9652151e+00   2.2280351e+00   1.2379441e+00
   2.0000000e+00   1.5420248e+00   3.6486545e+00   1.7754326e+00   4.4590322e+00   4.4960445e+00   4.3239462e+00   2.8988185e+00   2.4859184e+00   2.4464731e+00   3.2408110e+00
   1.0000000e+00   2.1660305e+00   3.9543277e+00   2.5453001e+00   2.4297769e+00   2.7624906e+00   3.0536667e+00   3.4061614e+00   2.9445953e+00   2.4069467e+00   2.5187673e+00
   2.0000000e+00   2.1131795e+00   2.9542346e+00   3.2830233e+00   2.2792774e+00   2.4945859e+00   2.7944476e+00   2.6782008e+00   3.6178718e+00   2.6847007e+00   3.4333147e+00
   2.0000000e+00   4.3054605e+00   3.4233708e+00   2.9114438e+00   2.3970895e+00   3.3402818e+00   3.8152821e+00   2.3009179e+00   2.9821432e+00   2.6339705e+00   2.0272322e+00
   2.0000000e+00   2.4333570e+00   4.2068919e+00   4.0142505e+00   2.5272111e+00   1.9072250e+00   4.5730723e+00   5.1505749e+00   4.0106550e+00   2.6238625e+00   3.4005549e+00
   2.0000000e+00   4.7679382e+00   2.9933590e+00   4.0035803e+00   3.0093749e+00   4.4049794e+00   3.2498813e+00   3.5139846e+00   2.5606195e+00   2.2880239e+00   3.9893860e+00
   2.0000000e+00   2.0200413e+00   3.1940120e+00   1.9579114e+00   2.6145415e+00   2.7312238e+00   8.2651640e-01   2.2515879e-01   2.4657168e+00   1.3335798e+00   2.4162089e+00
   2.0000000e+00   3.3590037e+00   4.0740301e+00   3.1990950e+00   5.6971165e+00   3.1868999e+00   3.7864171e+00   2.6997308e+00  -3.3136001e-02   3.0527795e+00   4.7995378e+00
   2.0000000e+00   3.8508681e+00   3.6675720e+00   2.3121243e+00   2.2454020e+00   2.2269888e+00   3.4240757e+00   2.9125908e+00   3.7007583e+00   3.7863855e+00   1.3450156e+00
   2.0000000e+00   5.1922799e+00   3.2057858e+00   3.7795636e+00   3.3510336e+00   3.5690318e+00   2.9384982e+00   1.5859220e+00   4.6574110e+00   1.7720963e+00   4.6212545e+00
   2.0000000e+00   2.1912282e+00   2.8993562e+00   1.0811777e+00   3.7584977e+00   4.1594499e+00   2.4309789e+00   2.9845363e+00   2.2058903e+00   3.2696962e+00   4.0982082e+00
   2.0000000e+00   3.2632292e+00   2.5490660e+00   2.8123785e+00   1.8902730e+00   2.9037087e+00   2.9455401e+00   2.3224075e+00   3.7580508e+00   3.1017295e+00   3.3516083e+00
   2.0000000e+00   2.4015787e+00   1.1853350e+00   1.7545076e+00   1.5962969e+00   1.3922770e+00   3.8282014e+00   4.3223231e+00   3.7788843e+00   2.4058434e+00   4.2423569e+00
   1.0000000e+00   3.3336438e+00   3.6296805e+00   4.0577779e+00   2.1582444e-01   1.9678428e+00   2.4812578e+00   3.2333915e+00   3.2614271e+00   1.3023691e+00   2.7228466e+00
   2.0000000e+00   2.2562362e+00   3.9487299e+00   4.1170804e+00   2.5663304e+00   3.2754935e+00   4.2551525e+00   3.1964898e+00   1.2075778e+00   3.7596296e+00   1.2413498e+00
   2.0000000e+00   3.2834729e+00   3.3359760e+00   1.8465906e+00   3.5160765e+00   2.6860597e+00   4.1220094e+00   2.8182622e+00   3.9283183e+00   2.1092312e+00   3.5221367e+00
   2.0000000e+00   2.1710119e+00   3.0964019e+00   3.2661163e+00   4.5674760e+00   4.3013997e+00   3.0287438e+00   2.5632491e+00   4.4238100e+00   1.8154817e+00   1.8389984e+00
   2.0000000e+00   2.6229793e+00   2.2315672e+00   3.4144484e+00   2.3758597e+00   1.7178050e+00   3.3391328e+00   2.8539878e+00   2.7028039e+00   3.4440954e+00   2.3122053e+00
   2.0000000e+00   3.5451480e+00   2.1418595e+00   2.4288848e+00   3.0361277e+00   3.7656931e+00   3.2295408e+00   1.0500397e+00   1.8461438e+00   2.9360078e+00   3.2465317e+00
   2.0000000e+00   2.3678557e+00   3.1958908e+00   2.8823722e+00   1.9520876e+00   3.2761183e+00   3.5353242e+00   2.6615919e+00   4.5820860e+00   1.9097646e+00   3.0197711e+00
   1.0000000e+00   1.8170049e+00   1.6469675e+00   1.8474425e+00   2.7355557e+00   3.9213148e+00   1.7048520e+00   3.8080037e+00   4.2272635e+00   3.2459677e+00   3.5168874e+00
   2.0000000e+00   3.5458008e+00   2.0568367e+00   2.8845001e+00   3.4969354e+00   1.3600558e+00   2.6025147e+00   1.7320783e+00   3.4453584e+00   1.0954557e+00   4.1804264e+00
   2.0000000e+00   3.2343550e+00   4.1539097e+00   4.2967227e+00   2.0317267e+00   2.1146598e+00   3.7792472e+00   4.2576494e+00   2.2873044e+00   3.7427553e+00   4.5787299e+00
   1.0000000e+00   5.2578013e-01   3.5813402e+00   1.8632003e+00   2.0235079e+00   3.9678617e+00   1.5597686e+00   3.4994316e+00   3.3027314e+00   3.2572141e+00   2.7343982e+00
   2.0000000e+00   3.8281890e+00   3.5289021e+00   4.7399882e+00   8.8477476e-01   2.1574482e+00   2.6149099e+00   2.7297223e+00   3.1918158e+00   2.8502653e+00   1.9850328e+00
   1.0000000e+00   3.4965464e+00   2.9069862e+00   2.4919758e+00   2.8537828e+00   4.3452573e+00   4.0332738e+00   3.2171119e+00   1.6696916e+00   2.1862855e+00   3.6866540e+00
   1.0000000e+00   3.8961927e+00   1.8208578e+00   4.0022237e+00   4.2160857e+00   3.0918124e+00   3.1271802e+00   3.3002852e+00   1.9574357e+00   3.1895450e+00   3.0913334e+00
   2.0000000e+00   3.1928097e+00   1.1026121e+00   1.5266292e+00   1.2778838e+00   3.9510500e+00   2.8846092e+00   4.3523252e+00  -3.6944908e-01   3.8178004e+00   2.1321737e+00
   2.0000000e+00   2.4080871e+00   2.0159358e+00   2.5534099e+00   3.8038534e+00   4.6596111e+00   4.1346449e+00   1.8902802e+00   2.8351606e+00   2.0492719e+00   3.4193761e+00
   2.0000000e+00   2.5321824e+00   1.0397346e+00   2.8009934e+00   3.8857660e+00   3.4398781e+00   1.1560046e+00   2.4614861e+00   3.7873758e+00   3.9707040e+00   2.1317725e+00
   2.0000000e+00   3.3044429e+00   3.2782122e+00   2.8337563e+00   2.9770035e+00   2.0064034e+00   4.0819410e+00   2.9348101e+00   3.3010609e+00   2.3124451e+00   2.5726529e+00
   2.0000000e+00   2.1102003e+00   1.6187225e+00   8.3710904e-01   2.8916259e+00   2.0213127e+00   2.0291979e+00   2.3087908e+00   2.0687587e+00   3.4300813e+00   3.4227310e+00
   2.0000000e+00   3.9382427e+00   3.7336485e+00   3.0618148e+00   3.1218267e+00   4.0967049e+00   3.9662970e+00   3.3322355e+00   2.1659221e+00   3.7408428e+00   5.1857647e+00
   1.0000000e+00   3.9631016e+00   1.5278523e+00   4.9924880e+00   2.4717982e+00   3.4778213e+00   2.8087116e+00   3.1191149e+00   4.3097078e+00   2.2320328e+00   2.4643291e+00
   2.0000000e+00   3.0825070e+00   2.9104519e+00   3.7142898e+00   3.2699038e+00   2.3471084e+00   3.6554435e+00   5.3347827e+00   4.0336278e+00   3.0269577e+00   5.9340094e+00
   2.0000000e+00   3.4627900e+00   2.2013749e+00   4.6514858e+00   5.2144788e+00   3.2244751e+00   2.7667744e+00   2.9645540e+00   4.3482659e+00   2.9373511e+00   1.5770118e+00
   2.0000000e+00   4.2532444e+00   3.6664659e+00   2.8295465e+00   2.9686586e+00   1.7562466e+00   4.3600860e+00   2.9038031e+00   2.2871760e+00   3.1724403e+00   4.0472117e+00
   2.0000000e+00   2.1992646e+00   3.8800585e+00   2.0977551e+00   3.4119324e+00   3.6919055e+00   2.5284790e+00   3.2839345e+00   3.3457666e+00   2.2051502e+00   4.5040912e-01
   2.0000000e+00   2.6010018e+00   2.1753001e+00   2.5551096e+00   2.6773764e+00   1.5249398e+00   1.9186408e+00   3.7425441e+00   3.8554145e+00   4.1836476e+00   5.1631956e+00
   2.0000000e+00   2.8922362e+00   2.8183848e+00   2.0987578e+00   3.6814052e+00   1.4803912e+00   3.2366326e+00   4.1907062e+00   3.5349796e+00   2.0912812e+00   4.3523022e+00
   2.0000000e+00   2.0080821e+00   4.2225592e+00   2.3943119e+00   5.4309502e+00   5.4260593e+00   2.5468750e+00   2.1784885e+00   1.6166516e+00   2.6536526e+00   4.8753104e+00
   1.0000000e+00   2.1181688e+00   2.6053154e+00   8.6406608e-01   3.8059168e+00   4.1259068e+00   1.7938465e+00   3.8185464e+00   2.8628752e+00   3.2626452e+00   2.5349764e+00
   2.0000000e+00   4.7499534e+00   3.8503453e+00   3.7215149e+00   1.7960427e+00   5.1153548e+00   1.9687851e+00   3.2902627e+00   6.3896490e+00   2.3231610e+00   4.0890022e+00
   2.0000000e+00   4.8104943e+00   3.3221034e+00   5.2418392e+00   3.1315907e+00   2.8939434e+00   2.2950014e+00   2.1553703e+00   3.3652786e+00   3.8279916e+00   3.3068104e+00
   2.0000000e+00   3.3884807e+00   1.4455358e+00   2.7685253e+00   2.2856666e+00   2.9695464e+00   2.6147577e+00   4.0458733e+00   2.7237713e+00   4.4435932e+00   2.3290939e+00
   2.0000000e+00   1.8888380e+00   2.6885060e+00   2.7674362e+00   2.6636704e+00   4.3374017e+00   3.2368600e+00   3.4867607e+00   5.3291461e+00   3.6838801e+00   4.0771659e+00
   2.0000000e+00   1.4317987e+00   2.1518722e+00   3.9165318e+00   4.7678213e+00   2.5597056e+00   3.2044227e+00   5.0291706e+00   2.2210297e+00   3.0824299e+00   2.5676913e+00
   2.0000000e+00   4.4512501e+00   3.9663584e+00   2.8973843e+00   1.7481009e+00   1.6890950e+00   2.9276698e+00   4.0610498e+00   2.1527585e+00   4.0644946e+00   2.3540387e+00
   2.0000000e+00   4.5088699e+00   2.6355329e+00   3.2080342e+00   4.5263429e+00   1.8305491e+00   9.9777318e-01   2.3029715e+00   2.8433003e+00   3.8721467e+00   2.8136708e+00
   1.0000000e+00   3.2578871e+00   4.2206686e+00   1.9377921e+00   3.3862623e+00   2.9061552e+00   3.7221145e+00   3.5982565e+00   3.5983857e+00   2.9698457e+00   3.2001765e+00
   2.0000000e+00   5.2347503e+00   2.2897393e+00   2.6103334e+00   2.6012790e+00   4.0074047e+00   2.4636797e+00   2.8899129e+00   1.4857456e+00   3.1490233e+00   1.5891260e+00
   2.0000000e+00   3.4205137e+00   3.3257918e+00   2.2059616e+00   3.3673629e+00   2.7217959e+00   2.7329493e+00   2.0880631e+00   1.7875676e+00   4.7371618e+00   1.8892390e+00
   2.0000000e+00   4.0489790e+00   2.9382208e+00   1.5249236e+00   4.0703858e+00   2.7702369e+00   1.5566637e+00   3.8610099e+00   3.0520295e+00   1.0846207e+00   4.0849808e+00
   2.0000000e+00   3.6261145e+00   1.1060817e+00   4.4549777e+00   3.8346260e+00   3.6507076e+00   3.9638769e+00   3.1348552e+00   3.5810734e+00   1.5952085e+00   1.8428896e+00
