   2.0000000e+00   3.5234030e+00   3.1319421e+00   3.1600716e+00   1.5406013e+00   2.3505869e+00   2.5426085e+00   2.1671552e+00   3.5528970e+00   4.0296838e+00   2.8265750e+00
   1.0000000e+00   4.7200649e+00   2.4870048e+00   2.7834275e+00   2.5162460e+00   3.8833468e+00   3.0834557e+00   2.3229132e+00   4.6727120e+00   1.8653082e+00   9.3450659e-01
   1.0000000e+00   3.8278117e+00   2.1825755e+00   2.4226969e+00   3.4089679e+00   3.4554356e+00   3.7975941e+00   2.5446523e+00   2.6953744e+00   1.4130075e+00   3.4558605e+00
   2.0000000e+00   4.2313169e+00   2.7975422e+00   3.6594200e+00   3.9159165e+00   4.0684087e+00   2.1500540e+00   1.4305110e+00   3.7088550e+00   3.0374526e+00   2.0188742e+00
   2.0000000e+00   3.4845082e+00   3.6443353e+00   4.0148067e+00   3.3495601e+00   2.8100042e+00   2.8591078e+00   2.3168853e+00   4.1720432e+00   1.5595145e+00   2.1394844e+00
   1.0000000e+00   5.1199149e+00   4.4215592e+00   3.3798331e+00   2.8195812e+00   3.2838368e+00   3.9865682e+00   3.0125634e+00   4.1156746e+00   3.4937458e+00   2.8824195e+00
   2.0000000e+00   3.0765195e+00   2.9439082e+00   1.4699220e+00   3.4208409e+00   9.6135464e-01   2.4260591e+00   2.4507413e+00   2.3896739e+00   1.6371345e+00   2.2082812e+00
   2.0000000e+00   1.3059172e+00   2.0153187e+00   3.9611703e+00   3.8182231e+00   4.8486853e+00   3.7951142e+00   3.7719815e+00   1.0136426e+00   2.8627144e+00   1.4655914e+00
   2.0000000e+00   1.9168137e+00   2.9040107e+00   4.7170386e+00   3.5246189e+00   3.5132337e+00   1.3249677e+00   3.8379401e+00   4.6885815e+00   3.6704911e+00   3.0836350e+00
   2.0000000e+00   2.0477871e+00   3.3128944e+00   5.4319689e+00   3.3916989e+00   3.2751446e+00   3.6650183e+00   3.7389690e+00   4.2141901e+00   2.3444834e+00   3.7980014e+00
   1.0000000e+00   1.6352465e+00   3.2190312e+00   3.1190405e+00   3.6743132e+00   3.5672537e+00   2.9246596e+00   3.4545915e+00   2.0304315e+00   3.4587807e+00   2.1768082e+00
   1.0000000e+00   1.7806589e+00   4.5865596e+00   2.1054426e+00   2.2109790e+00   3.4330301e+00   2.6360356e+00   3.2626434e+00   4.4053275e+00   2.2330003e+00   2.7553289e+00
   2.0000000e+00   4.7660912e+00   1.8831513e+00   1.8862639e+00   6.8782787e-01   2.3344228e+00   4.1915836e+00   4.0197661e+00   2.8355032e+00   2.4736207e+00   3.3054984e+00
   2.0000000e+00   3.6313312e+00   3.5894300e+00   3.6079436e+00   4.0850500e+00   1.1604936e+00   2.9303386e+00   2.7431027e+00   3.5485201e+00   3.8138831e+00   3.1350306e+00
   2.0000000e+00   2.9676184e+00   3.6799367e+00   4.7015351e+00   2.8899601e+00   3.4101216e+00   2.0646716e+00   1.6881310e+00   3.0474150e+00   3.3887139e+00   2.2661879e+00
   1.0000000e+00   2.2366240e+00   2.1819240e+00   2.3045186e+00   3.1579932e+00   3.3978454e+00   2.6600875e+00   2.5021757e+00   4.6838365e+00   3.9685202e+00   4.6001218e+00
   1.0000000e+00   1.4286627e+00   4.6255720e+00   2.7777245e+00   2.2789333e+00   3.6937017e+00   1.2343536e+00   2.9370641e+00   3.4953095e+00   1.3425041e+00   4.0386765e+00
   2.0000000e+00   4.7440910e+00   1.9518180e+00   3.1127586e+00   2.6971179e+00   9.7405604e-01   2.6251546e+00   4.1233489e-02   3.5066391e+00   3.8376238e+00   5.0282323e+00
   2.0000000e+00   4.3419908e+00   3.8392906e+00   2.3605755e+00   2.7715432e+00   1.6798605e+00   2.9111066e+00   2.6529459e+00   2.4613794e+00   2.6398660e+00   2.7935826e+00
   2.0000000e+00   1.2791262e+00   1.9321653e+00   2.4754684e+00   3.3373853e+00   4.4388407e+00   2.1976641e+00   3.3550597e+00   3.0226790e+00   5.0546688e+00   4.7039439e+00
   2.0000000e+00   1.1928003e+00   1.7136039e+00   1.8415048e+00   3.0282492e+00   4.0745430e+00   2.5014629e+00   4.4965241e+00   2.3247500e+00   4.0930834e+00   3.0786639e+00
   2.0000000e+00   3.2369495e+00   3.4323430e+00   2.0088506e-01   3.8744665e+00   9.4621058e-01   2.6272484e+00   3.1573945e+00   1.6711496e+00   4.0011038e+00   2.8490706e+00
   2.0000000e+00   1.0681273e+00   2.5340828e+00   4.0114815e+00   1.3766538e+00   3.5960122e+00   5.3481342e+00   2.9280630e+00   4.4113656e+00   3.8400071e+00   4.6108500e+00
   2.0000000e+00   2.4527541e+00   2.9863403e+00   4.3334663e+00   2.2908703e+00   3.4214188e+00   3.6653152e+00   1.4644914e+00   2.4607299e+00   2.2681205e+00   2.3690962e+00
   1.0000000e+00   3.6150129e+00   3.0212802e+00   3.0941425e+00   2.4117623e+00   3.7117238e+00   2.6603751e+00   3.1961119e+00   4.7570346e+00   3.0110185e+00   4.2232074e+00
   2.0000000e+00   4.0797316e+00   3.5145232e+00   2.8293576e+00   3.5038040e+00   1.7177315e+00   4.1006590e+00   4.2204543e+00   3.0546326e+00   3.1727874e+00   2.0121408e+00
   2.0000000e+00   1.7590213e+00   3.2577260e+00   5.3217286e-01   3.4476280e+00   3.3129571e+00   1.8379113e+00   2.1596465e+00   1.4374613e+00   3.2281096e+00   1.1755534e+00
   2.0000000e+00   2.4952100e+00   4.4968714e+00   4.3370510e+00   3.1265684e+00   8.6499085e-01   4.6119574e+00   2.9786231e+00   3.3432851e+00   4.8272874e+00   3.3755225e+00
   2.0000000e+00   3.0794896e+00   3.2108563e+00   2.7677899e+00   3.1907398e+00   4.7653819e+00   3.1008553e+00   2.5603743e+00   2.9206378e+00   3.4221690e+00   2.7981162e+00
   2.0000000e+00   2.3755787e+00   3.6574717e+00   1.6907790e+00   1.0236334e+00   2.9005802e+00   3.0120147e+00   2.2633694e+00   3.7529445e+00   3.2570962e+00   3.0415772e+00
   2.0000000e+00   2.4879842e+00   3.2591313e+00   1.8865226e+00   3.7192746e+00   6.0318120e-01   4.2500045e+00   9.4990674e-01   1.6985874e+00   2.1773643e+00   3.6649167e+00
   2.0000000e+00   2.8324611e+00   2.4564828e+00   1.9078239e+00   2.5507611e+00   3.0550354e+00   2.5582624e+00   2.5106098e+00   1.8114328e+00   3.0060316e+00   2.7007978e+00
   2.0000000e+00   2.9126007e+00   3.9098233e+00   1.5424904e+00   2.4538113e+00   1.3930723e+00   2.6451354e+00   5.8608490e+00   3.1178498e+00   2.5678083e+00   4.3974150e+00
   2.0000000e+00   2.4662062e+00  -3.3056766e-01   4.6582372e+00   5.0288181e+00   4.0128156e+00   3.0898575e+00   2.3490250e+00   1.7682728e+00   3.2176217e+00   2.8879278e+00
   1.0000000e+00   2.3603757e+00   2.7033749e+00   3.4621580e+00   1.0877385e+00   3.3735594e+00   4.9329558e+00   2.9135886e+00   3.2240062e+00   3.0669109e+00   3.2782427e+00
   2.0000000e+00   3.2620494e+00   2.4212203e+00   3.6441862e+00   3.3062965e+00   4.3093387e+00   3.4482604e+00   2.0640330e+00   1.6008371e+00   2.5100845e+00   3.7898708e+00
   2.0000000e+00   2.0126101e+00   3.4130597e+00   2.7332113e+00   3.6110962e+00   4.3156959e+00   2.6203439e+00   3.1369246e+00   2.6218341e+00   1.4116776e+00   2.6309182e+00
   2.0000000e+00   3.3082644e+00   2.2207157e+00   3.1613592e+00   1.5465324e+00   1.7290306e+00   2.5675060e+00   3.3737066e+00   3.4965744e+00   4.1741468e+00   3.8694302e+00
   2.0000000e+00   1.8250157e+00   3.4805050e+00   2.8216025e+00   2.1338331e+00   7.6500441e-01   3.1020323e+00   1.4204247e+00   2.4158648e+00   2.7583027e+00   3.7133614e+00
   2.0000000e+00   3.8174965e+00   1.9959312e+00   3.0662860e+00   3.4177798e+00   1.0022350e+00   4.2835506e+00   3.1067426e+00   3.2876842e+00   4.2499214e+00   3.8041229e+00
   2.0000000e+00   2.5004555e-01   3.0136378e+00   5.8593580e-01   5.0410740e+00   3.0748959e+00   9.4854480e-01   3.8954169e+00   3.8081516e+00   4.7586106e+00   1.8405172e+00
   1.0000000e+00   3.9733815e+00   1.7209208e+00   2.6967351e+00   4.0965353e+00   3.1955596e+00   3.3943892e+00   2.3380330e+00   3.8672197e+00   1.2123372e+00   1.5227909e+00
   2.0000000e+00   3.2521881e+00   2.5889138e+00   5.6282303e+00   2.5963362e+00   2.6387932e+00   3.2886857e+00   3.9607640e+00   3.5709200e+00   1.5847780e+00   1.9139751e+00
   2.0000000e+00   2.6960300e+00   2.8897510e+00   3.1734734e+00   2.4063977e+00   1.7250305e+00   2.8859939e+00   3.5834406e+00   2.1751022e+00   2.3785476e+00   2.9273769e+00
   2.0000000e+00   3.3781854e+00   3.4104148e+00   3.8336670e+00   3.1348783e+00   2.2433045e+00   1.5224351e+00   2.1734040e+00   2.8796260e+00   2.9268334e+00   2.6700261e+00
   1.0000000e+00   3.0242066e+00   4.9589984e+00   2.1514820e+00   3.5562833e+00   3.4485490e+00   4.6980054e+00   3.3135668e+00   2.6098348e+00   4.7188954e+00   7.3514493e-01
   2.0000000e+00   3.3490295e+00   3.9091538e+00   2.8324656e+00   2.7127652e+00   2.7007069e+00   3.0432119e+00   2.0923269e+00   2.8870251e+00   3.8378668e+00   1.5599746e+00
   2.0000000e+00   2.8781792e+00   2.0209800e+00   2.9609127e+00   2.2381824e+00   2.5514445e+00   3.1039132e+00   1.6421663e+00   3.4466816e+00   3.2580550e+00   4.1187577e+00
   2.0000000e+00   2.0915213e+00   3.4910033e+00   2.7933461e+00   4.3116140e+00   2.5438548e+00   2.5072848e+00   3.3265913e+00   2.9210850e+00   1.7631227e+00   1.8384632e+00
   2.0000000e+00   3.5418537e+00   3.8838519e+00   3.2534214e+00   3.5556165e+00   1.6863253e+00   7.2806657e-01   4.1348183e+00   3.4517947e+00   2.1801676e+00   3.9689674e+00
   2.0000000e+00   4.4492042e+00   2.2946132e+00   2.9389774e+00   4.2631565e+00   2.8828571e+00   1.9600159e+00   2.8800449e+00   1.8157529e+00   3.3657444e+00   2.9213028e+00
   2.0000000e+00   4.2392483e+00   4.1270492e+00   2.0610652e+00   2.4964564e+00   1.5142538e+00   2.9550403e+00   2.8756257e+00   2.3130781e+00   1.9002676e+00   1.3594527e+00
   2.0000000e+00   4.2224739e+00   2.9694182e+00   2.8606805e+00   2.8806421e+00   2.0673692e+00   4.1842731e+00   4.1731938e+00   1.2436921e+00   1.7486251e+00   3.6926394e+00
   2.0000000e+00   3.5533013e+00   2.8573803e+00   2.6507736e+00   2.2890182e+00   1.7050719e+00   1.2612667e+00   3.0965519e+00   4.1715192e+00   2.5256351e+00   3.7181536e+00
   1.0000000e+00   3.3312401e+00   2.6447382e+00   3.1724517e+00   4.2529566e+00   3.2103706e+00   4.4509089e+00   3.4139216e+00   2.0650317e+00   4.4345158e+00   3.0099021e+00
   2.0000000e+00   2.8450078e+00   3.8066456e+00   3.4019601e+00   1.8143328e+00   4.8430666e-02   5.1003513e+00   1.7137285e+00   2.7225015e+00   4.1679271e+00   4.0419354e+00
   2.0000000e+00   3.9600495e+00   2.8269403e+00   4.4739274e+00   2.6627545e+00   3.3534530e+00   4.4709059e+00   2.6288596e+00   2.8522666e+00   5.1530134e+00   2.8034013e+00
   2.0000000e+00   1.7952766e+00   4.3167142e+00   2.8002609e+00   3.1365719e+00   4.2826681e+00   3.1648748e+00   2.8123161e+00   2.5891031e+00   4.0104235e+00   2.4408900e+00
   2.0000000e+00   3.2382227e+00   2.6437500e+00   3.0644588e+00   1.3302594e+00   2.4372901e+00   3.4686417e+00   3.6263980e+00   3.7484286e+00   4.5431540e+00   2.3764402e+00
   2.0000000e+00   2.0599045e+00   2.7216769e+00   8.9604529e-01   2.9294575e+00   3.3797925e+00   3.6703003e+00   3.8031225e+00   2.8651377e+00   2.7142770e+00   3.8344645e+00
   2.0000000e+00   2.3803803e+00   2.9852072e+00   2.7775962e+00   2.6745879e+00   1.7528040e+00   2.2761617e+00   5.2125299e+00   2.0347630e+00   2.4296377e+00   3.5478122e+00
   2.0000000e+00   3.5938549e+00   1.6446241e+00   4.4822212e+00   4.1245980e+00   3.2944881e+00   3.7317869e-01   2.3562360e+00   1.7215891e+00   2.3235701e+00   4.7786336e+00
   2.0000000e+00   3.9983169e+00   2.5854996e+00   4.2007645e+00   3.4683700e+00   5.3222601e+00   2.8818040e+00   3.1743209e+00   2.9978924e+00   3.0016869e+00   4.2132518e+00
   1.0000000e+00   4.0491721e+00   3.1280469e+00   2.2987905e+00   3.9466502e+00   3.0375166e+00   1.9682353e+00   2.6296764e+00   2.1925982e+00   3.6855151e+00   2.4962345e+00
   2.0000000e+00   3.0357620e+00   2.7275357e+00   3.2367509e+00   2.4746643e+00   2.5491790e+00   4.9680833e+00   2.1199611e+00   3.3568067e+00   2.2830120e+00   2.4863840e+00
   2.0000000e+00   2.9956018e+00   3.9219586e+00   4.7383186e+00   3.4618958e+00   4.4753393e+00   3.3866258e+00   3.8873956e+00   1.1415564e+00   2.1304532e+00   2.1672220e+00
   2.0000000e+00   3.3906045e+00   2.3498530e+00   4.1505576e+00   2.2550759e+00   2.2932150e+00   1.7440468e+00   1.1763435e+00   3.6264389e+00  -1.7595853e-01   3.2905692e+00
   2.0000000e+00   3.8174275e+00   3.7151945e+00   1.9254175e+00   3.1408911e+00   2.8215488e+00   4.4401796e+00   2.6837762e+00   3.6918335e+00   2.7677514e+00   1.9600857e+00
   2.0000000e+00   4.0633450e+00   2.5032298e+00   4.6358045e+00   4.5102390e+00   4.2883622e+00   3.4991571e+00   4.0225318e+00   3.4404430e+00   3.5428839e+00   2.4646119e+00
   1.0000000e+00   5.4085335e+00   2.5681094e+00   3.8303553e+00   4.5336696e+00   3.4460152e+00   2.7390938e+00   4.0059669e+00   2.1801896e+00   4.0370082e+00   3.0515949e+00
   2.0000000e+00   4.9072814e+00   3.7403037e+00   1.7273316e+00   4.6533957e+00   2.0034568e+00   3.2518984e+00   3.2774734e+00   3.8776350e+00   7.7853279e-01   2.9977973e+00
   2.0000000e+00   3.2378612e+00   3.1077673e+00   1.8341481e+00   3.4943070e+00   8.3560614e-01   3.2432040e+00   3.7466842e+00   4.0102344e+00   3.2183825e+00   1.7532054e+00
   2.0000000e+00   3.4052464e+00   4.0054645e+00   2.0342406e+00   3.5062291e+00   2.1202882e+00   4.3546659e+00   2.0373921e+00   3.5265173e+00   3.4234215e+00   3.7328178e+00
   1.0000000e+00   3.0192887e+00   3.0280311e+00   2.7968977e+00   3.4953808e+00   3.3424895e+00   3.7830288e+00   4.7662325e+00   3.5380300e+00   9.2368858e-01   3.2240271e+00
   1.0000000e+00   3.3401799e+00   3.9709266e+00   3.4454958e+00   2.0914477e+00   3.3299120e+00   3.3580305e+00   3.0611935e+00   5.0351833e+00   3.3869071e+00   3.1745216e+00
   2.0000000e+00   3.4790407e+00   1.8522751e+00   3.5762111e+00   4.2728956e-01   2.9578632e+00   4.2636976e+00   2.8337747e+00   4.9717659e+00   1.8733762e+00   2.7825219e+00
   2.0000000e+00   3.8064281e+00   2.1415249e+00   2.3103079e+00   3.7777983e+00   1.8541173e+00   2.4545539e+00   2.3029641e+00   3.5862726e+00   4.2924822e+00   4.1098693e+00
   2.0000000e+00   4.3595866e+00   3.2592449e+00   1.9667229e+00   1.8319283e+00   2.0664087e+00   1.5430042e+00   3.1515617e+00   2.4231992e+00   2.2571869e+00   3.9145185e+00
   2.0000000e+00   2.4671876e+00   2.8692603e+00   5.8250603e-01   2.9562513e+00   3.3559198e+00   4.3683851e+00   3.7267689e+00   2.8845976e+00   2.6477916e+00   4.3430233e+00
   2.0000000e+00   2.0824598e+00   2.2290447e+00   2.1905331e+00   2.6352286e+00   1.8729400e+00   2.2133694e+00   2.3400106e+00   2.6604026e+00   2.2005875e+00   2.1030133e+00
   1.0000000e+00   2.4033148e+00   2.7297813e+00   2.4493284e+00   4.5392276e+00   3.1880856e+00   3.3557620e+00   2.6418843e+00   3.0515276e+00   2.7598921e+00   2.2273476e+00
   1.0000000e+00   3.2956455e+00   2.3919868e+00   3.4617270e+00   3.3170909e+00   3.2893995e+00   2.8651287e+00   2.3216235e+00   3.4634399e+00   4.5296943e+00   2.8328262e+00
   1.0000000e+00   3.8445240e+00   3.9255085e+00   2.7007409e+00   3.3735504e+00   3.4098998e+00   2.5430930e+00   2.9665094e+00   2.9794835e+00   3.4417049e+00   4.0054030e+00
   2.0000000e+00   3.7907872e+00   3.3617697e+00   2.0088649e+00   4.1530208e+00   5.3411451e+00   3.2344516e+00   4.3745902e+00   4.1027052e+00   3.1113385e+00   1.5886837e+00
   2.0000000e+00   3.4116862e+00   1.8933966e+00   4.1245921e+00   4.2411804e+00   2.4191589e+00   3.9666881e+00   2.6335068e+00   2.1873614e+00   4.9510948e+00   3.3239127e+00
   2.0000000e+00   2.3921096e+00   3.8837549e+00   4.8064897e+00   1.7474346e+00   3.4038453e+00   5.2168657e+00   3.3618040e+00   2.0485763e+00   1.5453441e+00   2.6788517e+00
   1.0000000e+00   3.3206878e+00   3.2146788e+00   3.1780148e+00   1.7725791e+00   3.5650879e+00   3.3413359e+00   2.1370482e+00   3.2261857e+00   3.1023324e+00   2.7764557e+00
   2.0000000e+00   2.1977008e+00   2.3918607e+00   2.1874149e+00   4.5882735e+00   4.0262138e+00   2.1290320e+00   2.6571001e+00   3.9083398e+00   2.2670911e+00   3.3515509e+00
   2.0000000e+00   1.8718097e+00   2.5405648e+00   3.4289076e+00   3.7143240e+00   2.7686356e+00   2.2799054e+00   1.2271901e+00   1.4099090e+00   3.1592907e+00   2.3630162e+00
   2.0000000e+00   1.6594252e+00   1.7047143e+00   4.7658340e+00   2.6958851e+00   2.8685505e+00   3.2132755e+00   2.8620365e+00   2.9583740e+00   3.8584065e+00   4.8585956e+00
   1.0000000e+00   2.6055139e+00   3.2817116e+00   3.7425797e+00   2.7504760e+00   3.2467166e+00   4.4014899e+00   4.3155621e+00   2.5836405e+00   3.5090178e+00   1.6939246e+00
   2.0000000e+00   2.8422331e+00   3.6860616e+00   2.1212929e+00   3.1111923e+00   2.7321879e+00   3.3828183e+00   2.9238884e+00   3.0057143e+00   4.2849707e+00   3.3680174e+00
   2.0000000e+00   1.8261380e+00   2.7738381e+00   3.1108512e+00   3.1003377e+00   2.9128830e+00   1.0959484e+00   3.1824116e+00   2.6939954e+00   4.0978143e+00   3.6997552e+00
   2.0000000e+00   4.3073948e+00   2.3398710e+00   3.8268197e+00   3.1270576e+00   2.9101107e+00   4.6144519e+00   3.0092299e+00   3.3091147e+00   3.2126645e+00   3.8536196e+00
   2.0000000e+00   3.9480801e+00   2.2303272e+00   2.6430823e+00   4.5103053e+00   2.6742558e+00   1.8030588e+00   3.3164312e+00   2.6753529e+00   3.1906434e+00   2.7390979e+00
   2.0000000e+00   5.7106020e-01   3.4303512e+00   3.9065666e+00   1.4787228e+00   3.7776128e+00   3.6808350e+00   6.0044021e+00   4.1235936e+00   2.8592570e+00   2.5531021e+00
   2.0000000e+00   3.8344406e+00   3.4960748e+00   3.6968748e+00   3.3168920e+00   2.8323029e+00   3.1263258e+00   2.8910654e+00   4.1893297e+00   3.3870667e+00   3.9513478e+00
   2.0000000e+00   2.5563205e+00   2.2853282e+00   2.0038051e+00   4.0745549e+00   2.8385227e+00   5.0235021e+00   2.1051894e+00   2.3010313e+00   3.3170855e+00   1.4918029e+00
   2.0000000e+00   3.4641388e+00   2.8835509e+00   1.7396106e+00   3.0819749e+00   3.1966410e+00   1.7738545e+00   3.9486322e+00   5.7958394e+00   1.9729627e+00   3.5923607e+00
   2.0000000e+00   2.5221982e+00   2.7638582e+00   1.7728352e-01   3.2589451e+00   3.2795151e+00   3.6175253e+00   3.1812754e+00   3.1688602e+00   3.3855758e+00   1.3228678e+00
