   2.0000000e+00   2.4873757e+00   1.9954559e+00   3.2083392e+00   1.8980244e+00   3.2887954e+00   1.6470960e+00   3.5217789e+00   3.0781361e+00   2.9340205e+00   1.4701886e+00
   1.0000000e+00   3.3787494e+00   2.7211741e+00   2.7132698e+00   3.3621013e+00   2.0308678e+00   2.4731541e+00   2.0313499e+00   3.3261930e+00   3.3690863e+00   3.0898682e+00
   2.0000000e+00   2.9382379e+00   2.7573562e+00   1.3281912e+00   1.9823088e+00   2.2837695e+00   2.9349214e+00   4.6885967e+00   3.6408874e+00   3.9741233e+00   2.7782239e+00
   2.0000000e+00   2.0425428e+00   1.0376244e+00   3.8267402e+00   2.2845576e+00   2.1354121e+00   3.7462143e+00   4.0099565e+00   3.6881981e+00   2.7660383e+00   2.8051469e+00
   2.0000000e+00   4.1813073e+00   3.2298987e+00   1.3236038e+00   3.1976963e+00   2.8916207e+00   3.1796175e+00   2.7194058e+00   3.9825485e+00   2.0633008e+00   2.8621226e+00
   2.0000000e+00   2.9500881e+00   2.7643991e+00   2.8446062e+00   3.7019298e+00   3.2146164e+00   3.5230571e+00   3.7772043e+00   1.7753177e+00   2.3744212e+00   3.9490018e+00
   1.0000000e+00   3.2772036e+00   3.5627164e+00   2.6869695e+00   3.1262432e+00   3.4962710e+00   2.8887976e+00   2.5418587e+00   2.6884903e+00   3.5851511e+00   2.0279640e+00
   2.0000000e+00   1.2800822e+00   9.5061031e-01   3.1097220e+00   2.6509707e+00   3.7994347e+00   6.0418157e+00   3.1140508e+00   2.7099711e+00   5.0342800e+00   3.2281342e+00
   2.0000000e+00   2.5212054e+00   1.6352804e+00   2.4821464e+00   2.5153555e+00   3.2591066e+00   2.1147588e+00   1.3883640e+00   4.9675024e+00   2.2814534e+00   2.6997968e+00
   2.0000000e+00   2.7760099e+00   4.5908654e+00   2.8526021e+00   3.3864206e+00   4.2981593e+00   2.3732089e+00   3.8763283e+00   3.3449403e+00   2.6397064e+00   2.6180685e+00
   2.0000000e+00   2.6638079e+00   2.9068307e+00   2.5152550e+00   3.1551701e+00   3.3090960e+00   3.5598086e+00   2.9189525e+00   3.8793040e+00   2.3396676e+00   3.2019713e+00
   2.0000000e+00   5.7758152e+00   2.1233202e+00   2.6224463e+00   3.1223325e+00   9.5766897e-01   2.8506692e+00   4.2350408e+00   2.6708929e+00   2.7661264e+00   2.7871579e+00
   2.0000000e+00   2.3744545e+00   2.3219233e+00   1.4101984e+00   1.9677751e+00   1.3875401e+00   3.4387142e+00   3.4471562e+00   3.5824736e+00   2.5824902e+00   1.3985544e+00
   1.0000000e+00   4.6154762e+00   4.8518760e+00   3.1163991e+00   3.7930585e+00   3.7856030e+00   4.3392804e+00   2.8053284e+00   3.8765848e+00   3.2237253e+00   3.3756609e+00
   2.0000000e+00   6.0865662e+00   3.2737469e+00   3.3820155e+00   4.9508423e+00   4.0245319e+00   4.3797968e+00   2.3279587e+00   4.8828408e+00   4.7327981e+00   2.9176045e-01
   2.0000000e+00   3.1118809e+00   2.2704936e+00   2.1481415e+00   4.1951905e+00   2.8054350e+00   2.3387091e+00   4.0732307e+00   4.1987239e+00   2.9132870e+00   2.0578002e+00
   2.0000000e+00   2.0526754e+00   3.3785920e+00   4.1807559e+00   2.8046930e+00   4.7243772e+00   2.5902279e+00   1.9167988e+00   2.1712996e+00   3.8216148e+00   2.9274709e+00
   2.0000000e+00   1.4355975e+00   2.8813017e+00   2.6911952e+00   1.6109268e+00   1.5909821e+00   3.3655061e+00   2.3019067e+00   3.8661615e+00   4.1785186e+00   1.7788322e+00
   2.0000000e+00   3.3412831e+00   3.5128861e+00   4.7384259e+00   2.3549128e+00   2.4724083e+00   3.9383370e+00   3.4122650e+00   2.1849401e+00   3.9145695e+00   2.5724684e+00
   2.0000000e+00   2.0257276e+00   3.6645669e+00   1.8833082e+00   2.9094270e+00   2.6797575e+00   3.4732585e+00   3.8210068e+00   2.1893152e+00   4.6344396e+00   3.2303404e+00
   2.0000000e+00   4.4228976e+00   2.1823196e+00   6.4011042e-01   3.8973451e+00   2.3854463e+00   4.1918373e+00   2.5269580e+00   3.0502368e+00   3.3740019e+00   2.6476212e+00
   2.0000000e+00   2.2597726e+00   3.0319579e+00   1.9777563e+00   2.4520297e+00   2.5409701e+00   4.8460152e+00   2.5233228e+00   2.9105998e+00   1.6916532e+00   2.1895055e+00
   2.0000000e+00   2.8018386e+00   3.1433002e+00   1.2798160e+00   3.4001595e+00   2.2232794e+00   2.2515008e+00   3.0000025e+00   1.9669581e+00   4.0764908e+00   3.0586517e+00
   2.0000000e+00   2.8340913e+00   3.1352396e+00   3.3641637e+00   3.1198553e+00   3.8112156e+00   3.9954166e+00   3.0911879e+00   1.9645500e+00   1.8616791e+00   2.6103586e+00
   2.0000000e+00   2.7170346e+00   2.6875991e+00   4.1606657e+00   2.9140729e+00   2.9669377e+00   3.0788419e+00   3.5645087e+00   1.0062445e+00   2.6895461e+00   3.5317710e+00
   2.0000000e+00   3.8013582e+00   3.2528547e+00   2.6436374e+00   3.5048956e+00   9.3726336e-01   4.3484474e+00   3.4358473e+00   2.8038697e+00   2.7552682e+00   2.4199827e+00
   2.0000000e+00   3.5273039e+00   3.5804782e+00   2.8545663e+00   1.9285391e+00   3.5568980e+00   3.5574081e+00   3.8305244e+00   3.6618178e+00   4.3970076e+00   2.8248107e+00
   2.0000000e+00   2.7122293e+00   3.0524520e+00   2.6715665e+00   2.9621759e+00   3.3831851e+00   3.3066154e+00   4.0244557e+00   2.5886024e+00   2.2531121e+00   2.8251752e+00
   2.0000000e+00   1.6095651e+00   3.2286958e+00   4.0488639e+00   2.6371547e+00   4.5861010e+00   2.4974254e+00   3.5310141e+00   3.0327330e+00   3.4762572e+00   2.3994078e+00
   2.0000000e+00   2.7328107e+00   2.4751600e+00   4.7820384e+00   1.9181010e+00   3.2386288e+00   3.9149913e+00   2.3785302e+00   4.0967854e+00   4.4115935e+00   3.0735569e+00
   2.0000000e+00   4.3271454e+00   2.9130748e+00   1.8750871e+00   3.9480190e+00   2.4084810e+00   3.1461904e+00   4.1102802e+00   2.3430945e+00   2.4042897e+00   9.1172643e-01
   2.0000000e+00   2.6166516e+00   1.0516861e+00   4.1736821e+00   3.6727265e+00   4.3200342e+00   2.8661240e+00   4.0286604e+00   2.6675152e+00   2.3713298e+00   3.2904355e+00
   1.0000000e+00   1.6913180e+00   3.8196433e+00   2.8938906e+00   3.2617727e+00   2.2245604e+00   3.7031334e+00   4.0780205e+00   9.0713055e-01   3.1144842e+00   4.3434908e+00
   2.0000000e+00   3.4967819e+00   4.5001953e+00   3.0918254e+00   4.1717349e+00   2.5234159e+00   4.7393654e+00   2.5650720e+00   3.4835908e+00   2.7659930e+00   3.8134272e+00
   2.0000000e+00   3.2742242e+00   4.1064739e+00   4.9553028e+00   5.1662413e+00   2.4682466e+00   2.2225277e+00   2.2615548e+00   1.7518113e+00   2.1971847e+00   4.1558636e+00
   2.0000000e+00   1.8672984e+00   2.5454386e+00   2.0404220e+00   4.2565297e+00   2.3069515e+00   4.3998337e+00   2.7506135e+00   3.1622259e+00   3.4200146e+00   2.8560386e+00
   1.0000000e+00   4.7155431e+00   4.1200805e+00   3.4547154e+00   3.8799052e+00   3.3609498e+00   1.9780709e+00   4.1547146e+00   2.2461714e+00   3.4142903e+00   1.3275059e+00
   2.0000000e+00   3.3164179e+00   2.8150490e+00   2.2267775e+00   3.3612052e+00   3.1077081e+00   2.5584232e+00   3.0358839e+00   2.5036877e+00   4.0747665e+00   2.9349720e+00
   2.0000000e+00   3.3050643e+00   4.0323032e+00   2.1206568e+00   1.4596762e+00   1.1638526e+00   2.2022519e+00   3.8135988e+00   3.9198437e+00   4.3875722e+00   3.7944057e+00
   2.0000000e+00   2.7517183e+00   2.8543305e+00   2.4840871e+00   2.7943208e+00   3.4353470e+00   3.1990577e+00   2.6599849e+00   2.0689382e+00   2.8367317e+00   2.2844501e+00
   1.0000000e+00   1.6533705e+00   3.5942382e+00   3.5802084e+00   1.6688048e+00   2.1733987e+00   2.7527307e+00   3.6989420e+00   3.5395580e+00   3.7935775e+00   5.6578177e+00
   2.0000000e+00   3.3608474e+00   3.4101358e+00   4.0249050e+00   2.3809675e+00   2.9987684e+00   4.1021194e+00   3.0480934e+00   2.8594301e+00   1.4706799e+00   3.2287214e+00
   2.0000000e+00   3.9734724e+00   8.1047269e-01   4.1774575e+00   3.6317435e+00   2.5245122e+00   3.0765277e+00   3.9981110e+00   3.3408439e+00   2.0894841e+00   1.5556948e+00
   2.0000000e+00   2.4541519e+00   3.5585916e+00   1.4594508e+00   4.7377816e+00   3.2431748e+00   2.7515216e+00   1.8349379e+00   1.9118382e+00   1.5112703e+00   2.3560912e+00
   2.0000000e+00   4.1730852e+00   2.3645822e+00   2.8468613e+00   4.7459218e-01   3.4687702e+00   2.5773700e+00   4.5873015e+00   6.0366863e-01   2.5327327e+00   1.8108513e+00
   2.0000000e+00   4.2049793e+00   3.1699534e+00   5.2885473e+00   1.8096039e+00   2.2392291e+00   3.1403160e+00   3.4339817e+00   2.5355521e+00   3.8375511e+00   3.8499996e+00
   2.0000000e+00   2.0874906e+00   2.2050257e+00   2.8476987e+00   3.2701804e+00   3.4554367e+00   1.1579101e+00   2.6930452e+00   3.4394390e+00   3.9986427e+00   2.3646939e+00
   2.0000000e+00   3.3902421e+00   4.8260521e+00   2.1231904e+00   5.4120500e+00   2.9555693e+00   3.5369103e+00   1.4944052e+00   2.9864077e+00   3.9464066e+00   3.3086916e+00
   2.0000000e+00   2.1089336e+00   3.5126623e+00   2.0859210e+00   8.5952745e-01   2.4128633e+00   1.8414645e+00   3.4121003e+00   5.6421007e+00   4.8082295e+00   1.1449940e+00
   2.0000000e+00   3.4258983e+00   2.0778626e+00   3.7546059e+00   2.9764786e+00   2.9354646e+00   1.8474451e+00   3.6871493e+00   2.4186931e+00   2.5540141e+00   2.5173008e+00
   2.0000000e+00   3.2324454e+00   3.6603410e+00   4.0883286e+00   2.8918599e+00   3.9302542e+00   3.0467128e+00   2.6431919e+00   2.4191636e+00   1.8698827e+00   2.4998491e+00
   2.0000000e+00   4.8893899e+00   3.3483206e+00   2.3360921e+00   4.5083180e+00   3.8322229e+00   3.0212643e+00   2.9353607e+00   3.0942793e+00   4.7500049e-01   1.4347699e+00
   1.0000000e+00   4.1656735e+00   3.9495141e+00   3.6195847e+00   3.2950378e+00   2.4089621e+00   2.3912791e+00   3.8954872e+00   3.4863050e+00   3.2218960e+00   3.3771324e+00
   2.0000000e+00   2.4004481e+00   2.1609834e+00   2.0235499e+00   2.3719900e+00   2.5642367e+00   3.4873867e+00   2.8809472e+00   3.0332507e+00   3.3861422e+00   4.1901635e+00
   2.0000000e+00   4.0518487e+00   2.2608882e+00   4.7647197e+00   1.5566856e+00   3.8507598e+00   3.9302722e+00   3.5143080e+00   1.4425099e+00   3.1847479e+00   4.8061457e+00
   2.0000000e+00   3.2960760e+00   1.9408892e+00   3.6399238e+00   2.2577724e+00   2.8003140e+00   3.4209107e+00   4.0033018e+00   3.9207745e+00   2.5053674e+00   3.3726766e+00
   2.0000000e+00   1.8071159e+00   2.3526753e+00   3.5550704e+00   4.3142223e+00   4.2094994e+00   3.5900280e+00   4.6437022e+00   2.9082449e+00   4.4436887e+00   4.4660651e+00
   2.0000000e+00   3.0398407e+00   3.8584588e+00   3.1566045e+00   3.7132099e+00   1.6951245e+00   2.7202397e+00   3.8346629e+00   2.5039188e+00   1.9731022e+00   2.0232978e+00
   2.0000000e+00   2.3035397e+00   4.8070833e+00   3.6348404e+00   2.6734428e+00   3.5010996e+00   2.8739373e+00   3.3642145e+00   1.4342219e+00   5.5833432e+00   1.2676171e+00
   2.0000000e+00   3.4320676e+00   4.3242066e+00   1.0997357e+00   1.3837805e+00   3.2902680e+00   3.0915461e+00   2.1789566e+00   3.0544797e+00   3.1039798e+00   2.9289732e+00
   2.0000000e+00   3.0232195e+00   2.1433672e+00   3.6117084e+00   4.3410310e+00   3.8100189e+00   1.7886230e+00   1.4248986e+00   4.6367723e+00   2.7191115e+00   2.5760704e+00
   2.0000000e+00   1.9520583e+00   2.3335845e+00   2.5669354e+00   2.5114247e+00   3.4709335e+00   3.4282157e+00   3.4001291e+00   4.5359239e+00   4.0577590e+00   3.3457682e+00
   2.0000000e+00   3.8051240e+00   2.7838355e+00   1.2929798e+00   3.5940269e+00   3.8316364e+00   1.8675574e+00   4.0262400e+00   2.9504403e+00   3.0084834e+00   4.1093503e+00
   2.0000000e+00   3.6604537e+00   2.4901310e+00   3.6663605e+00   3.6372179e+00   2.2565153e+00   3.2118324e+00   3.6882111e+00   2.9409808e+00   4.2806815e+00   3.4222354e+00
   2.0000000e+00   3.0915796e+00   4.1318069e+00   3.0941522e+00   3.9702365e+00   4.4831232e+00   3.1842556e+00   3.4938416e+00   4.5822445e+00   4.6324862e+00  -1.5429764e-01
   2.0000000e+00   4.0940027e+00   2.3430933e+00   1.9446508e+00   2.9546061e+00   3.2455952e+00   4.0910505e+00   2.9416308e+00   1.7903575e+00   1.6998752e+00   3.1179806e+00
   1.0000000e+00   2.0920719e+00   3.3949462e+00   2.6884237e+00   5.0604243e+00   3.8599156e+00   1.9021745e+00   2.9450560e+00   1.6372973e+00   3.7726718e+00   3.6243936e+00
   1.0000000e+00   2.4003597e+00   2.8093876e+00   3.9632792e+00   3.0749699e+00   2.3039857e+00   2.4979512e+00   4.5485137e+00   3.2843093e+00   3.2532901e+00   3.0576569e+00
   2.0000000e+00   3.1724501e+00   3.6606305e+00   2.7033140e+00   3.8806031e+00   4.2262504e+00   3.9744578e+00   3.8349017e+00   4.4840919e+00   4.1023277e+00   4.9404236e+00
   2.0000000e+00   3.0017222e+00   2.6596644e+00   2.5561021e+00   3.0084286e+00   2.9866372e+00   3.8980310e+00   3.2804097e+00   4.0944206e+00   1.2519838e+00   3.1192184e+00
   2.0000000e+00   3.4880543e+00   3.5842402e+00   1.5900504e+00   1.4588023e+00   1.5184007e+00   1.6514685e+00   3.2352631e+00   3.2794774e+00   4.1344804e+00   4.8494782e+00
   1.0000000e+00   2.8811756e+00   2.1511190e+00   2.4987906e+00   2.2406049e+00   3.0176420e+00   3.5824106e+00   3.0148234e+00   2.6859233e+00   3.4015479e+00   3.7525632e+00
   2.0000000e+00   4.0848319e+00   2.2231732e+00   3.3068472e+00   2.6212987e+00   1.9396296e+00   4.0695013e+00   5.3539027e+00   2.7121140e+00   4.6855379e+00   3.8249208e+00
   2.0000000e+00   4.9752607e+00   2.5578363e+00   2.6690118e+00   3.5442725e+00   1.3962367e+00   3.9169850e+00   4.0617987e+00   1.7224367e+00   9.1505760e-01   3.1557152e+00
   2.0000000e+00   3.6349455e+00   2.8847457e+00   2.3870215e+00   2.0685266e+00   3.0041917e+00   3.7001458e+00   2.4132247e+00   2.4868650e+00   2.9814703e+00   4.3417718e+00
   2.0000000e+00   3.0708124e+00   4.0525530e+00   2.4100784e+00   3.0421915e+00   3.4582876e+00   2.7196728e+00   4.5788496e+00   3.3492542e+00   2.9059159e+00   2.8733883e+00
   2.0000000e+00   4.5632645e+00   3.2537003e+00   3.9661216e+00   4.3070184e+00   9.8998631e-01   1.8705996e+00   1.7655136e+00   4.7024357e+00   3.2171685e+00   2.3094924e+00
   2.0000000e+00   2.1862003e+00   3.1845768e+00   3.0746265e+00   2.5560473e+00   4.5408118e+00   2.7174033e+00   3.1210622e+00   3.3919525e+00   5.5385261e+00   2.1690995e+00
   1.0000000e+00   4.6182417e+00   3.3605956e+00   3.7055910e+00   2.7768074e+00   3.6778461e+00   3.3556342e+00   3.0222119e+00   2.5060021e+00   3.4024827e+00   3.5447852e+00
   2.0000000e+00   3.6999179e+00   1.7321311e+00   2.4479736e+00   2.9727466e+00   3.4875226e+00   1.5025568e+00   2.9688684e+00   3.1855869e+00   4.6314442e+00   3.4900117e+00
   2.0000000e+00   5.0505926e+00   2.8760139e+00   4.9324161e+00   4.4934488e+00   3.1561229e+00   3.4435505e+00   4.1217720e+00   3.8827250e+00   2.1142574e+00   1.9734636e+00
   2.0000000e+00   1.8894796e+00   3.6054924e+00   4.5316866e+00   4.4642204e+00   5.2186942e+00   2.7675641e+00   4.6888511e+00   2.4894018e+00   1.6801601e+00   3.6160953e+00
   2.0000000e+00   3.1817898e+00   2.5588687e+00   2.8012978e+00   2.9084873e+00   2.8231674e+00   3.5081658e+00   4.3425072e+00   3.3066076e+00   2.6149095e+00   4.3531695e+00
   2.0000000e+00   3.8370790e+00   2.3036774e+00   4.5721412e+00   1.7025160e+00   3.0265834e+00   1.6840451e+00   2.7999579e+00   3.0168727e+00   2.1372112e+00   4.2660460e+00
   2.0000000e+00   4.8895419e+00   3.5991361e+00   3.7959289e+00   3.6233977e+00   2.9665631e+00   2.6375208e+00   2.2977781e+00   2.6311950e+00   2.5707735e+00   2.6329969e+00
   2.0000000e+00   1.3814265e+00   2.5040127e+00   1.9119608e+00   4.2239319e+00   2.9903207e+00   1.7312341e+00   9.0231571e-01   1.9604870e+00   3.5361256e+00   2.0693454e+00
   2.0000000e+00   3.0678268e+00   2.8933175e+00   2.4851641e-01   1.9678180e+00   2.8268845e+00   2.2855713e+00   3.7486114e+00   3.8619311e+00   2.9712178e+00   1.8511204e+00
   2.0000000e+00   4.4434879e+00   2.6656281e+00   2.2269860e+00   1.7899564e+00   3.1897505e+00   1.1704870e+00   3.7668419e+00   2.4552453e+00   2.0427234e+00   3.8479339e+00
   2.0000000e+00   4.1194089e+00   3.9443406e+00   2.4177366e+00   3.1096706e+00   1.6703024e+00   4.6859423e+00   1.8210705e+00   2.5474497e+00   4.3930498e+00   2.9066623e+00
   2.0000000e+00   2.1507531e+00   4.0106637e+00   3.3099794e+00   3.0196159e+00   2.8760405e+00   1.7555036e+00   2.7108487e+00   2.7446640e+00   2.1731109e+00   2.9373478e+00
   2.0000000e+00   2.5164372e+00   2.7361550e+00   1.5199323e+00   3.2118358e+00   3.1941586e+00   1.3405886e+00   3.3329720e+00   2.0364892e+00   4.2463890e+00   2.1300063e+00
   2.0000000e+00   7.0514162e-01   1.7991197e+00   3.8377926e+00   2.1241504e+00   1.4522608e+00   3.3186786e+00   3.2483688e+00   3.5423130e+00   3.6040811e+00   3.4127504e+00
   2.0000000e+00   6.8018548e-01   3.4499081e+00   2.4392630e+00   3.5140251e+00   3.2111013e+00   2.7325854e+00   3.2328316e+00   1.3675548e+00   1.6613167e+00   3.0406350e+00
   1.0000000e+00   2.6161399e+00   2.6706074e+00   3.1063590e+00   2.8921587e+00   2.5868195e+00   4.7368286e+00   2.3956965e+00   2.9927226e+00   3.9084311e+00   3.3345986e+00
   2.0000000e+00   3.4282896e+00   4.4646593e+00   3.7295336e+00   2.6122644e+00   3.6920375e+00   3.1003175e+00   2.6788853e+00   3.6094226e+00   4.1252933e+00   2.9422175e+00
   2.0000000e+00   2.8816224e+00   3.7467512e+00   4.1684328e+00   4.4933438e+00   1.1872780e+00   4.4233512e+00   4.9065356e+00   3.1247962e+00   3.5052076e+00   2.7059592e+00
   2.0000000e+00   5.1274117e+00   2.1513459e+00   3.4246835e+00   5.5962967e+00   3.6049265e+00   6.1461421e+00   4.9052862e+00   3.8597635e+00   2.7783298e+00   4.1079894e+00
   2.0000000e+00   3.1534696e+00   2.4619257e+00   2.0145949e+00   3.2061542e+00   2.3897450e+00   3.0692399e+00   3.2858591e+00   3.3732622e+00   3.4628147e+00   2.8088459e+00
   2.0000000e+00   3.5495394e+00   2.2096235e+00   4.0035828e+00   3.0192772e+00   2.5311985e+00   2.5496133e+00   3.1999263e+00   3.9167562e+00   4.6026832e+00   3.1178454e+00
   1.0000000e+00   3.1307297e+00   3.9380158e+00   2.8114688e+00   2.5515507e+00   2.9865751e+00   4.4474578e+00   2.4384826e+00   2.8424528e+00   3.7438412e+00   2.2270632e+00
