   1.0000000e+00   3.7659469e+00   2.4427197e+00   3.4904788e+00   2.6862452e+00   3.0709944e+00   3.0471805e+00   3.7649636e+00   3.4869943e+00   2.6255454e+00   2.3429396e+00
   2.0000000e+00   4.3727997e+00   3.0232555e+00   1.0198099e+00   3.5105731e+00   1.4212722e+00   3.2123975e+00   3.5587334e+00   2.1357499e+00   4.0928555e+00   1.8955384e+00
   2.0000000e+00   2.4269304e+00   2.1687255e+00   2.4150286e+00   3.3396496e+00   4.0381494e+00   3.0595152e+00   3.4485976e+00   4.4627755e+00   1.6691354e+00   3.9858602e+00
   2.0000000e+00   1.7687920e+00   3.7943995e-01   7.4173527e-01   2.2922255e+00   4.4060619e+00   4.7140521e+00   3.2082306e+00   2.7410613e+00   2.7992617e+00   2.0619242e+00
   2.0000000e+00   2.8568995e+00   3.6762526e+00   1.6946596e+00   1.1035147e+00   1.8067281e+00   2.2282584e+00   3.2295774e+00   2.5459730e+00   3.8839690e+00   2.2423909e+00
   2.0000000e+00   2.2663216e+00   1.8365325e+00   2.3677133e+00   1.2125682e+00   1.8723915e+00   2.7996892e+00   2.1465981e+00   4.7909229e+00   2.7197177e+00   1.7829428e+00
   2.0000000e+00   3.1888289e+00   2.6421458e+00   2.4338253e+00   2.5595322e+00   2.8169295e+00   2.9901717e+00   1.5951039e+00   3.0817702e+00   2.5082461e+00   2.9620107e+00
   2.0000000e+00   3.4223374e+00   2.8838141e+00   2.7563789e+00   2.7359209e+00   1.7878817e+00   3.5373703e+00   3.6384810e+00   2.7133739e+00   2.4082197e+00   2.5659100e+00
   2.0000000e+00   1.5546499e+00   3.4500267e+00   1.6532089e+00   4.9051094e+00   2.4067154e+00   3.6558341e+00   3.5672499e+00   2.2249242e+00   2.9496215e+00   4.0422051e+00
   2.0000000e+00   2.6042106e+00   2.4858285e+00   2.1415246e+00   3.4118871e+00   2.4005491e+00   3.8584289e+00   2.7187961e+00   5.0879458e+00   1.4926352e+00   2.9888879e+00
   2.0000000e+00   3.5899217e+00   5.1492866e+00   4.2376505e+00   2.7190784e+00   2.7022194e+00   4.9600451e+00   2.0327508e+00   2.7021173e+00   4.3530213e+00   2.4576012e+00
   2.0000000e+00   3.2125994e+00   4.4938158e+00   2.4396843e+00   3.0016793e+00   3.0683782e+00   2.7019094e+00   2.2598192e+00   1.6722731e+00   3.7069026e+00   3.2898359e+00
   2.0000000e+00   2.1499389e+00   1.0821122e+00   2.8785545e+00   3.4972922e+00   4.0625448e+00   2.9993684e+00   3.5069325e+00   1.2128009e+00   3.8968315e+00   4.7141402e+00
   2.0000000e+00   2.8171707e+00   2.1489452e+00   3.4960222e+00   3.7632969e+00   1.9212882e+00   3.8856225e+00   2.9274370e+00   3.1265999e+00   2.6316501e+00   3.9217533e+00
   2.0000000e+00   1.2545557e+00   4.1355556e+00   4.2350737e+00   2.9895008e+00   3.1760414e+00   3.9531367e+00   3.7594237e+00   3.9745413e+00   2.2409146e+00   1.9023642e+00
   2.0000000e+00   1.8766533e+00   3.2668565e+00   2.2384390e+00   2.1898108e+00   2.9009243e+00   2.2256666e+00   4.4143491e+00   3.5776711e+00   2.9362736e+00   3.1799115e+00
   2.0000000e+00   1.5232941e+00   3.3961938e+00   9.8763283e-01   1.3125191e+00   1.1463947e+00   1.4191084e+00   2.2381855e+00   3.6717977e+00   4.0739142e+00   2.4572260e+00
   2.0000000e+00   2.2272563e+00   2.0712527e+00   2.2971364e+00   6.6505845e-01   2.2536875e+00   2.0373219e+00   3.3791343e+00   2.7646189e+00   3.3039055e+00   2.2457962e+00
   2.0000000e+00   1.9534286e+00   3.8305519e+00   3.9945243e+00   2.8222325e+00   9.7602512e-01   4.4414154e+00   3.7844395e+00   2.6578677e+00   3.3809177e+00   3.4321680e+00
   1.0000000e+00   3.5811531e+00   3.5566571e+00   3.1364429e+00   3.7980377e+00   3.5481199e+00   3.7902543e+00   2.8314124e+00   4.1444122e+00   3.4806251e+00   2.0621546e+00
   2.0000000e+00   2.3816399e+00   3.6596445e+00   4.2552027e+00   4.2303178e+00   3.4796938e+00   2.0957126e+00   3.6167355e+00   1.3286569e+00   2.2292010e+00   1.6844296e+00
   2.0000000e+00   4.4108196e+00   1.8729118e+00   3.5511633e+00   2.6407368e+00   3.4170840e+00   1.7596790e+00   4.8569980e+00   2.4779847e+00   1.8440798e+00   4.4576101e+00
   2.0000000e+00   3.1713877e+00   1.7164639e+00   3.4255998e+00   3.5686200e+00   1.1750561e+00   1.4713914e+00   3.1304442e+00   3.5884137e+00   2.2036002e+00   4.7641135e+00
   2.0000000e+00   2.6041922e+00   3.6208605e+00   2.0102840e+00   3.0991138e+00   3.8400132e+00   2.1641922e+00   3.0418039e+00   4.0683713e+00   2.6058020e+00   2.6544532e+00
   2.0000000e+00   2.9824433e+00   3.6988135e+00   3.1961380e+00   3.0356656e+00   2.6187298e+00   2.2575961e+00   6.6733941e+00   2.5104366e+00   3.6634359e+00   4.1717028e+00
   2.0000000e+00   2.3304703e+00   3.6874976e+00   2.6516591e+00   4.1403209e+00   3.3021445e+00   4.0115650e+00   1.2166651e+00   2.7712744e+00   1.9983453e+00   6.3526333e-01
   2.0000000e+00   1.4356399e+00   3.4369580e+00   2.6764819e+00   5.4761096e+00   1.8199032e+00   4.2956880e+00   2.0240163e+00   4.0341008e+00   2.7764194e+00   4.2724993e+00
   2.0000000e+00   4.2619112e+00   2.6790466e+00   2.5353649e+00   2.0607738e+00   2.0028651e+00   2.5295571e+00   2.4107564e+00   3.3431351e+00   5.6056973e+00   3.5978844e+00
   2.0000000e+00   2.5300446e+00   2.6698595e+00   2.8107830e+00   2.4118178e+00   2.2092497e+00   2.2963762e+00   4.0412006e+00   2.5646339e+00   1.9022509e+00   4.6341686e+00
   1.0000000e+00   1.9746612e+00   2.8684081e+00   3.0955472e+00   2.6130875e+00   3.2662058e+00   3.1981274e+00   2.3881643e+00   1.6204935e+00   3.6252289e+00   2.9222970e+00
   2.0000000e+00   3.6655569e+00   2.7298709e+00   3.9316102e+00   3.9725015e+00   3.6526249e+00   3.3021427e+00   3.2322934e+00   8.4996630e-01   2.7098057e+00   2.6040004e+00
   2.0000000e+00   3.7447570e+00   4.4239523e+00   2.4861724e+00   2.9288142e+00   2.5966489e+00   1.7219802e+00   4.1756282e+00   2.6205529e+00   2.6512755e+00   2.4132952e+00
   2.0000000e+00   2.9884579e+00   3.4611166e+00   2.7338321e+00   1.4579816e+00   4.1755767e+00   3.8332091e+00   3.5562408e+00   2.1776338e+00   3.6043339e+00   1.7227610e+00
   1.0000000e+00   2.9993001e+00   3.4134883e+00   3.3801472e+00   2.1111358e+00   4.6989822e+00   1.8363259e+00   2.7786164e+00   2.0577439e+00   2.7677442e+00   2.3035570e+00
   1.0000000e+00   1.4914858e+00   4.1274133e+00   3.8864186e+00   3.0321673e+00   2.9147450e+00   4.5098800e+00   4.5720585e+00   1.5562611e+00   2.5189623e+00   3.0325835e+00
   1.0000000e+00   2.4569948e+00   1.2168375e+00   3.6841880e+00   2.5947891e+00   1.9431938e+00   3.8307804e+00   2.0594172e+00   3.5428878e+00   3.1758141e+00   3.3277226e+00
   2.0000000e+00   1.8072093e+00   3.8218495e+00   3.0124722e+00   2.1915418e+00   2.9524188e+00   2.3199225e+00   2.9221577e+00   3.8615998e+00   2.9901778e+00   4.2417378e+00
   2.0000000e+00   3.1785827e+00   3.6380375e+00   2.2975729e+00   3.1402722e+00   3.0777763e+00   2.4019483e+00   3.5173452e+00   2.8821960e+00   2.9864609e+00   2.7692291e+00
   2.0000000e+00   1.3405239e+00   3.1191540e+00   1.7288124e+00   3.8049427e+00   3.8916846e+00   2.1409311e+00   2.9666968e+00   2.0920623e+00   4.5261955e+00   3.4772270e+00
   2.0000000e+00   2.3490807e+00   3.5373013e+00   2.9210333e+00   3.0779353e+00   3.6316281e+00   1.2636057e+00   2.6931343e+00   4.9563444e+00   3.1318621e+00   3.2434413e+00
   2.0000000e+00   4.5236879e+00   1.9638728e+00   3.3496769e+00   8.2057056e-01   3.2055822e+00   4.6363492e+00   3.7803448e+00   1.6273650e+00   2.8670855e+00   4.1542214e+00
   2.0000000e+00   4.1300967e+00   4.9803370e+00   4.3872310e+00   2.3805975e+00   1.7128930e+00   4.5568408e+00   2.9151213e+00   1.5771564e+00   2.6300392e-01   1.9993992e+00
   2.0000000e+00   4.0506368e+00   2.4318219e+00   2.9509457e+00   1.9119946e+00   3.4636100e+00   2.4993866e+00   2.7234008e+00   3.1507583e+00   4.3966966e+00   1.3555072e+00
   2.0000000e+00   1.2899485e+00   1.8965280e+00   2.6739324e+00   3.8549664e+00   2.5737548e+00   2.9284183e+00   3.9886421e+00   4.6019536e+00   3.0541376e+00   2.8614526e+00
   2.0000000e+00   3.3677006e+00   3.2856658e+00   2.2045886e+00   2.2610748e+00   4.8928548e+00   5.1656007e+00   2.8936099e+00   1.2445174e+00   3.4819240e+00   2.2777491e+00
   2.0000000e+00   3.3695682e+00   2.1953654e+00   4.0633300e+00   3.5574109e+00   3.9613503e+00   2.8898014e+00   4.3983443e+00   3.3521480e+00   3.4712216e+00   2.1083391e+00
   2.0000000e+00   1.6282428e+00   2.1843386e+00   3.0828563e+00   4.7581321e+00   1.1753762e+00   2.5712502e+00   3.0537959e+00   2.2518425e+00   4.3401551e+00   1.9506771e+00
   1.0000000e+00   3.0883422e+00   3.7048911e+00   3.7426459e+00   1.6632589e+00   4.0335387e+00   2.1505610e+00   3.9801490e+00   4.6589925e+00   3.9354581e+00   2.4677954e+00
   2.0000000e+00   2.5908773e+00   1.3010623e+00   4.1126666e+00   2.6942240e+00   3.6022299e+00   2.5410061e+00   3.7459167e+00   2.3465451e+00   3.6872447e+00   3.5541430e+00
   2.0000000e+00   2.4877993e+00   3.0072876e+00   2.9908104e+00   1.6941037e+00   1.3332592e+00   3.8473590e+00   2.8960876e+00   3.1084732e+00   3.6578531e+00   1.6503637e+00
   2.0000000e+00   2.7653216e+00   3.0865089e+00   2.5485261e+00   2.1865727e+00   1.8622103e+00   1.8574013e+00   3.0721050e+00   2.7636444e+00   4.1199109e+00   3.0777576e+00
   2.0000000e+00   2.3203029e+00   2.5823156e+00   2.1093410e+00   3.2055573e+00   3.5651731e+00   1.8464221e+00   3.5029735e+00   5.3175347e+00   3.4220939e+00   2.2465257e+00
   2.0000000e+00   5.4900196e-01   1.6677366e+00   2.3205962e+00   2.4435447e+00   4.0286615e+00   3.4740952e+00   2.8360680e+00   3.2413272e+00   3.6711649e+00   2.6474825e+00
   2.0000000e+00   3.6686315e+00   6.4177708e+00   2.0334530e+00   4.4800003e+00   2.7903152e+00   4.2768804e+00   1.9136655e+00   2.3009160e+00   2.5607158e+00   2.0881164e+00
   2.0000000e+00   3.1428928e+00   3.6498737e+00   2.4777551e+00   3.1010337e+00   2.2313117e+00   2.9363218e+00   3.0223528e+00   2.8161431e+00   3.8280423e+00   3.0252098e+00
   2.0000000e+00   2.6622072e+00   5.6102379e+00   3.1336994e+00   1.8562464e+00   3.9958110e+00   4.3095196e+00   1.8560295e+00   5.5040589e+00   4.4123871e+00   2.6396387e+00
   1.0000000e+00   3.0299265e+00   3.4793125e+00   3.1107324e+00   3.3554909e+00   4.4475409e+00   2.0952895e+00   2.3304196e+00   2.2805029e+00   1.5086552e+00   2.6837927e+00
   2.0000000e+00   2.5942698e+00   2.4931493e+00   4.2643887e+00   1.9872607e+00   4.0045641e+00   4.2489072e+00   2.5855750e+00   3.2376141e+00   2.7707030e+00   5.8089185e+00
   2.0000000e+00   3.6617122e+00   3.3105237e+00   2.5300253e+00   4.4744813e+00   3.4691543e+00   3.2543024e+00   3.0041057e+00   2.4904832e+00   1.3383034e+00   2.8457851e+00
   2.0000000e+00   2.1478028e+00   3.3882606e+00   3.1375546e+00   3.7058862e+00   3.2928363e+00   1.9495343e+00   2.6701900e+00   9.0125336e-01   1.3735772e+00   3.3070172e+00
   1.0000000e+00   2.4335904e+00   8.2069625e-01   3.4355534e+00   4.1164760e+00   3.1598310e+00   2.4167318e+00   2.4444159e+00   1.4866070e+00   1.5903150e+00   2.4743090e+00
   2.0000000e+00   3.0789103e+00   2.4817018e+00   1.8494652e+00   2.4653211e+00   3.0264858e+00   1.8740888e+00   3.7346384e+00   3.0381300e+00   3.8135886e+00   3.4372780e+00
   1.0000000e+00   3.5435302e+00   3.4116855e+00   3.2480832e+00   4.4395669e+00   3.7205376e+00   2.5004949e+00   2.0331851e+00   3.7950243e+00   1.9799162e+00   2.2292764e+00
   2.0000000e+00   3.0572672e+00   2.2745812e+00   4.6741798e+00   3.1273463e+00   5.4384433e+00   3.5556456e+00   3.7945128e+00   2.8283119e+00   3.5258423e+00   1.4755215e+00
   2.0000000e+00   3.5752526e+00   3.1677572e+00   2.3433693e+00   2.9025666e+00   3.9887357e+00   3.6973703e+00   3.9981680e+00  -3.3362588e-01   3.8356622e+00   2.7572606e+00
   2.0000000e+00   3.8463040e+00   2.4022775e+00   2.0567186e+00   6.6230725e-01   3.8950969e+00   2.6426625e+00   2.7332205e+00   1.5458465e+00   1.7448366e+00   2.9926927e+00
   2.0000000e+00   1.7370811e+00   3.5836151e+00   2.6721711e+00   2.6748919e+00   1.0376910e+00   4.1869084e+00   2.1060349e+00   3.2668899e+00   2.3666227e+00   4.4632992e+00
   2.0000000e+00   2.8191637e+00   2.1592374e+00   1.7418612e+00   2.2999176e+00   3.1446499e+00   3.7523514e+00   3.6385675e+00   3.9445341e+00   3.7786140e+00   3.1142055e+00
   2.0000000e+00   3.6101715e+00   1.5597834e+00   3.9616755e+00   4.2191806e+00   4.2209454e+00   3.3476573e+00   5.3311869e+00   3.7049819e+00   3.5536993e+00   3.4645895e+00
   2.0000000e+00   6.1470016e-01   2.8309940e+00   2.9808377e+00   4.1132704e+00   2.5533216e+00   2.6115048e+00   3.1160275e+00   2.1487538e+00   2.8270658e+00   2.4627220e+00
   1.0000000e+00   3.7353996e+00   2.3676828e+00   3.5097866e+00   3.0392158e+00   3.4084388e+00   3.0050534e+00   1.4488059e+00   2.1085924e+00   2.1622375e+00   2.8495729e+00
   2.0000000e+00   2.9622513e+00   4.1217193e+00   1.8064115e+00   2.4079827e+00   2.1154542e+00   2.7939365e+00   1.4775958e+00   3.6351099e+00   2.3839940e+00   3.7425795e+00
   2.0000000e+00   3.0026359e+00   3.2038992e+00   2.6386779e+00   3.3514580e+00   3.8728208e+00   2.4114806e+00   2.5760361e+00   2.0843689e+00   2.8772778e+00   4.1452548e+00
   1.0000000e+00   1.5466891e+00   1.8412794e+00   3.6404305e+00   3.0993636e+00   3.9920666e+00   2.9023935e+00   3.0498708e+00   3.8231150e+00   3.5598243e+00   3.4744379e+00
   1.0000000e+00   2.6580516e+00   3.4702589e+00   3.3477139e+00   3.1125425e+00   2.3583030e+00   3.0562121e+00   8.3057896e-01   2.9742124e+00   3.2856137e+00   2.9737841e+00
   2.0000000e+00   3.0174926e+00   3.4958971e+00   2.4919035e+00   4.0253854e+00   3.8574877e+00   4.7322316e+00   1.5612001e+00   2.2016639e+00   4.1378813e+00   5.7859542e-01
   2.0000000e+00   3.3887616e+00   1.3248555e+00   4.6762452e+00   4.3614586e+00   1.3272302e+00   4.4861901e+00   4.2959400e+00   2.2209874e+00   4.0270082e+00   3.5695931e+00
   2.0000000e+00   5.8991074e-01   1.4789722e+00   4.1875350e+00   4.6545169e+00   3.7587314e+00   2.2659030e+00   5.1055175e+00   4.4979279e+00   2.5976410e+00   2.0515174e+00
   2.0000000e+00   4.4009431e+00   2.2928934e+00   3.3996929e+00   3.5428356e+00   1.9974191e+00   1.6886747e+00   3.7087912e+00   2.9873053e+00   2.2511828e+00   1.4638566e+00
   2.0000000e+00   1.3177348e+00   3.8867276e+00   3.9019111e+00   2.7935753e+00   3.9763926e+00   3.6483271e+00   2.6826671e+00   1.9241515e+00   2.2581361e+00   4.5563558e+00
   2.0000000e+00   2.3352639e+00   1.7574154e+00   2.3619684e+00   2.0221087e+00   3.0788668e+00   3.9202068e+00   2.6286607e+00   3.6641985e+00   3.7435505e+00   3.4609179e+00
   2.0000000e+00   2.8231560e+00   2.4609623e+00   4.1074542e+00   2.7868981e+00   3.5996905e+00   3.0775692e+00   2.5768616e+00   3.5518492e+00   3.5896923e+00   4.0110619e+00
   2.0000000e+00   3.2299023e+00   3.5659551e+00   2.8637249e+00   1.9711709e+00   2.9170197e+00   3.2503987e+00   3.3489642e+00   3.6094645e+00   5.9379301e-01   3.7326646e+00
   1.0000000e+00   2.3032077e+00   2.1815336e+00   3.1751323e+00   4.3935487e+00   6.2772817e-01   2.8409914e+00   2.2622245e+00   4.8996947e+00   2.9505383e+00   3.5518047e+00
   2.0000000e+00   3.7493088e+00   2.5921468e+00   2.9849611e+00   3.4594213e+00   2.8315542e+00   4.0940562e+00   3.1528278e+00   3.6740238e+00   2.8363300e+00   2.3140163e+00
   2.0000000e+00   4.3213254e+00   4.0032806e+00   2.1431994e+00   2.4941954e+00   4.7144199e+00   1.1684793e+00   3.8446189e+00   3.5062419e+00   3.0039200e+00   3.1773876e+00
   2.0000000e+00   2.3817034e+00   3.5994467e+00   2.0262869e+00   2.3212158e+00   3.1006326e+00   1.6628732e+00   3.1469662e+00   1.2177620e+00   2.3989453e+00   2.1319500e+00
   2.0000000e+00   1.5286324e+00   3.6743427e+00   3.1137472e+00   2.2931128e+00   2.4349085e+00   4.5254498e+00   3.2075933e+00   5.0787938e+00   3.2951743e+00   1.1675559e+00
   2.0000000e+00   2.9818767e+00   3.3389601e+00   2.7975061e+00   4.2260570e+00   5.0318114e+00   3.1370494e+00   1.6573256e+00   3.3523398e+00   3.1637842e+00   3.3480234e+00
   1.0000000e+00   2.7161861e+00   5.2559653e-01   3.0068744e+00   4.1884357e+00   8.6220659e-01   3.1520857e+00   4.1601364e+00   2.3781883e+00   2.8892519e+00   3.2134666e+00
   1.0000000e+00   2.7655428e+00   3.1167845e+00   3.6298987e+00   3.1877748e+00   4.1561758e+00   2.3455506e+00   4.4259329e+00   2.6204077e+00   4.5765268e+00   2.4755875e+00
   2.0000000e+00   3.6912937e+00   4.7614562e+00   2.5362060e+00   2.8951893e+00   2.4525202e+00   3.2604046e+00   4.0007910e+00   2.4374739e+00   2.6260577e+00   2.8873194e+00
   2.0000000e+00   3.0151462e+00   3.8040784e+00   1.5879641e+00   3.3498397e+00   3.4728841e+00   1.6969700e+00   3.4303331e+00   3.2994325e+00   3.6307184e+00   3.7679470e+00
   2.0000000e+00   4.0786233e+00   3.0819135e+00   2.7855026e+00   4.1866573e+00   4.4747207e+00   2.4065598e+00   3.8080590e+00   4.6678194e+00   3.6868223e+00   3.6706565e+00
   2.0000000e+00   1.9079007e+00   3.1839332e+00   2.7699380e+00   1.8755146e+00   1.4202915e+00   2.3301204e+00   4.9727253e+00   3.1020843e+00   2.4047659e-01   1.8171734e+00
   1.0000000e+00   1.4634936e+00   2.6033017e+00   3.8890654e+00   3.6981527e+00   2.3145839e+00   3.1126148e+00   1.2321809e+00   3.2234505e+00   2.8611991e+00   3.3689527e+00
   2.0000000e+00   3.0493989e+00   2.2700679e+00   5.2677917e-01   2.6987508e+00   1.3570483e+00   2.6174974e+00   3.9528166e+00   3.7863124e+00   1.8372934e+00   3.7463642e+00
   2.0000000e+00   3.9803833e+00   2.0693153e+00   2.8666710e+00   2.4694751e+00   3.3815000e+00   2.2482521e+00   1.8508251e+00   2.1525963e+00   2.7022130e+00   1.8738281e+00
   2.0000000e+00   2.0172912e+00   1.7195339e+00   3.4786999e+00   2.2127216e+00   2.5448054e+00   1.5945552e+00   2.7224502e+00   3.2044010e+00   2.2198664e+00   4.7651030e+00
   2.0000000e+00   2.4604464e+00   3.4415718e+00   1.7340475e+00   3.3924312e+00   1.0251113e+00   5.0174728e+00   2.7496957e+00   2.0451287e+00   3.9713323e+00   3.2285462e+00
