   2.0000000e+00   4.0095607e+00   1.9804796e+00   1.0073003e+00   3.5260719e+00   3.5996354e+00   4.6405860e+00   2.8690862e+00   2.3692865e+00   4.3843296e+00   5.2832540e+00
   1.0000000e+00   2.9966540e+00   3.4864544e+00   6.0917599e+00   3.5433840e+00   3.6872802e+00   3.1347066e+00   3.9118621e+00   2.9495585e+00   4.2558922e+00   3.8010833e+00
   2.0000000e+00   3.4569870e+00   2.5853616e+00   2.7798311e+00   3.9158454e+00   4.7252846e+00   4.7244320e+00   2.1382849e+00   3.1414701e+00   3.3767942e+00   3.7341692e+00
   1.0000000e+00   3.5650299e+00   2.2763053e+00   5.2166575e+00   1.9280597e+00   2.4694011e+00   3.2793088e+00   3.7577657e+00   3.1872974e+00   1.8222873e+00   4.0631646e+00
   1.0000000e+00   2.8270256e+00   3.5873950e+00   3.6527737e+00   3.2378124e+00   2.1395443e+00   3.6783455e+00   4.7454159e+00   4.5025811e+00   2.1957338e+00   1.5844804e+00
   2.0000000e+00   2.6411125e+00   3.9230755e+00   2.8954565e+00   2.8684592e+00   2.3582234e+00   4.6533959e+00   1.0204445e+00   4.1367431e+00   3.3817868e+00   3.8734003e+00
   1.0000000e+00   3.4309793e+00   1.8349236e+00   1.5199980e+00   4.9211078e+00   2.6552786e+00   3.7758351e+00   2.6649706e+00   3.0233704e+00   4.0251041e+00   2.7491544e+00
   2.0000000e+00   2.6968067e+00   2.9789340e+00   2.4689511e+00   1.2357596e+00   4.0742324e+00   5.4648785e+00   3.0502326e+00   3.0084813e+00   4.7924092e+00   3.1616891e+00
   2.0000000e+00   3.5186151e+00   3.5302364e+00   3.2399227e+00   3.6566869e+00   2.8880287e+00   1.7742431e+00   1.9199857e+00   3.2888350e+00   8.9366453e-01   1.4436979e+00
   2.0000000e+00   1.9107560e+00   2.9227876e+00   9.7167892e-01   2.4255385e+00   2.5021434e+00   1.7399285e+00   5.0919649e+00   3.1703663e+00   1.8532996e+00   4.6307007e+00
   2.0000000e+00   3.0290430e+00   4.8555883e+00   2.4309657e+00   1.9471009e+00   2.9515150e+00   4.2117764e+00   2.8418135e+00   3.9905749e+00   2.8897156e+00   2.9620057e+00
   2.0000000e+00   3.1193150e+00   2.7316512e+00   3.5841275e+00   4.3115221e+00   2.2667864e+00   2.5116515e+00   4.8467286e+00   4.3728730e+00   4.4128757e+00   2.6141099e+00
   2.0000000e+00   4.3794321e+00   3.6020457e+00   3.7842743e+00   3.9498444e+00   2.9315237e+00   3.0534960e+00   2.0061486e+00   3.3491088e+00   1.9671152e+00   3.0614237e+00
   2.0000000e+00   4.7480910e+00   1.7892219e+00   2.8767731e+00   3.8818390e+00   3.9238095e+00   3.9753708e+00   2.7634663e+00   3.6072283e+00   3.8140647e+00   4.1083024e+00
   1.0000000e+00   2.7734682e+00   2.3021911e+00   1.7835694e+00   5.2028911e+00   2.2641759e+00   3.2900480e+00   2.4660924e+00   2.7865055e+00   2.8709994e+00   3.7790117e+00
   2.0000000e+00   2.3280335e+00   3.4394096e+00   1.6647052e+00   3.6796121e+00   2.0402823e+00   2.9259073e+00   6.0594992e-01   8.8168091e-01   4.8231052e+00   4.1816279e+00
   2.0000000e+00   1.9546292e+00   3.6561327e+00   3.0505468e+00   1.7929390e+00   3.6916625e+00   3.4361556e+00   2.2028690e+00   3.1118937e+00   3.5197362e+00   4.1848528e+00
   2.0000000e+00   2.4248188e+00   3.2943247e+00   3.1537578e+00   2.9777765e+00   2.6552947e+00   1.9953330e+00   2.5872207e+00   1.0323004e+00   2.6661021e+00   3.1915966e+00
   2.0000000e+00   3.0025774e+00   5.1717546e+00   4.7869535e+00   1.9767589e+00   3.3258198e+00   2.9521472e+00   3.0910697e+00   2.5482535e+00   2.8186309e+00   2.8327829e+00
   2.0000000e+00   1.7535579e+00   2.4942263e+00   3.4536196e+00   3.3311910e+00   4.4444052e+00   4.2518648e+00   1.4509441e+00   5.0276362e+00   3.9264268e+00   3.9011068e+00
   1.0000000e+00   2.5228728e+00   2.4345714e+00   3.0376521e+00   2.9087787e+00   3.2835644e+00   3.3421323e+00   3.0998019e+00   4.0928054e+00   3.9349611e+00   2.6752114e+00
   2.0000000e+00   3.5512326e+00   4.0336394e+00   3.1066055e+00   3.5542216e+00   1.4470715e+00   5.6875762e+00   3.6645948e+00   1.6814012e+00   3.2789151e+00   2.6658507e+00
   2.0000000e+00   4.4248927e+00   2.1790574e+00   2.7469267e+00   3.7865556e+00   1.0073798e+00   4.2111772e+00   3.3332084e+00   2.5673836e+00   4.7741195e+00   3.7173361e+00
   2.0000000e+00   3.9819300e+00   5.2165273e+00   2.3713235e+00   4.6210649e+00   1.9442274e+00   4.7475790e+00   3.0111629e+00   2.8502782e+00   2.4026408e+00   3.6329342e+00
   1.0000000e+00   2.3651344e+00   2.4417301e+00   3.9400308e+00   2.4491828e+00   3.2218571e+00   3.2224627e+00   3.3930201e+00   1.9043763e+00   4.9879068e+00   3.3725389e+00
   2.0000000e+00   1.0008985e+00   2.6942932e+00   2.8196298e+00   3.6709033e+00   2.1572342e+00   1.7712847e+00   3.5949448e+00   3.0416408e+00   2.1432569e+00   2.7334365e+00
   2.0000000e+00   2.6017127e+00   4.1288029e+00   3.2560751e+00   1.8792943e+00   1.9888808e+00   2.3296137e+00   2.5737514e+00   3.1969328e+00   2.5708444e+00   2.2594318e+00
   2.0000000e+00   3.3492880e+00   2.2159703e+00   3.3335426e+00   4.0521282e+00   2.9980978e+00   4.5172312e+00   3.1908096e+00   2.3789159e+00   4.5534568e+00   2.8263581e+00
   2.0000000e+00   3.0501178e+00   3.9371198e+00   2.1232460e+00   3.9708481e+00   3.1501555e+00   2.0004102e+00   4.1697783e+00   2.6608661e+00   3.0142475e+00   3.7770340e+00
   2.0000000e+00   2.3948448e+00   3.7921140e+00   1.9815316e+00   2.2437359e+00   4.8638286e+00   3.8927701e+00   1.6381434e+00   3.4710850e+00   2.4786937e+00   2.6835226e-01
   1.0000000e+00   2.4368832e+00   1.9254510e+00   2.4533224e+00   3.0028105e+00   3.1557082e+00   3.6144943e+00   3.9654683e+00   3.6879616e+00   3.1876430e+00   1.4492907e+00
   2.0000000e+00   3.4430709e+00   3.8340097e+00   8.2538972e-01   4.8937004e+00   2.6985821e+00   2.0102809e+00   3.3944157e+00   3.0822469e+00   2.2934338e+00   4.3175561e+00
   2.0000000e+00   4.3849109e+00   3.3417618e+00   3.5914869e+00   1.5599738e+00   2.8785130e+00   3.9733339e+00   4.9338397e+00   2.6179827e+00   4.1105056e+00   2.5613519e+00
   2.0000000e+00   3.6267394e+00   2.4441333e+00   3.7932319e+00   3.3159471e+00   6.9616906e-01   1.7911101e+00   3.5091258e+00   3.8665349e+00   1.9565260e+00   2.2409764e+00
   2.0000000e+00   8.0946226e-01   2.3693392e+00   4.3337302e+00   2.0060596e+00   2.7649388e+00   3.1808151e+00   3.3839519e+00   2.7842209e+00   1.8164955e+00   4.0283832e+00
   2.0000000e+00   2.1588066e+00   3.0190327e+00   1.4054799e+00   2.1334768e+00   2.2503918e+00   2.1161606e+00   2.4013002e+00   3.0830093e+00   3.0988888e+00   1.4541847e+00
   2.0000000e+00   1.9220602e+00   3.2433716e+00   4.1685219e+00   3.8598918e+00   2.9262468e+00   3.2761429e+00   4.8136181e+00   3.6520503e+00   3.4090042e+00   2.2754930e+00
   2.0000000e+00   2.0922722e+00   2.1734751e+00   1.5177086e+00   3.5338293e+00   3.8272527e+00   2.8808714e+00   2.3764213e+00   3.5775848e+00   2.9483580e+00   3.2290130e+00
   2.0000000e+00   4.3858013e+00   3.3159414e+00   2.3504111e+00   4.0353461e+00   3.2851883e+00   1.5231878e+00   2.3898017e+00   3.7238311e+00   3.2824581e+00   2.4790206e+00
   2.0000000e+00   3.3629478e+00   2.8768310e+00   2.7793728e+00   4.3965830e+00   1.0024141e+00   4.0667141e+00   2.7007017e+00   2.7304642e+00   2.4790949e+00   3.3819038e+00
   2.0000000e+00   3.0239496e+00   2.1605456e+00   1.3005365e+00   1.7172274e+00   1.6419803e+00   4.0931184e+00   3.0432049e+00   4.7223565e+00   3.1943137e+00   3.4629754e+00
   1.0000000e+00   2.8806257e+00   1.9822744e+00   3.5265477e+00   2.2085955e+00   1.1556018e-01   3.4263792e+00   1.8997681e+00   2.9367460e+00   2.3052539e+00   2.4552080e+00
   2.0000000e+00   1.1000450e+00   2.4366325e+00   3.0036072e+00   2.0348552e+00   2.4636322e+00   2.6718230e+00   3.1450468e+00   2.8678785e+00   5.4063410e+00   8.9544909e-01
   2.0000000e+00   2.7054306e+00   2.1950590e+00   2.9111640e+00   3.1638962e+00   1.4493681e+00   1.1085247e+00   2.6234477e+00   2.9540981e+00   2.7551210e+00   2.4289263e+00
   2.0000000e+00   2.3900961e+00   4.0724840e+00   1.5085758e+00   4.5017139e+00   2.4214597e+00   2.1306420e+00   4.7695866e+00   1.9717907e+00   2.2173332e+00   1.2497318e+00
   1.0000000e+00   2.8364962e+00   1.8633640e+00   3.4913242e+00   3.1208465e+00   2.0154991e+00   3.3003373e+00   2.6248385e+00   2.7120807e+00   3.2832267e+00   2.2750886e+00
   1.0000000e+00   2.2038022e+00   3.1332042e+00   2.5817513e+00   2.6422420e+00   2.2488368e+00   3.1284686e+00   2.6624799e+00   3.5045705e+00   3.6167742e+00   1.6796715e+00
   2.0000000e+00   3.6620124e+00   3.5205510e+00   4.4607311e+00   3.1393339e+00   3.9800623e+00   2.9569779e+00   4.1405433e+00   3.9676997e+00   3.9932908e+00   3.1006856e+00
   1.0000000e+00   2.6732171e+00   2.0311354e+00   4.3857947e+00   1.6500650e+00   4.5546250e+00   3.1484447e+00   2.6267349e+00   1.4523146e+00   3.5121663e+00   3.4742128e+00
   2.0000000e+00   3.2515008e+00   3.3687087e+00   2.8717044e+00   2.2040385e+00   4.8402318e+00   4.1649985e+00   3.8205411e+00   2.8729847e+00   5.1633146e+00   2.8302022e+00
   2.0000000e+00   3.5784218e+00   2.5169017e+00   3.1859829e+00   3.0622751e+00   5.1278812e+00   3.9601199e+00   3.0223771e+00   1.6348918e+00   2.6930694e+00   2.9645977e+00
   2.0000000e+00   3.0327440e+00   2.1170126e+00   4.1872920e+00   1.9012101e+00   1.9579533e+00   1.3685662e+00   1.6718340e+00   6.6597280e-01   4.9832199e+00   3.7366211e+00
   1.0000000e+00   3.0304570e+00   1.5393313e+00   4.3241419e+00   1.7662015e+00   2.6818098e+00   3.0031030e+00   2.5053596e+00   4.3166425e+00   4.3453231e+00   2.3791087e+00
   2.0000000e+00   3.9124762e+00   2.0503898e+00   3.1026185e+00   5.2102839e+00   5.2742420e+00   9.7620763e-01   2.9717739e+00   3.9570097e+00   3.7907046e+00   4.1383490e+00
   2.0000000e+00   3.9292913e+00   4.7155365e+00   5.3321450e+00   3.6383398e+00   3.3757413e+00   5.0053805e+00   3.4357250e+00   2.8825467e+00   2.1545892e+00   2.5563589e+00
   2.0000000e+00   1.7356255e+00   1.4290005e+00   3.8342109e+00   2.0599217e+00   9.9604491e-01   4.5782988e+00   4.8805859e+00   4.7767184e+00   2.5283491e+00   3.4085465e+00
   2.0000000e+00   1.7281405e+00   2.3469160e+00   4.3029293e+00   2.0674558e+00   2.9788848e+00   4.2601486e+00   3.2824249e+00   2.9948103e+00   3.0372528e+00   2.9148480e+00
   2.0000000e+00   4.3591144e+00   1.8451420e+00   2.5382170e+00   2.6080709e+00   2.1678201e+00   3.2983065e+00   3.9881242e+00   3.4952714e+00   3.9209232e+00   2.3851891e+00
   1.0000000e+00   2.7226191e+00   3.7613446e+00   1.5673013e+00   2.1556005e+00   4.7160124e+00   3.7289045e+00   2.1672454e+00   3.5826467e+00   3.1848946e+00   2.9152279e+00
   2.0000000e+00   3.1676861e+00   2.0819346e+00   4.0801202e+00   1.8232291e+00   4.5378557e+00   2.6437528e+00   1.9876004e+00   2.6024990e+00   3.4718968e+00   3.4624000e+00
   2.0000000e+00   3.2300768e+00   2.5563114e+00   3.6125749e+00   4.6517358e+00   3.4890623e+00   4.0075968e+00   2.4508126e+00   1.2728086e+00   2.6221918e+00   2.5867040e+00
   2.0000000e+00   2.7570643e+00   3.7226856e+00   3.7157969e+00   3.6478407e+00   1.6808907e+00   2.6268033e+00   3.1038753e+00   3.6277276e+00   3.2596814e+00   1.9184377e+00
   2.0000000e+00   3.1311836e+00   3.9312114e+00   2.1776062e+00   3.1479300e+00   4.0444952e+00   1.4298448e+00   3.3118842e+00   2.9284335e+00   2.1155393e+00   3.0723868e+00
   1.0000000e+00   2.6081062e+00   1.9071668e+00   2.3887091e+00   3.2313626e+00   3.6824903e+00   3.9065653e+00   1.8413463e+00   1.6799867e+00   2.6433120e+00   2.9119538e+00
   2.0000000e+00   4.0781362e+00   2.8082497e+00   4.1018451e+00   2.0233162e+00   2.3582643e+00   4.6181120e+00   2.4766459e+00   2.3594625e+00   4.2982056e+00   2.4878113e+00
   1.0000000e+00   3.5700021e+00   3.3782807e+00   2.5895939e+00   2.3355239e+00   2.3127604e+00   3.5720248e+00   5.2032638e+00   3.3545497e+00   3.4718350e+00   2.1495971e+00
   2.0000000e+00   2.2418221e+00   2.9892402e+00   4.5445853e+00   3.1522665e+00   3.8562714e+00   3.1954898e-01   3.5394517e+00   1.8052297e+00   1.1418008e+00   3.0160499e+00
   2.0000000e+00   3.6634915e+00   4.8688157e+00   2.2155749e+00   2.1056629e+00   1.7144667e+00   3.9465715e+00   3.9113798e+00   2.2059731e+00   3.5756468e+00   3.5015732e+00
   2.0000000e+00   1.6882753e+00   4.2949506e+00   4.9470861e+00   4.0656613e+00   1.3891006e+00   5.2936852e+00   1.6585699e+00   3.1752032e+00   2.4210741e+00   5.8123014e+00
   2.0000000e+00   1.8339606e+00   4.3331221e+00   1.2655505e+00   1.5741951e+00   1.7618485e+00   9.3396222e-01   2.9260223e+00   3.2044358e+00   2.8611353e+00   4.0903059e+00
   2.0000000e+00   1.7982074e+00   9.4598751e-01   5.6232410e-01   3.6634414e+00   2.7069380e+00   4.5669703e+00   1.4400893e+00   2.3131095e+00   4.3390113e+00   5.1505689e+00
   2.0000000e+00   2.7939943e+00   2.6483416e+00   3.2097372e+00   2.4153409e+00   3.5006057e+00   4.0868555e+00   2.9193632e+00   2.8552971e+00   4.1745415e+00   2.7860827e+00
   2.0000000e+00   3.4992394e+00   2.7604105e+00   4.8232934e+00   4.2614025e+00   9.6869547e-01   2.0291593e+00   3.1886431e+00   3.6197661e+00   1.8950698e+00   3.1785682e+00
   2.0000000e+00   3.9253430e+00   1.9133012e+00   4.0276354e+00   3.4802379e+00   2.9964136e+00   2.3821763e+00   4.4342764e+00   1.6499899e+00   4.2070055e+00   3.5595995e+00
   2.0000000e+00   2.4258870e+00   2.2096483e+00   4.1157839e+00   2.2365952e+00   1.7414318e+00   6.7751236e-01   2.6979613e+00   3.1982179e+00   4.8932440e-01   2.1820298e+00
   2.0000000e+00   2.1947677e+00   3.7255194e+00   2.7781265e+00   2.8904635e+00   3.5701501e+00   5.4695758e+00   3.8566092e+00   3.1888608e+00   3.2514241e+00   1.7136254e+00
   2.0000000e+00   3.1744685e+00   1.6028755e+00   3.1950418e+00   3.1098932e+00   3.2101538e+00   1.8448698e+00   2.1162493e+00   2.3951092e+00   3.5760666e+00   1.6083725e+00
   1.0000000e+00   3.6401567e+00   4.1704359e+00   3.2914290e+00   3.8309861e+00   3.2148632e+00   3.0249703e+00   1.5084307e+00   2.6310383e+00   1.5157010e+00   1.7408150e+00
   2.0000000e+00   1.8615396e+00   4.6633203e+00   1.7647927e+00   2.2930303e+00   3.9351502e+00   2.6283355e+00   4.3451119e+00   2.7090268e+00   4.7735439e+00   2.5068571e+00
   1.0000000e+00   2.5864475e+00   3.0132021e+00   4.6208118e+00   3.6146408e+00   3.0415516e+00   3.2906424e+00   3.5512233e+00   2.7237545e+00   3.4932770e+00   2.4375150e+00
   1.0000000e+00   3.0813795e+00   4.7979413e+00   2.6203824e+00   2.6546716e+00   1.9516433e+00   3.0712137e+00   3.9670463e+00   2.3976699e+00   1.5844848e+00   3.5753702e+00
   2.0000000e+00   2.5554076e+00   4.6069783e+00   3.4659872e+00   3.7393515e+00   3.6075264e+00   1.5945930e+00   3.3042998e+00   3.4629258e+00   1.5395689e+00   2.8848089e+00
   2.0000000e+00   2.7636208e+00   3.0787984e+00   2.6520485e+00   3.9570044e+00   4.4722408e+00   2.9921546e+00   1.5145172e+00   3.6809398e+00   2.6952483e+00   1.7944661e+00
   1.0000000e+00   2.4773510e+00   2.5998716e+00   4.8561039e+00   4.9142641e+00   2.4733166e+00   3.0007018e+00   3.6565754e+00   2.1834491e+00   4.9078279e+00   1.6319803e+00
   2.0000000e+00   4.6367135e+00   3.8521082e+00   4.5290742e+00   2.1182981e+00   1.3825762e+00   2.6215425e+00   3.0155263e+00   3.6556092e+00   3.0273283e+00   3.3533164e+00
   2.0000000e+00   1.1814698e+00   2.3355679e+00   3.7195221e+00   2.3952123e+00   2.5136262e+00   3.2948724e+00   3.2407020e+00   1.4207280e+00   2.0508784e+00   1.4701153e+00
   2.0000000e+00   3.1024227e+00   2.8236752e+00   2.6066787e+00   4.9609576e+00   5.5300893e+00   2.2568905e+00   3.1099530e+00   2.7591628e+00   1.9051193e+00   2.9933435e+00
   2.0000000e+00   4.7795030e+00   4.2006009e+00   1.7219427e+00   2.2550145e+00   2.6833483e+00   1.7969242e+00   1.8409520e+00   3.3194367e+00   2.0014431e+00   3.9292720e+00
   2.0000000e+00   2.6499317e+00   1.9894374e+00   3.3013611e+00   2.9998807e+00   1.9722524e+00   2.6589349e+00   3.8057596e+00   1.9310844e+00   2.2051461e+00   2.1090666e+00
   2.0000000e+00   3.2053645e+00   2.3025614e+00   4.1337537e+00   2.7855824e+00   2.3187171e+00   2.3426523e+00   2.3407455e+00   3.9671767e+00   3.8922020e+00   4.0202331e+00
   2.0000000e+00   9.7896448e-01   3.8778033e+00   2.8649205e+00   4.1047146e+00   2.2184656e+00   1.6998454e+00   2.8765739e+00   2.3283047e+00   3.5117279e+00   3.4893801e+00
   2.0000000e+00   1.3764132e+00   1.1620779e+00   1.5425074e+00   3.4827224e+00   2.0156296e+00   3.7140974e+00   1.8428992e+00   1.6152800e+00   2.0919458e+00   2.5303902e+00
   2.0000000e+00   1.5260237e+00   3.9307040e+00   5.0199768e+00   4.9671178e-01   3.3575711e+00   2.6715146e+00   2.2276215e+00   4.5095157e+00   2.4605626e+00   2.6325167e+00
   2.0000000e+00   4.5668707e+00   2.9047180e+00   1.7476081e+00   4.2925355e+00   3.7788771e+00   3.4923020e+00   4.1627634e-01   3.6505363e+00   3.4144433e+00   4.1798701e+00
   2.0000000e+00   3.7726243e+00   2.8521063e+00   4.5937855e+00   1.5596076e+00   1.7410372e+00   2.6503597e+00   3.4310766e+00   3.8957565e+00   2.8520516e+00   2.6820670e+00
   1.0000000e+00   2.4770797e+00   2.8461216e+00   3.7641940e+00   3.1346088e+00   1.9042922e+00   3.4202648e+00   2.6929097e+00   6.6164094e+00   1.6772110e+00   1.2139127e+00
   1.0000000e+00   3.2604699e+00   2.6122789e+00   3.2579972e+00   3.3332200e+00   4.4434790e+00   3.6285293e+00   3.4216109e+00   1.4999404e+00   2.7249370e+00   9.3154108e-01
   2.0000000e+00   4.9030436e+00   2.9443134e+00   3.1146043e+00   3.4954228e+00   3.8575677e+00   3.0558907e+00   1.8892962e+00   3.6441128e+00   2.7905900e+00   3.5085387e+00
   2.0000000e+00   2.1346512e+00   2.5373750e+00   3.4076969e+00   4.4559933e+00   2.8126686e+00   1.7718998e+00   2.4674052e+00   3.0350280e+00   2.9893693e+00   3.1206003e+00
   2.0000000e+00   3.4776711e+00   2.2112482e+00   2.5824940e+00   1.2701764e+00   2.1421739e+00   2.6979097e+00   2.0549994e+00   4.2814641e+00   4.1118222e+00   2.2240200e+00
