   2.0000000e+00   5.8490863e-01   2.0653413e+00   2.0729201e+00   4.1136009e+00   2.0464536e+00   5.0521744e+00   3.5400136e+00   4.3639656e+00   4.3681599e+00   1.8203404e+00
   1.0000000e+00   3.3064072e+00   4.0153177e+00   2.1853361e+00   2.7259259e+00   2.5215327e+00   2.6991394e+00   3.6055728e+00   2.9879546e+00   4.5876506e+00   4.8590702e+00
   2.0000000e+00   3.5458464e+00   2.5216492e+00   1.1392380e+00   3.7525859e+00   4.7566453e+00   1.9048920e+00   4.3062300e+00   2.4964564e+00   3.9948960e+00   2.2109739e+00
   2.0000000e+00   4.8745435e+00   2.6430216e+00   2.9662015e+00   6.5634160e-01   3.1216276e+00   1.2035359e+00   3.8709166e+00   2.9691903e+00   3.5512468e+00   2.6295676e+00
   2.0000000e+00   2.7485435e-01   2.9154063e+00   2.1667323e+00   3.6199490e+00   2.6124896e+00   4.2236475e+00   2.6687293e+00   1.4610302e+00   1.0522341e+00   3.0612170e+00
   1.0000000e+00   3.1261191e+00   2.7065704e+00   2.4445667e+00   3.8166933e+00   2.4090377e+00   4.1790532e+00   3.9480625e+00   3.5433565e+00   3.1820742e+00   2.1744002e-01
   2.0000000e+00   5.4544135e+00   1.6057986e+00   2.9345859e+00   1.5742552e+00   2.7810751e+00   1.0903481e+00   2.4754210e+00   3.9849381e+00   3.4569836e+00   3.1835684e+00
   2.0000000e+00   1.6616269e+00   4.9554404e+00   2.6975413e+00   2.4363000e+00   3.6986433e+00   3.1676729e+00   3.8472409e+00   2.4016351e+00   4.4786844e+00   2.7333883e+00
   1.0000000e+00   3.3115447e+00   4.3528304e+00   2.4051075e+00   3.3741430e+00   2.4915850e+00   2.3184168e+00   2.9975327e+00   3.5119623e+00   6.3810207e-02   2.7747574e+00
   1.0000000e+00   3.7293278e+00   2.8618783e+00   2.9307472e+00   4.2713617e+00   4.9315242e+00   2.4891841e+00   3.0212630e+00   3.6673928e+00   3.7558872e+00   2.0511763e+00
   2.0000000e+00   4.0013806e+00   2.8871970e+00   3.8138935e+00   3.8706727e+00   2.4389018e+00   4.6792718e+00   2.2473527e+00   4.1321052e+00   3.5962591e+00   2.6231753e+00
   2.0000000e+00   4.5314461e+00   3.0401428e+00   2.2299413e+00   2.2425163e+00   2.6492375e+00   3.2704504e+00   3.4672663e+00   2.0365395e+00   2.4981709e+00   1.9159197e+00
   2.0000000e+00   1.4236333e+00   3.0087206e+00   3.8934018e+00   2.3450064e+00   3.4354413e+00   2.3586314e+00   1.4060937e+00   3.2813296e+00   9.1963706e-01   4.4742813e+00
   2.0000000e+00   2.5241833e+00   3.5432677e+00   4.2553440e+00   2.6618070e+00   2.4411983e+00   2.0237742e+00   3.4064625e+00   3.6011509e+00   2.8513034e+00   1.7736458e+00
   2.0000000e+00   3.6715804e+00   2.6900931e+00   2.2031305e+00   3.6048991e+00   2.7612209e+00   3.7879873e+00   3.7083385e+00   3.7954564e+00   2.2484511e+00   2.9192714e+00
   2.0000000e+00   1.9310197e+00   2.9524096e+00   4.1349203e+00   3.5026458e+00   4.4717030e+00   3.1135493e+00   3.5447136e+00   4.8741014e+00   4.5464543e+00   1.8573689e+00
   2.0000000e+00   4.6245766e+00   3.1426788e+00   3.3504773e+00   3.1904119e+00   4.0582649e+00   4.1731822e+00   2.8299878e+00   2.7365870e+00   2.1873554e+00   3.4978753e+00
   2.0000000e+00   3.2535911e+00   3.4451438e+00   1.8328336e+00   1.7022836e+00   5.9074920e+00   4.3227367e+00   2.9603415e+00   3.8190002e+00   2.5840151e+00   1.4796884e+00
   2.0000000e+00   2.3601981e+00   3.3258975e+00   3.4192787e+00   2.6391457e+00   3.4813211e+00   4.1413241e+00   2.7605760e+00   2.2251418e+00   3.1181559e+00   1.9780097e+00
   2.0000000e+00   2.2296556e+00   3.0693516e+00   3.9701299e+00   4.1244420e+00   2.7087498e+00   6.7112480e-01   2.3519628e+00   3.3733789e+00   1.7995106e+00   4.0025533e+00
   2.0000000e+00   2.5868992e+00   3.1704998e+00   2.8214007e+00   3.5483199e+00   2.0332083e+00   3.2838957e+00   3.6772289e+00   1.8119116e+00   4.4020600e+00   4.0634390e+00
   2.0000000e+00   2.4202613e+00   2.2925190e+00   3.2839810e+00   5.4535552e+00   2.6383506e+00   3.4132305e+00   3.8887013e+00   3.7744907e+00   2.1963038e+00   1.0896663e+00
   2.0000000e+00   3.7413797e+00   3.9904392e+00   1.7059976e+00   3.6062401e+00   4.0400921e+00   4.1968116e+00   3.9198515e+00   4.1657467e+00   2.1237334e+00   3.4380683e+00
   2.0000000e+00   1.7949145e+00   3.8153954e+00   3.7815529e+00   1.2880890e+00   3.1757334e+00   5.1734141e+00   2.6880397e+00   3.9175546e+00   5.3192410e+00   5.3665345e+00
   1.0000000e+00   3.1177294e+00   3.8688074e+00   2.5792546e+00   3.9934898e+00   2.4439293e+00   3.7153347e+00   3.2535637e+00   2.8695713e+00   3.4946502e+00   1.9589144e+00
   2.0000000e+00   3.8968350e+00   2.6413945e+00   3.9352036e+00   2.9252663e+00   2.0673740e+00   2.0191911e+00   2.9146647e+00   2.5251050e+00   2.4993080e+00   4.1247267e+00
   2.0000000e+00   4.5649086e+00   4.0659673e+00   3.2906462e+00   2.7740295e+00   2.6118275e+00   4.8581598e+00   3.1387739e+00   3.6717439e+00   5.0525029e+00   3.5367628e+00
   1.0000000e+00   3.5328341e+00   1.2675933e+00   3.6299054e+00   2.2141486e+00   3.0322587e+00   3.5824693e+00   2.7376113e+00   1.8983295e+00   3.3408071e+00   3.3215625e+00
   2.0000000e+00   2.6573813e+00   3.0422544e+00   4.2470992e+00   2.6910404e+00   3.0069953e+00   2.8711807e+00   2.5906337e+00   2.6112340e+00   3.7872646e+00   3.7769776e+00
   2.0000000e+00   2.8768728e+00   2.8999110e+00   1.3985708e+00   2.8526491e+00   3.3040180e+00   3.2277280e+00   1.5838486e+00   2.6084058e+00   4.8126734e+00   3.8701512e+00
   2.0000000e+00   2.9221617e+00   3.7646432e+00   2.6755139e+00   3.3957654e+00   2.7783154e+00   2.8520668e+00   3.2488688e+00   2.3211660e+00   2.2536649e+00   2.8313291e+00
   2.0000000e+00   2.6621773e+00   4.6663757e+00   4.2767490e+00   1.5060357e+00   4.1604056e+00   3.8221847e+00   2.8536489e+00   4.3351710e+00   1.9417164e+00   2.8591997e+00
   2.0000000e+00   2.4088338e+00   4.5681575e+00   1.8656292e+00   2.6637650e+00   4.3264804e+00   3.7802601e+00   3.4939255e+00   1.9914837e+00   1.5323974e+00   4.0605903e+00
   2.0000000e+00   3.3691170e+00   2.7556586e+00   4.0210149e+00   1.4702188e+00   2.9306269e+00   3.8722936e+00   2.6657836e+00   1.3835772e+00   3.6040949e+00   1.3943852e+00
   2.0000000e+00   2.2096039e+00   3.9223944e+00   3.1016369e+00   3.7234012e+00   2.4208695e+00   2.1478111e+00   3.3193023e+00   1.7874390e+00   4.7750785e+00   2.5059110e+00
   2.0000000e+00   4.7644794e+00   2.0237354e+00   2.9410827e+00   2.8807227e+00   1.1878367e+00   3.5380810e+00   1.7084531e+00   2.1002519e+00   2.5006376e+00   1.8866478e+00
   2.0000000e+00   2.7860982e+00   2.2901330e+00   3.6654654e+00   2.8082389e+00   3.7117982e+00   3.3830183e+00   2.8323443e+00   5.4093044e+00   2.4410805e+00   2.5524506e+00
   2.0000000e+00   2.6425444e+00   3.5273504e+00   3.2089822e+00   2.6841880e+00   2.0002609e+00   3.3769720e+00   3.5603233e+00   2.6430171e+00   2.1896210e+00   1.7139023e+00
   1.0000000e+00   3.1480710e+00   3.3053023e+00   2.5049611e+00   2.8036450e+00   1.8086859e+00   2.8703375e+00   3.9833770e+00   4.1002660e+00   2.9248845e+00   4.4202541e+00
   2.0000000e+00   2.6578443e+00   4.8785871e+00   2.9728642e+00   2.4783440e+00   3.5729603e-01   3.6992317e+00   2.9880576e+00   1.9676514e+00   2.3688632e+00   3.1627097e+00
   1.0000000e+00   3.5824325e+00   2.2411701e+00   2.7127337e+00   5.1275550e+00   2.6141541e+00   3.5760164e+00   2.7035773e+00   2.5537022e+00   1.5392389e+00   2.1129971e+00
   2.0000000e+00   2.2236766e+00   2.7546581e+00   1.7350081e+00   2.9828109e+00   3.6516535e+00   2.3926636e+00   2.6960455e+00   2.6530100e+00   3.6009165e+00   3.9648561e+00
   2.0000000e+00   4.0619357e+00   3.8265489e+00   3.3359533e+00   2.5866042e+00   2.5907132e+00   2.4273770e+00   3.4010250e+00   2.3216199e+00   4.2617579e+00   3.0317927e+00
   2.0000000e+00   2.2353191e+00   1.2850299e+00   4.2304605e+00   3.6136890e+00   3.2913830e+00   2.7318953e+00   5.3581774e+00   1.3271646e+00   3.1461129e+00   3.5878076e+00
   2.0000000e+00   3.4355277e+00   4.2278119e+00   5.1814040e+00   3.2419887e+00   2.3138993e+00   3.1001924e+00   4.1929901e+00   3.9211769e+00   4.6652923e-01   3.1967640e+00
   1.0000000e+00   3.1110126e+00   3.7805799e+00   2.3274981e+00   1.5500715e+00   2.8956309e+00   2.1932571e+00   2.6005099e+00   3.2933419e+00   2.1752530e+00   5.5144256e+00
   1.0000000e+00   3.5935579e+00   2.4584297e+00   3.0729274e+00   1.3946680e+00   3.3799856e+00   4.7160361e+00   3.8191275e+00   3.1971336e+00   4.2462153e+00   3.8710734e+00
   2.0000000e+00   2.3716168e+00   3.4184272e+00   9.1018160e-01   2.2383865e+00   3.7964202e+00   3.6551390e+00   4.3015134e+00   4.3699006e+00   3.4878654e+00   2.5330523e+00
   2.0000000e+00   2.7185021e+00   4.0415168e+00   2.8489889e+00   3.0334444e+00   4.8597376e+00   4.8325889e+00   1.1173597e+00   2.0077469e+00   4.6153631e+00   2.6952509e+00
   2.0000000e+00   3.1740943e+00   3.4570971e+00   5.7921626e+00   4.2026391e+00   2.5480018e+00   2.4670425e+00   4.0212867e+00   2.0877144e+00   2.2820901e+00   3.0393320e+00
   1.0000000e+00   3.4597555e+00   3.3023497e+00   2.6860876e+00   2.3941495e+00   1.7181988e+00   1.8633171e+00   2.6505109e+00   2.4568812e+00   1.7582556e+00   3.2215923e+00
   2.0000000e+00   2.0755963e+00   3.7897181e+00   2.7944900e+00   2.8606085e+00   2.4205719e+00   2.9531991e+00   4.6553474e+00   1.5993203e+00   2.4694571e+00   2.4438417e+00
   1.0000000e+00   3.5604300e+00   2.4967751e+00   3.2552522e+00   2.2700748e+00   4.6323125e+00   3.6240989e+00   2.8924396e+00   2.6529581e+00   3.5855466e+00   3.0459789e+00
   2.0000000e+00   1.6324396e+00   3.3316314e+00   2.5341224e+00   3.4159368e+00   4.1556903e+00   1.2772634e+00   3.6735799e+00   2.9890602e+00   2.2574186e+00   3.5238152e+00
   2.0000000e+00   4.5939130e+00   3.0465577e+00   1.2688458e+00   2.3835391e+00   1.1050707e+00   3.3187722e+00   2.7420590e+00   2.3065731e+00   3.6771378e+00   4.1622372e+00
   2.0000000e+00   3.9617640e+00   4.8797911e+00   3.8040165e+00   3.5162960e+00   3.9376311e+00   3.1018441e+00   3.9589348e+00   4.4919469e+00   2.6252580e+00   3.3155102e+00
   2.0000000e+00   4.7779567e+00   1.9150293e+00   3.6198474e+00   1.6543626e+00   1.7152242e+00   3.5116726e+00   3.9877972e+00   2.3286301e+00   3.1513203e+00   2.9419395e+00
   2.0000000e+00   2.8345315e+00   4.4281702e+00   2.9520951e+00   3.3745756e+00   3.6516314e+00   3.9098434e+00   3.2663305e+00   3.4715965e+00   2.9801477e+00   1.6741642e+00
   1.0000000e+00   3.9001659e+00   2.2813920e+00   2.8023451e+00   1.9025415e+00   3.4742965e+00   3.1234285e+00   3.4475618e+00   4.3886411e+00   5.3599284e+00   2.1704914e+00
   2.0000000e+00   3.4171595e+00   2.8473528e+00   4.7192511e+00   3.4113261e+00   2.7698741e+00   1.9023948e+00   2.4673788e+00   3.6504039e+00   3.6040323e+00   3.8522724e+00
   2.0000000e+00   1.5453295e+00   1.2804040e+00   3.6640734e+00   2.9811887e+00   2.2467177e+00   2.8556340e+00   3.3342629e+00   4.9976329e+00   2.4942092e+00   2.3720457e+00
   2.0000000e+00   4.3145908e+00   3.0316979e+00   3.5042365e+00   2.5241161e+00   3.6858199e+00   4.3258879e+00   2.7095572e+00   3.3055442e+00   2.6983897e+00   4.6110700e+00
   2.0000000e+00   1.5544260e+00   5.2460857e+00   3.4987002e+00   2.4189866e+00   3.6191599e+00   1.5301895e+00   1.8658269e+00   4.2112710e+00   2.7096496e+00   3.0767469e+00
   2.0000000e+00   2.2800315e+00   3.1816370e+00   2.9100969e+00   2.0717387e+00   2.5340102e+00   2.7966612e+00   1.5274568e+00   3.2527580e+00   1.3647394e+00   2.9977426e+00
   1.0000000e+00   3.4469523e+00   8.4680897e-01   2.9039501e+00   2.8828278e+00   2.6288655e+00   3.2870641e+00   2.9063140e+00   2.6157366e+00   4.4070059e+00   3.0435315e+00
   1.0000000e+00   3.7112991e+00   3.7669323e+00   2.6351394e+00   1.3228932e+00   3.9659847e+00  -7.3335461e-01   3.8020304e+00   3.5478765e+00   3.2446513e+00   5.8106230e+00
   1.0000000e+00   3.3323960e+00   3.2946796e+00   2.9917160e+00   1.2211876e+00   2.0529955e+00   3.9693622e+00   1.1607034e+00   3.6967613e+00   4.4167150e+00   2.8728587e+00
   1.0000000e+00   3.7498219e+00   3.9473704e+00   2.8086248e+00   1.1296138e+00   4.1766189e+00   3.9951038e+00   2.6342484e+00   2.0529421e+00   3.5320653e+00   2.1882849e+00
   1.0000000e+00   3.8669317e+00   2.3965084e+00   3.2345053e+00   4.3266315e+00   4.5078038e+00   2.9500601e+00   1.9669235e+00   2.6704640e+00   1.9085786e+00   2.2400203e+00
   2.0000000e+00   6.1979705e-02   4.6336506e+00   1.4145606e+00   3.7259158e+00   2.8114959e+00   2.7147993e+00   2.4703312e+00   6.4767198e+00   3.7760197e+00   4.9659009e+00
   1.0000000e+00   3.6631008e+00   2.2402321e+00   2.7702981e+00   4.5188635e+00   1.9697663e+00   4.4284803e+00   3.9800033e+00   3.4534697e+00   4.1811978e+00   3.9407806e-01
   2.0000000e+00   1.7905423e+00   1.7381789e+00   4.0566742e+00   3.3413843e+00   1.8713540e+00   3.0977415e+00   2.9252075e+00   4.1349901e+00   3.0859205e+00   3.2915816e+00
   2.0000000e+00   3.4956448e+00   4.5565109e+00   1.8301063e+00   3.6987992e+00   4.1309193e+00   1.6011341e+00   3.0681964e+00   4.3417485e+00   2.2307827e+00   3.6936667e+00
   2.0000000e+00   2.3726155e+00   2.1820655e+00   2.0033199e+00   3.9648302e+00   4.2616615e+00   3.8176342e+00   3.4449134e+00   3.6375300e+00   3.7159238e+00   4.8963788e+00
   2.0000000e+00   4.0686524e+00   2.1422425e+00   4.2588843e+00   3.7853105e+00   2.0636920e+00   2.4726557e+00   3.3561211e+00   3.4950279e+00   4.4450735e+00   3.7346792e+00
   2.0000000e+00   4.5271643e+00   2.8572835e+00   3.9247227e+00   4.2141432e+00   3.9068347e+00   4.3877888e+00   3.3417534e+00   1.2789512e+00   3.2259106e+00   2.5161408e+00
   1.0000000e+00   3.4122206e+00   4.1116823e+00   2.1335948e+00   3.0578558e+00   3.5572042e+00   2.5219319e+00   4.6017655e+00   2.7504624e+00   2.6865983e+00   2.9914341e+00
   2.0000000e+00   4.1938092e+00   1.7463608e+00   3.1225030e+00   3.7029284e+00   2.4984145e+00   3.7423956e+00   3.2502987e+00   3.7299440e+00   1.4243663e+00   2.9640012e+00
   1.0000000e+00   3.3065747e+00   2.8580532e+00   3.2249279e+00   2.0304332e+00   3.2810077e+00   2.9279571e+00   3.7171088e+00   2.6208009e+00   2.9120227e+00   2.0821327e+00
   2.0000000e+00   4.1384699e+00  -1.7511202e-02   1.1870403e+00   3.3537776e+00   1.2712580e+00   1.5034043e+00   3.3211519e+00   4.4517422e+00   2.7563431e+00   3.9190381e+00
   2.0000000e+00   2.8226530e+00   4.7161012e+00   1.8700865e+00   2.5360566e+00   3.2036095e+00   3.1316895e+00   8.4959731e-01   2.4816848e+00   1.0126391e+00   1.4499235e+00
   1.0000000e+00   3.6982292e+00   3.0003486e+00   2.4121241e+00   3.2652514e+00   1.1317116e+00   3.4229854e+00   1.6889394e+00   2.9049259e+00   2.4446324e+00   1.3227115e+00
   2.0000000e+00   2.6076929e+00   2.7366298e+00   3.4388301e+00   1.7847784e+00   2.1933452e+00   3.4431310e+00   2.4231041e+00   2.8952781e+00   3.0228538e+00   2.5804839e+00
   2.0000000e+00   1.9415573e+00   2.3314433e+00   3.7857969e+00   3.2665476e+00   4.7706729e+00   3.5289842e+00   3.7407129e+00   2.4950635e+00   2.4066233e+00   2.7825100e+00
   2.0000000e+00   2.8864540e+00   1.8968790e-01   3.3710384e+00   2.7889271e+00   3.9353409e+00   2.7929664e+00   3.6359220e+00   2.5720755e+00   1.2970397e+00   1.4921665e+00
   1.0000000e+00   3.9631435e+00   4.4508302e+00   3.1394037e+00   1.9204463e+00   1.7759254e+00   1.6313426e+00   3.5461559e+00   4.1686712e+00   5.2714185e+00   3.2937378e+00
   2.0000000e+00   5.4628927e+00   3.9692185e+00   3.1483795e+00   3.7851370e+00   1.7638166e+00   3.2359638e+00   6.4651876e-01   2.0219693e+00   3.3915519e+00   3.2011370e+00
   2.0000000e+00   1.5218749e+00   3.3220489e+00   2.2468303e+00   3.7943612e-01   2.6400698e+00   2.1115915e+00   3.5042040e+00   2.5027875e+00   4.0336698e+00   2.7130909e+00
   1.0000000e+00   3.8721099e+00   3.6946267e+00   3.1899760e+00   3.7760317e+00   5.3418720e+00   3.9051693e+00   3.4757456e+00   4.0111766e+00   1.0665940e+00   4.7772486e+00
   2.0000000e+00   3.5839801e+00   9.5153123e-01   1.9985879e+00   4.3648534e+00   4.1188996e+00   2.6738733e+00   3.2850704e+00   2.6151049e+00   3.2188948e+00   3.5254077e+00
   2.0000000e+00   2.1144909e+00   3.3866637e+00   3.0717999e+00   2.9497060e+00   2.8589511e+00   2.0072507e+00   3.4306567e+00   3.6099738e+00   2.5324975e+00   3.4049204e+00
   2.0000000e+00   4.1299567e+00   2.3234950e+00   2.1839498e+00   2.1106027e+00   2.8779165e+00   2.4369762e+00   3.2038585e+00   2.1236005e+00   4.3840714e+00   2.3670332e+00
   2.0000000e+00   3.5549032e+00   2.5027002e+00   1.5255632e+00   1.9069842e+00   6.1498410e-01   3.9959086e+00   2.0633197e+00   3.7347168e+00   2.9088970e+00   3.0585842e+00
   2.0000000e+00   2.1779550e+00   2.2812393e+00   4.3822374e+00   2.8421812e+00   3.9381146e+00   2.6859739e+00   3.2851163e+00   3.6686230e+00   1.9954380e+00   3.6605444e+00
   1.0000000e+00   3.3671601e+00   3.2211175e+00   3.8201421e+00   3.6966567e+00   3.3440193e+00   3.0826084e+00   3.6539700e+00   2.1808604e+00   4.3661581e+00   4.5701065e+00
   1.0000000e+00   3.3582689e+00   1.9736489e+00   2.7364847e+00   4.8079578e+00   4.0856164e+00   2.7321043e+00   3.4114590e+00   2.1407891e+00   5.6484569e+00   1.8337445e+00
   2.0000000e+00   2.9356383e+00   2.7985773e+00   8.9213134e-01   2.2951784e+00   2.1602539e+00   2.9456439e+00   4.3486423e-01   3.1337128e+00   2.9897186e+00   1.7303207e+00
   2.0000000e+00   4.1625324e+00   3.1445566e+00   3.7925582e+00   3.5105229e+00   2.7879411e+00   2.8502419e+00   1.9400539e+00   3.5962710e+00   1.2296669e+00   2.8782749e+00
   2.0000000e+00   3.3878690e+00   2.9875903e+00   1.3129276e+00   3.0942033e+00   2.9225728e+00   2.5665606e+00   3.4940160e+00   1.5175811e+00   3.0179951e+00   3.4333375e+00
   2.0000000e+00   2.3000913e+00   5.2685921e+00   2.8078594e+00   2.0534390e+00   1.6635814e+00   4.3938216e+00   2.9150436e+00   3.8194588e+00   1.8669864e+00   3.9567659e+00
