   2.0000000e+00   2.8814179e+00   4.3430505e+00   2.3392471e+00   3.0132259e+00   2.3154878e+00   4.4527281e+00   2.8834937e+00   3.7430173e+00   2.7792145e+00   3.0161445e+00
   2.0000000e+00   3.7610366e+00   3.1141611e+00   4.4808520e+00   4.3564219e+00   1.9655998e+00   3.8103101e+00   2.8375303e+00   2.9352187e+00   2.1633193e+00   3.8524986e+00
   2.0000000e+00   3.8705016e+00   2.5110786e+00   2.0581911e+00   1.7662231e+00   2.5465316e+00   4.0328339e+00   3.3973420e+00   4.1589554e+00   1.9830507e+00   2.0598603e+00
   1.0000000e+00   2.3648978e+00   1.9700703e+00   3.9724782e+00   1.4855544e+00   3.1861183e+00   4.4062426e+00   2.5378314e+00   2.4569320e+00   3.0097306e+00   2.7827397e+00
   2.0000000e+00   2.5565302e+00   3.6797331e+00   4.1316726e+00   3.7914111e+00   2.8142449e+00   1.3031890e+00   3.2230589e+00   1.7571277e+00   2.9923156e+00   2.7833090e+00
   2.0000000e+00   3.1620220e+00   1.2183149e+00   2.0111590e+00   5.4705364e+00   2.7978144e+00   5.1877951e+00   2.6332687e+00   3.2691231e+00   2.7878290e+00   3.4946711e+00
   2.0000000e+00   3.5815508e+00   4.1084155e+00   2.3395199e+00   3.9425750e+00   3.5980857e+00   2.7451557e+00   3.3183141e+00   1.7096439e+00   4.7273662e+00   4.1651221e+00
   2.0000000e+00   6.3454261e-01   3.2403798e+00   4.5323453e-01   3.5581408e+00   5.0710719e+00   2.2385254e+00   3.6229020e+00   2.5021251e+00   1.5471794e+00   4.9864502e+00
   2.0000000e+00   2.3524998e+00   2.9444505e+00   2.5472208e+00   3.5080653e+00   2.4596374e+00   2.9783385e+00   3.1398195e+00   3.5488228e+00   2.9720108e+00   3.8755662e+00
   1.0000000e+00   3.0199697e+00   1.6429452e+00   3.8606130e+00   2.6961034e+00   2.4976613e+00   3.1116972e+00   3.9001662e+00   2.1422958e+00   3.2447712e+00   4.2135133e+00
   1.0000000e+00   2.0269624e+00   6.6204919e-01   3.2065400e+00   2.8225725e+00   3.7862370e+00   2.5861436e+00   6.6983634e-01   3.9604612e+00   3.2725025e+00   2.2712739e+00
   2.0000000e+00   2.8656112e+00   3.2667519e+00   2.3682643e+00   3.1818468e+00   2.1403411e+00   3.3070744e+00   3.8835158e+00   2.3701663e+00   2.9011728e+00   3.6067839e+00
   2.0000000e+00   4.0183145e+00   8.6692338e-01   2.3490252e+00   5.3933457e+00   4.0557249e+00   1.4172026e+00   3.5840238e+00   2.6362986e+00   4.2776323e+00   2.5860132e+00
   2.0000000e+00   5.1513367e+00   2.9697439e+00   4.0727076e+00   1.2846307e+00   3.6785980e+00   2.7603971e+00   3.1907913e+00   2.3311477e+00   3.4227039e+00   3.9577690e+00
   2.0000000e+00   3.4390171e+00   2.9382429e+00   1.6670858e+00   3.4089600e+00   1.9868449e+00   4.1193602e+00   2.6074106e+00   1.7772481e+00   4.0149566e+00   2.3733210e+00
   2.0000000e+00   2.9510074e+00   3.0251442e+00   2.5950136e+00   3.3246889e+00   3.0697371e+00   2.6384605e+00   4.0445769e+00   2.1638936e+00   3.5561801e+00   2.7712078e+00
   2.0000000e+00   4.0384467e+00   3.0445340e+00   2.3359386e+00   1.9286753e+00   2.3889742e+00   3.2665323e+00   5.8467455e+00   2.6357259e+00   3.8433083e+00   3.0413990e+00
   2.0000000e+00   1.2865742e+00   2.3353297e+00   2.0682916e+00   3.3295050e+00   3.2744665e+00   2.3852378e+00   3.3658949e+00   1.6875838e+00   4.3058374e+00   3.3441636e+00
   2.0000000e+00   3.2284443e+00   2.8409742e+00   2.0671721e+00   3.2087948e+00   3.4153918e+00   2.3061011e+00   4.1380644e+00   5.2093494e+00   3.2121894e+00   1.5489034e+00
   2.0000000e+00   4.1093827e+00   2.7568045e+00   2.3000224e+00   2.2254232e+00   1.6483469e+00   2.7251286e+00   2.5642206e+00   5.4280246e+00   3.1303780e+00   3.0090688e+00
   2.0000000e+00   2.7772596e+00   3.7844968e+00   2.0585554e+00   2.9431697e+00   4.4189321e+00   4.5843751e+00   1.1445532e+00   2.1749406e+00   3.3892298e+00   2.2079595e+00
   2.0000000e+00   3.4157560e+00   2.4874269e+00   2.9920850e+00   1.7189499e+00   5.0129494e+00   2.9206307e+00   3.3537037e+00   3.0019414e+00   3.2811037e+00   3.9216296e+00
   2.0000000e+00   1.9086643e+00   1.8477618e+00   3.4453786e+00   2.1647100e+00   1.2159110e+00   3.7969481e+00   2.5865209e+00   2.3833173e+00   2.5490025e+00   3.7641716e+00
   1.0000000e+00   2.5191279e+00   1.7182097e+00   3.6181424e+00   3.2503034e+00   2.5758093e+00   2.4941406e+00   3.2580682e+00   1.8980332e+00   2.0101233e+00   7.8364625e-01
   2.0000000e+00   3.5133770e+00   1.6287363e+00   1.7955416e+00   3.5351903e+00   2.7127572e+00   2.9269735e+00   2.9441388e+00   1.1117191e+00   2.6484167e+00   1.9921581e+00
   2.0000000e+00   1.9747989e+00   4.0120455e+00   2.6505577e+00   1.9318259e+00   3.9527888e+00   1.6390280e+00   1.6662594e+00   4.1728223e+00   2.0761329e+00   5.2156792e+00
   2.0000000e+00   1.8164183e+00   2.2952335e+00   3.0503519e+00   1.0458356e+00   4.5737148e+00   3.2990381e+00   3.1581264e+00   3.2977382e+00   1.4741356e+00   4.0919730e+00
   2.0000000e+00   2.1809982e+00   2.5341595e+00   1.9111199e+00   2.3840825e+00   2.0557409e+00   4.3460423e+00   3.3457781e+00   2.8663556e+00   4.2135389e+00   3.0388041e+00
   1.0000000e+00   1.0075802e+00   2.3226505e+00   3.1195132e+00   2.0184863e+00   3.7541719e+00   2.3764019e+00   2.5571450e+00   3.2020762e+00   3.6502889e+00   1.4213380e+00
   2.0000000e+00   3.0194567e+00   2.4990421e+00   2.1365740e+00   3.5197186e+00   1.8117452e+00   4.1325618e+00   3.5212185e+00   1.5593842e+00   1.5537905e+00   2.2323803e+00
   2.0000000e+00   2.2881293e+00   2.1951552e+00   2.5215803e+00   3.7730096e+00   2.9304922e+00   2.8548715e+00   3.5768073e+00   1.6527629e+00   3.2962428e+00   2.9363807e+00
   2.0000000e+00   3.1083939e+00   3.9342085e+00   2.4491105e+00   2.7297310e+00   3.4230456e+00   4.2390006e+00   9.5748010e-01   2.6467169e+00   2.7649894e+00   4.5354913e+00
   2.0000000e+00   2.5206603e+00   2.5685396e+00   2.3255570e+00   1.5989599e+00   3.3877319e+00   2.5868148e+00   2.6353561e+00   3.8627103e+00   3.2875652e+00   2.4348092e+00
   2.0000000e+00   4.3435461e+00   3.9013408e+00   2.9741187e+00   2.7098003e+00   3.5051716e+00   3.9208789e+00   1.3758025e+00   2.1071754e+00   4.4144031e+00   3.4559209e+00
   1.0000000e+00   2.7155172e+00   2.4890208e+00   3.0044839e+00   2.9790504e+00   2.9857595e+00   2.0346846e+00   3.6087077e+00   2.7808036e+00   1.8999327e+00   1.7295345e+00
   2.0000000e+00   2.2645468e+00   2.7343579e+00   2.7500549e+00   2.9741581e+00   3.1052875e+00   2.2554668e+00   3.4882145e+00   2.6121200e+00   2.1031930e+00   3.8817813e+00
   2.0000000e+00   3.3621585e+00   3.6581076e+00   2.6685929e+00   2.7930646e+00   3.8681095e+00   2.7983336e+00   2.4780390e+00   1.4255444e+00   2.2211632e+00   1.9587601e+00
   2.0000000e+00   2.5594207e+00   4.6401798e+00   1.4308193e+00   2.1477418e+00   3.7143851e+00   3.9000884e+00   1.9247332e+00   3.2640588e+00   4.5323564e+00   2.9182392e+00
   2.0000000e+00   2.6258797e+00   3.9769867e+00   3.6299653e+00   5.9950933e+00   3.8683035e+00   3.0671899e+00   4.3900226e+00   3.8814337e+00   4.1291240e+00   3.0574886e+00
   2.0000000e+00   1.8050217e+00   4.3923778e+00   3.1469382e+00   3.1003734e+00   1.8212599e+00   2.5477162e+00   1.8447225e+00   3.2842161e+00   2.2584011e+00   2.8943263e+00
   2.0000000e+00   1.1901382e+00   2.9227997e+00   3.3121518e+00   3.4685694e+00   1.3784554e+00   3.1422891e+00   2.6210414e+00   2.4003482e+00   2.8260181e+00   2.0984411e+00
   2.0000000e+00   2.5957254e+00   2.3115295e+00   2.2140417e+00   3.0426770e+00   3.5716481e+00   1.4169746e+00   4.0033259e+00   2.7507321e+00   2.9924446e+00   1.4353715e+00
   2.0000000e+00   3.8463498e+00   3.2618920e+00   2.9412842e+00   4.3680994e+00   3.3314749e+00   2.9024506e+00   2.5057422e+00   4.0454923e+00   3.1595924e+00   3.4897352e+00
   2.0000000e+00   2.4794370e+00   1.8713841e+00   2.2231802e+00   3.1082114e+00   3.0844603e+00   3.4892137e+00   4.7782277e+00   2.3614979e+00   3.8028769e+00   3.3509287e+00
   2.0000000e+00   2.6041598e+00   3.9656462e+00   1.6138364e+00   3.2645074e+00   4.5848988e+00   4.6279201e+00   2.3988830e+00   2.7179202e+00   2.6881850e+00   2.9011427e+00
   2.0000000e+00   2.2475396e+00   1.6382171e+00   3.6965352e+00   4.5980524e+00   4.1419147e+00   2.9717875e+00   2.9452981e+00   2.4167083e+00   1.9235028e+00   1.4481139e+00
   2.0000000e+00   2.1744530e+00   3.3189695e+00   2.5544085e+00   1.3732710e+00   1.6476146e+00   2.7257248e+00   1.7667737e+00   3.8480356e-01   3.3374233e+00   3.0901193e+00
   2.0000000e+00   1.9498633e+00   2.8212308e+00   2.9930995e+00   2.9129961e+00   2.8380503e+00   3.6104030e+00   3.7176321e+00   2.6185448e+00   3.9005773e+00   2.9689070e+00
   2.0000000e+00   4.2774928e+00   3.0070604e+00   2.6065548e+00   2.3043326e+00   1.7722662e+00   3.4226467e+00   2.4087178e+00   3.4042306e+00   2.2660897e+00   4.0887894e+00
   2.0000000e+00   3.1941934e+00   4.6260761e+00   2.6334961e+00   2.8841451e+00   2.1915343e+00   4.7601691e+00   1.9827875e+00   2.3270050e+00   3.2106141e+00   3.2756247e+00
   2.0000000e+00   2.3300022e+00   3.6517693e+00   2.6426738e+00   2.9248979e+00   3.3571181e+00   2.5393165e+00   1.8293745e+00   3.1380800e+00   3.0844736e+00   2.3430694e+00
   1.0000000e+00   2.3909616e+00   3.0622587e+00   3.7787822e+00   2.6405780e+00   3.6026999e+00   4.9342413e+00   2.6553936e+00   3.6372472e+00   1.0455076e+00   3.8935004e+00
   2.0000000e+00   1.0024754e+00   4.0455491e+00   2.9761438e+00   3.7486446e+00   3.2502790e+00   3.0751279e+00   2.9894810e+00   3.4632097e+00   2.4202131e+00   6.8154433e-01
   1.0000000e+00   4.2718057e+00   3.2694442e+00   3.3360165e+00   2.3005771e+00   3.2201232e+00   3.8595411e+00   3.9230067e+00   1.7710791e+00   2.4526423e+00   3.6943750e+00
   2.0000000e+00   2.8470217e+00   3.2332885e+00   3.4031367e+00   2.0632967e+00   5.7133648e+00   2.9305975e+00   2.1873632e+00   1.6934572e+00   3.7904315e+00   3.8515026e+00
   1.0000000e+00   2.0779504e+00   3.5071186e+00   3.4757323e+00   4.8120085e+00   2.7175824e+00   2.7124538e+00   1.8638479e+00   4.5287990e+00   2.9418027e+00   2.7729882e+00
   2.0000000e+00   5.2681320e+00   2.5502391e+00   4.1629786e+00   4.4153657e+00   3.8867484e+00   2.0807018e+00   3.3894512e+00   1.4231585e+00   3.7487508e+00   1.5285065e+00
   2.0000000e+00   3.7200657e+00   3.1431056e+00   1.3481041e+00   4.1594317e+00   3.3311609e+00   1.1941463e+00   2.5081196e+00   3.3645049e+00   2.8977806e+00   2.8496483e+00
   2.0000000e+00   4.0473578e+00   2.2299541e+00   4.1675053e+00   5.5832908e+00   4.9768398e+00   3.3483934e+00   3.9946935e+00   2.4417095e+00   7.7519808e-01   9.7230807e-01
   2.0000000e+00   2.6094630e+00   1.0223541e+00   1.1260036e+00   4.9280924e+00   2.4071964e+00   3.1751206e+00   2.9391401e+00   1.2030649e+00   2.3163099e+00   1.8732162e+00
   2.0000000e+00   2.7700186e+00   2.1597531e+00   2.1230554e+00   2.5084222e+00   3.6910353e+00   4.6436352e+00   4.0465475e+00   4.0114466e+00   2.0123935e+00   4.6742390e+00
   2.0000000e+00   2.3225632e+00   2.3228245e+00   4.2578548e+00   3.8634292e+00   9.8732449e-01   3.3176153e+00   3.5499735e+00   1.9020253e+00   2.7327475e+00   2.8501727e+00
   2.0000000e+00   2.9011626e+00   3.8990750e+00   2.3314957e+00   3.5951627e+00   1.6055971e+00   2.2824864e+00   2.4484849e+00   3.7596850e+00   3.8509840e+00   2.6689092e+00
   2.0000000e+00   3.9995597e+00   2.6104038e+00   2.6009589e+00   2.9930186e+00   2.0991382e+00   3.3731671e+00   4.8489773e+00   4.5144369e+00   3.6372103e+00   3.7186690e+00
   2.0000000e+00   4.7380312e+00   3.9990541e+00   2.3207514e+00   4.3156015e+00   2.6679031e+00   4.6551690e+00   2.9107565e+00   2.4713887e+00   1.3048814e+00   3.8568852e+00
   2.0000000e+00   3.6434008e+00   3.7970633e+00   4.1865528e+00   4.0508780e+00   3.6471356e+00   2.6053128e+00   2.7222430e+00   3.4929101e+00   2.2128806e+00   2.6123358e+00
   2.0000000e+00   2.7267929e+00   2.5316616e+00   1.9660136e+00   4.1142194e+00   3.0057187e+00   1.8153131e+00   2.8339964e+00   3.5084786e+00   3.9260762e+00   3.0593280e+00
   2.0000000e+00   1.8525774e+00   2.0789373e+00   1.2406201e+00   1.8608428e+00   4.3262078e+00   3.1174573e+00   4.4964956e+00   1.4687168e+00   1.8619407e+00   3.5655959e+00
   2.0000000e+00   2.9134616e+00   2.5985988e+00   4.2573278e+00   3.4820769e+00   1.7193318e+00   1.7182459e+00   2.9423709e+00   1.5615758e+00   4.3479354e+00   3.8215371e+00
   2.0000000e+00   3.6288475e+00   1.7887582e+00   1.6758760e+00   1.7049466e+00   1.5110912e+00   3.3907972e+00   4.0378540e+00   3.0347254e+00   3.4042375e+00   4.0907602e-01
   1.0000000e+00   1.3951596e+00   4.2203308e+00   3.2101464e+00   2.6293272e+00   3.0406289e+00   2.0009341e+00   3.1513717e+00   5.1254390e+00   1.9108558e+00   2.7730308e+00
   2.0000000e+00   1.2678233e+00   3.4896941e+00   2.5785097e+00   2.5615226e+00   3.1822619e+00   1.7694558e+00   4.7082929e+00   2.3017145e+00   2.7417975e+00   1.8341950e+00
   2.0000000e+00   1.7445044e+00   2.9623769e+00   2.2932380e+00   3.0912341e+00   3.2074744e+00   2.6438678e+00   1.8269532e+00   2.4639997e+00   3.9747646e+00   4.0480376e+00
   2.0000000e+00   4.0230746e+00   4.9984341e+00   2.7537645e+00   2.3572027e+00   3.2568517e+00   3.2993757e+00   3.3114785e+00   2.0373116e+00   2.4882767e+00   3.5181001e+00
   2.0000000e+00   2.0261917e+00   3.2356729e+00   3.7954800e+00   4.8607369e+00   2.3863901e+00   3.3336717e+00   4.4219211e+00   3.7314484e+00   2.4969894e+00   2.0788178e+00
   2.0000000e+00   1.8857180e+00   4.1306665e+00   4.1649074e+00   1.8466285e+00   3.0111314e+00   2.5113801e+00   3.5284842e+00   8.9020750e-01   2.3428788e+00   4.5369023e+00
   2.0000000e+00   4.6076951e+00   2.4903461e+00   4.5623450e+00   3.4289638e+00   1.9128177e+00   1.0956782e+00   3.1836771e+00   2.5915034e+00   1.4964569e+00   2.1874984e+00
   2.0000000e+00   2.8379907e+00   2.5748330e+00   3.8162619e+00   3.7311836e+00   2.2871617e+00   3.4674826e+00   3.3368235e+00   2.6359932e+00   3.2855190e+00   4.7542418e+00
   2.0000000e+00   3.8377519e+00   2.3403482e+00   3.9595186e+00   2.5052398e+00   3.7356942e+00   3.6774133e+00   4.6372779e+00   2.9214723e+00   3.6872709e+00   2.9029737e+00
   2.0000000e+00   3.6136715e+00   1.3431546e+00   4.9345360e+00   3.3662974e+00   2.6375559e+00   3.9637459e+00   1.4097057e+00   8.9516195e-01   3.8394533e+00   2.7941213e+00
   2.0000000e+00   3.7577842e+00   2.4502521e+00   2.2407760e+00   3.1215653e+00   3.1393003e+00   4.6763321e+00   3.1677030e+00   3.4516014e+00   4.3155181e+00   2.1240804e+00
   1.0000000e+00   3.9351328e+00   2.2763167e+00   3.6421382e+00   1.3292846e+00   2.7128339e+00   4.0057766e+00   3.5827724e+00   2.5430200e+00   2.2652546e+00   2.6893308e+00
   2.0000000e+00   3.4254669e+00   2.7915909e+00   3.9214095e+00   2.8717379e+00   1.8171409e+00   4.7244568e+00   3.7863752e+00   4.7437558e+00   3.4443009e+00   3.1915611e+00
   2.0000000e+00   2.2965534e+00   2.5601837e+00   2.4812803e+00   5.0579390e+00   2.3542467e+00   8.9473073e-01   4.2382410e+00   3.7830436e+00   2.5918973e+00   2.7712967e+00
   1.0000000e+00   3.9956310e+00   4.2273920e+00   3.0294794e+00   1.9928836e+00   3.4618955e+00   1.0038680e+00  -1.5240468e-01   3.9473314e+00   2.9755244e+00   3.9486676e+00
   2.0000000e+00   3.4075609e+00   2.3681061e+00   1.8218444e+00   1.5720674e+00   2.9500764e+00   1.5915740e+00   4.0493988e+00   3.0721574e+00   2.1497383e+00   3.0945881e+00
   1.0000000e+00   2.6387255e+00   2.3115942e+00   3.9335646e+00   3.1144109e+00   3.3404606e+00   1.5414626e+00   3.1346669e+00   3.1738559e+00   3.3120059e+00   1.8845574e+00
   2.0000000e+00   2.5300743e+00   4.6894442e+00   2.5082120e+00   2.4749874e+00   2.4381880e+00   3.7262547e+00   2.0120313e+00   3.8820329e+00   3.9382235e+00   1.8993958e+00
   2.0000000e+00   3.3173045e+00   2.7134681e+00   4.8587595e-01   4.7228409e+00   3.7861283e+00   4.5672260e+00   4.9292922e+00   3.0193515e+00   3.4410157e+00   2.6883682e+00
   2.0000000e+00   2.3243472e+00   3.1261332e+00   4.1377340e+00   2.5252179e+00   2.9149289e+00   2.3539988e+00   3.3381300e+00   5.2586925e+00   3.5855960e+00   3.1802160e+00
   2.0000000e+00   3.9641266e+00   4.4333712e+00   3.9977169e+00   1.4282693e+00   2.9145454e+00   3.0869105e+00   3.6789610e+00   3.5844294e+00   4.0137943e+00   3.3792022e+00
   2.0000000e+00   1.9820026e+00   2.7091387e+00   2.5045474e+00   3.4177798e+00   2.5471170e+00   3.8170719e+00   3.8510949e+00   3.4518961e+00   2.7066745e+00   2.8061165e+00
   2.0000000e+00   3.0644776e+00   4.5425464e+00   2.6617403e+00   2.4957586e+00   4.1040786e+00   2.7944256e+00   1.4662266e+00   3.7914595e+00   3.8285663e+00   2.6614227e+00
   2.0000000e+00   1.9638990e+00   2.8116138e+00   1.1965659e+00   9.5756990e-01   2.1769544e+00   2.6121834e+00   1.4945887e+00   2.4456828e+00   2.5620693e+00   2.6159410e+00
   2.0000000e+00   1.6078123e+00   3.8561385e+00   4.2569837e+00   3.6021325e+00   4.6385470e+00   1.8010139e+00   3.8595102e+00   2.6039466e+00   3.1216535e+00   4.7967782e+00
   1.0000000e+00   2.5760944e+00   1.5644511e+00   3.6736422e+00   2.9180233e+00   3.5651462e+00   3.4270365e+00   3.7728683e+00   4.9643642e+00   2.9904467e+00   3.3154117e+00
   2.0000000e+00   4.8286218e+00   2.9838229e+00   2.6932391e+00   3.0001089e+00   2.6140950e+00   3.4743200e+00   3.5917432e+00   3.5673495e+00   2.5466540e+00   2.9743668e+00
   2.0000000e+00   3.1382868e+00   3.7982198e+00   1.3907925e+00   1.9813020e+00   2.7511136e+00   1.3242234e+00   2.6845061e+00   2.6635261e+00   4.1448218e+00   3.0553635e+00
   2.0000000e+00   3.6027939e+00   2.3133990e+00   1.8423051e+00   3.7534899e+00   2.8520271e+00   2.2593988e+00   3.5674967e+00   2.8240474e+00   2.2407263e+00   2.0760854e+00
   2.0000000e+00   4.7444666e+00   1.8586157e+00   4.5168122e+00   2.9157718e+00   3.4566501e+00   3.3614561e+00   3.1103483e+00   3.3696886e+00   2.5607773e+00   1.5886545e+00
