   2.0000000e+00   2.3661446e+00   2.6995882e+00   1.7745965e+00   2.9366647e+00   2.4137642e+00   3.9438493e+00   3.6799055e+00   3.1265410e+00   1.6822168e+00   4.0987111e+00
   2.0000000e+00   2.5701155e+00   3.2719631e+00   3.4432224e+00   1.7763567e+00   4.0355628e+00   2.8980501e+00   1.3536872e+00   4.2130552e+00   3.3763182e+00   3.7735389e+00
   2.0000000e+00   1.9023090e+00   3.5333506e+00   4.4724516e+00   3.3387686e+00   1.8912223e+00   3.0934502e+00   4.4509969e+00   3.2449247e+00   3.0747953e+00   3.1707185e+00
   2.0000000e+00   2.2938215e+00   3.2281641e+00   1.8869019e+00   3.1264263e+00   2.9413817e+00   2.6928674e+00   3.2775542e+00   3.5345035e+00   2.3979816e+00   3.2007308e+00
   2.0000000e+00   2.2414500e+00   3.7712713e+00   2.2019006e+00   4.8784889e+00   2.8903925e+00   3.0590460e+00   3.0773325e+00   2.7917834e+00   2.4126093e+00   2.7480093e+00
   1.0000000e+00   3.4395010e+00   3.3342729e+00   3.2955577e+00   2.1504402e+00   3.8659673e+00   2.5954043e+00   2.5198783e+00   2.4663991e+00   1.7688967e+00   3.9679680e+00
   1.0000000e+00   3.3054264e+00   1.4512858e+00   4.4212616e+00   3.4517347e+00   3.2240703e+00   2.1239207e+00   3.5650054e+00   3.7890826e+00   4.6154963e+00   4.3169920e+00
   2.0000000e+00   2.2527305e+00   3.0925805e+00   3.2021581e+00   3.7889676e+00   2.6042524e+00   2.4115273e+00   3.5912241e+00   9.8832872e-01   2.9750753e+00   3.2486360e+00
   2.0000000e+00   2.3955389e+00   2.3323591e+00   2.0690859e+00   2.3107778e+00   2.6631278e+00   1.2909068e+00   1.9640322e+00   4.2957825e+00   3.4382038e+00   2.4939522e+00
   2.0000000e+00   3.1174812e+00   2.9758196e+00   2.0830822e+00   2.2908612e+00   2.4292573e+00   1.7261011e+00   3.6285241e+00   2.5427563e+00   2.8926231e+00   3.2459954e+00
   2.0000000e+00   3.3401414e+00   1.7978556e+00   2.3287853e+00   1.0241673e+00   2.9271549e+00   1.7728393e+00   4.0439019e+00   4.1217726e+00   8.1973941e-01   4.2583259e+00
   1.0000000e+00   1.1711573e+00   1.6140843e+00   3.7352189e+00   2.3765763e+00   3.3581687e+00   2.2650911e+00   4.6562323e+00   2.7113877e+00   3.1065086e+00   2.7998711e+00
   1.0000000e+00   2.0389140e+00   3.6488485e+00   2.3140505e+00   4.5672630e+00   3.1501111e+00   3.4966162e+00   4.0932427e+00   2.8221583e+00   8.9296779e-01   1.9309441e+00
   2.0000000e+00   2.0058332e+00   2.8780859e+00   3.3468623e+00   3.7733489e+00   4.1860393e+00   3.8096939e+00   1.8420109e+00   3.0022094e+00   2.5224063e+00   3.1983298e+00
   1.0000000e+00   3.8232260e+00   2.8968939e+00   1.8671977e+00   1.6996305e+00   3.6095907e+00   2.2653453e+00   3.6596777e+00   3.1906315e+00   2.5775899e+00   3.9923248e+00
   2.0000000e+00   3.2574303e+00   2.0919153e+00   3.2811750e+00   2.4554601e+00   1.8876509e+00   4.4872139e+00   3.9811421e+00   3.0107361e+00   2.3433699e+00   3.0613218e+00
   1.0000000e+00   2.9956032e+00   2.0382200e+00   4.0815436e+00   2.0156720e+00   3.8573526e+00   3.0019878e+00   2.1493396e+00   2.5770267e+00   2.9180429e+00   3.5445457e+00
   1.0000000e+00   2.7989815e+00   4.7235098e+00   2.4280726e+00   4.6500160e+00   3.4442062e+00   2.9433468e+00   1.4911471e+00   3.7336634e+00   3.4972977e+00   2.5231226e+00
   2.0000000e+00   3.2465599e+00   4.0070409e+00   1.8145041e+00   2.3650564e+00   4.3941099e+00   1.7733363e+00   4.4201164e+00   3.5844494e+00   2.2826400e+00   2.4540663e+00
   2.0000000e+00   2.2578580e+00   2.9934939e+00   3.8154239e+00   3.0802405e+00   2.1500534e+00   2.0252816e+00   3.5084535e+00   2.7195402e+00   2.5148976e+00   1.5288605e+00
   2.0000000e+00   3.0568882e+00   2.2281126e+00   3.2018788e+00   3.6508520e+00   2.8058953e+00   2.9237892e+00   1.9652574e+00   3.1432825e+00   3.4735745e+00   2.1585051e+00
   2.0000000e+00   1.8010527e+00   4.0020096e+00   2.1603603e+00   3.3554639e+00   4.6431746e+00   2.1636054e+00   3.3428901e+00   2.8602591e+00   3.2377323e+00   1.4659405e+00
   1.0000000e+00   2.5646018e+00   1.8197072e+00   2.8958521e+00   1.6991690e+00   3.5383308e+00   3.2552536e+00   1.5859845e+00   1.9517686e+00   4.0686141e+00   3.2353462e+00
   2.0000000e+00   2.4141677e+00   1.0094135e+00   3.5189904e+00   3.3799483e+00   3.2939838e+00   4.3803087e+00   1.8447549e+00   3.4049147e+00   2.8458423e+00   2.1585904e+00
   2.0000000e+00   2.4349048e+00   2.9393585e+00   1.6525322e+00   3.8680705e+00   2.3313079e+00   5.0412060e+00   2.8500304e+00   3.5388102e+00   1.5458133e+00   1.5899045e+00
   1.0000000e+00   2.5055870e+00   5.4376076e+00   3.1839084e+00   3.3637799e+00   3.2478005e+00   3.7539251e+00   4.2156095e+00   3.5400809e+00   2.3613690e+00   5.3737538e+00
   2.0000000e+00   3.9027716e+00   3.7858020e+00   2.4732277e+00   1.5375019e+00   3.2742023e+00   4.3607361e+00   2.3764159e+00   2.8306774e+00   1.9186284e+00   2.2891004e+00
   1.0000000e+00   3.2078141e+00   3.7303504e+00   1.9235411e+00   2.1362641e+00   3.7836126e+00   2.6547420e+00   3.7239340e+00   1.6594049e+00   3.5113254e+00   3.9556061e+00
   1.0000000e+00   4.6866476e+00   2.2664965e+00   5.0221300e+00   2.7250004e+00   3.3385306e+00   2.9994962e+00   1.8792333e+00   1.8073514e+00   3.3876910e+00   2.6335897e+00
   2.0000000e+00   2.7143091e+00   3.6424948e+00   3.5952894e+00   3.4016595e+00   3.0215246e+00   4.1008896e+00   1.7766488e+00   4.8634701e+00   2.9736656e+00   3.6734825e+00
   2.0000000e+00   2.6361988e+00   1.9896861e+00   3.9114613e+00   1.6972540e+00  -6.0951322e-02   3.6085602e+00   3.3936754e+00   4.1092592e+00   2.3968166e+00   1.3361998e+00
   2.0000000e+00   3.9999271e+00   2.9675856e+00   4.3513560e+00   3.3421201e+00   3.0255829e+00   1.9450628e+00   2.0853558e+00   2.0029004e+00   3.4559576e+00   2.6880273e+00
   1.0000000e+00   2.8295917e+00   2.3106029e+00   3.8204582e+00   2.1248827e+00   3.2993825e+00   3.4373803e+00   3.3181978e+00   2.6798623e+00   1.8994621e+00   4.0919146e+00
   2.0000000e+00   3.0781847e+00   2.5811332e+00   2.8185968e+00   1.6440540e+00   4.1646553e+00   2.4671867e+00   4.3574859e+00   4.3392512e+00   2.3797423e+00   2.7429001e+00
   2.0000000e+00   2.6492826e+00   4.5269089e+00   2.9644446e+00   3.4380672e+00   1.1652959e+00   1.9497322e+00   3.6524871e+00   2.6088330e+00   3.6572454e+00   2.8679236e+00
   1.0000000e+00   2.4467977e+00   3.4504604e+00   1.5746505e+00   4.1052162e+00   3.6090320e+00   3.0007541e+00   2.7495028e+00   3.9819490e+00   4.7717257e+00   1.7340967e+00
   2.0000000e+00   2.9285947e+00   3.9102893e+00   1.3288628e+00   4.0798292e+00   3.5028545e+00   1.3978434e+00   3.7232387e+00   4.0273688e+00   2.6637007e+00   5.2379972e+00
   1.0000000e+00   3.0427136e+00   3.7028430e+00   3.6395048e+00   3.4366701e+00   3.9546551e+00   3.0862234e+00   3.7893850e+00   2.7962485e+00   3.0732966e+00   2.3422472e+00
   2.0000000e+00   2.1240168e+00   3.2116981e+00   2.9744718e+00   3.6960831e+00   2.6008637e+00   2.4314299e+00   3.7851007e+00   2.9566671e+00   1.8659831e+00   2.3901551e+00
   2.0000000e+00   2.3092118e+00   4.4685648e+00   4.4059803e+00   3.3361114e+00   2.7931078e+00   3.3770778e+00   4.8188368e+00   3.3446857e+00   4.5866471e-01   4.7141723e+00
   2.0000000e+00   3.7887447e+00   2.6931605e+00   1.9952138e+00   3.7826215e+00   4.2037670e+00   2.9227618e+00   2.3954824e+00   4.4996309e+00   3.3517251e+00   4.1814924e+00
   2.0000000e+00   3.7764669e+00   3.4647175e+00   3.5473166e+00   2.9682388e+00   2.7129827e+00   3.8530692e+00   2.2835434e+00   2.6533718e+00   2.1024048e+00   2.7944762e+00
   2.0000000e+00   1.8857498e+00   2.3291497e+00   1.7771769e+00   2.6281470e+00   9.8664386e-01   2.8287050e+00   5.0366284e+00   3.7599027e+00   3.4785574e+00   2.9517996e+00
   1.0000000e+00   4.6969349e+00   3.9517206e+00   5.4171188e+00   2.7194357e+00   3.6897165e+00   2.8284008e+00   4.2885170e+00   1.7845624e+00   3.7045612e+00   3.7580929e+00
   2.0000000e+00   3.5280877e+00   1.8443500e+00   2.3326893e+00   3.6721833e+00   5.0900422e+00   4.4250136e+00   3.4819615e+00   4.1812123e+00   1.8399152e+00   4.3642029e+00
   2.0000000e+00   4.6211464e+00   1.7974152e+00   3.6277074e+00   2.5506249e+00   1.3298589e+00   3.7851514e+00   2.6978034e+00   4.8814329e+00   2.6220289e+00   3.2338378e+00
   2.0000000e+00   4.6986872e+00   1.9531648e+00   3.4803638e+00   4.5800955e+00   1.7630996e+00   3.8064575e+00  -8.9969899e-02   1.8117356e+00   2.7844713e+00   3.6198602e+00
   2.0000000e+00   1.8291338e+00   3.1453439e+00   3.6873712e+00   1.0195124e+00   1.4949000e+00   3.5451247e+00   1.1653989e+00   2.8615129e+00   2.6728750e+00   4.0668966e+00
   2.0000000e+00   3.1479190e+00   3.8274314e+00   4.7060339e+00   2.3404232e+00   2.7790350e+00   1.0225771e+00   4.6020957e+00   3.1954902e+00   2.0994059e+00   2.3366620e+00
   2.0000000e+00   5.2234104e+00   1.8473941e+00   2.1586474e+00   1.0084637e+00   2.8600632e+00   2.9423115e+00   2.6809221e+00   2.7172468e+00   2.6694647e+00   5.0570989e+00
   2.0000000e+00   9.5065735e-01   4.7191770e+00   4.0071918e+00   2.5271113e+00   2.1281621e+00   1.5761685e+00   3.4616613e+00   2.1355907e+00   3.6206613e+00   4.4462083e+00
   2.0000000e+00   2.8057372e+00   3.2547013e+00   1.7136221e+00   3.4733449e+00   3.2460692e+00   1.8525496e+00   2.8222933e+00   3.4198244e+00   1.9517581e+00   3.0063413e+00
   2.0000000e+00   2.5681636e+00   1.9044569e+00   2.9960041e+00   2.1519496e+00   4.5443385e+00   2.2067809e+00   3.9929506e+00   2.9326844e+00   1.3015859e+00   1.6311776e+00
   2.0000000e+00   3.5917617e+00   3.4090739e+00   2.3430639e-01   1.1133751e+00   2.7330999e+00   5.1157648e+00   1.9896411e+00   4.2195294e+00   3.4315263e+00   3.3778220e+00
   2.0000000e+00   1.2943484e+00   3.4601319e+00   2.3415472e+00   1.8858526e+00   2.9935262e+00   1.9696535e+00   3.4549530e+00   2.5344287e+00   3.5555923e+00   2.6297557e+00
   1.0000000e+00   2.1127387e+00   2.7317013e+00   2.2092907e+00   2.7187755e+00   3.4066758e+00   2.5709165e+00   1.9325491e+00   3.4236028e+00   3.8084201e+00   3.7513529e+00
   2.0000000e+00   5.9070824e+00   3.7622721e+00   3.4335020e+00   3.7251485e+00   5.2307837e+00   2.8729863e+00   3.0041397e+00   2.6302299e+00   3.8795638e+00   2.9205600e+00
   2.0000000e+00   3.5882192e+00   2.7559499e+00   3.6281107e+00   4.3728445e+00   2.3661019e+00   4.4436558e+00   4.0950456e+00   3.7686695e+00   4.1247361e+00   2.9071474e+00
   2.0000000e+00   3.3849388e+00   1.7359179e+00   3.0562285e+00   3.7737181e+00   3.7835016e+00   1.6265300e+00   9.8193036e-01   3.2220823e+00   4.0436727e+00   1.1443647e+00
   2.0000000e+00   3.0935289e+00   2.9489914e+00   2.5135781e+00   1.8249025e+00   2.3403310e+00   4.5393063e+00   1.8669094e+00   8.5881230e-01   1.7551379e+00   1.8812051e+00
   2.0000000e+00   4.9499411e+00   3.4190853e+00   2.4316610e+00   3.8112751e+00   2.9622358e+00   3.2232097e+00   4.9428137e+00   2.7259857e+00   2.9304553e+00   1.1360845e+00
   2.0000000e+00   1.8657531e+00   2.3443659e+00   3.0942530e+00   4.7104164e+00   5.2258337e+00   4.1075925e+00   4.1735227e+00   3.7522363e+00   3.0770246e+00   2.6413112e+00
   2.0000000e+00   2.7354379e+00   3.3052602e+00   1.6678100e+00   3.0319442e+00   5.2194869e+00   4.8577955e+00   4.2283178e+00   3.7453524e+00   2.5856900e+00   3.5605691e+00
   1.0000000e+00   3.5871428e+00   2.3169031e+00   3.3337261e+00   2.0900041e+00   3.7766194e+00   2.4135278e+00   4.0929137e+00   2.9223399e+00   2.5877821e+00   1.4632100e+00
   1.0000000e+00   1.8482900e+00   3.7311187e+00   2.2221546e+00   3.4823771e+00   3.6449720e+00   3.0313159e+00   3.5823944e+00   2.1040073e+00   3.2609565e+00   2.3286710e+00
   1.0000000e+00   2.4933317e+00   3.1165481e+00   1.6426030e+00   3.7245921e+00   3.4126906e+00   3.6967936e+00   3.5661887e+00   3.8800347e+00   3.9650957e+00   3.6079766e+00
   2.0000000e+00   2.8300889e+00   2.0964491e+00   2.5003818e+00   4.4069455e+00   2.2390172e+00   1.5960061e+00   4.3770022e+00   3.6605210e+00   1.9456239e+00   4.4729235e+00
   2.0000000e+00   2.6842454e+00   2.8063782e+00   1.8126720e+00   3.5240938e+00   4.1576966e+00   1.9443182e+00   3.0717701e+00   3.8392532e+00   3.6887701e+00   3.5439300e+00
   2.0000000e+00   4.1693125e+00   2.5588332e+00   4.3067578e+00   2.6828024e+00   1.8105541e+00   4.5085424e+00   2.2055840e+00   4.2904238e+00   3.7846092e+00   3.4814483e+00
   2.0000000e+00   1.5340356e+00   4.0054387e+00   3.1691832e+00   5.0849308e+00   1.1552665e+00   3.2881332e+00   8.3161590e-01   9.1261727e-01   3.0578772e+00   4.9934735e+00
   2.0000000e+00   5.2005059e+00   2.1218169e+00   3.7767031e+00   2.6986330e+00   2.6024020e+00   4.6969791e+00   2.4466874e+00   4.1907380e+00   4.1346998e+00   3.9169246e+00
   2.0000000e+00   3.2384337e+00   1.0454273e+00   1.4573819e+00   4.4598620e+00   2.4392278e+00   2.3846824e+00   3.1769414e+00   3.2289643e+00   2.9827856e+00   2.1247559e+00
   2.0000000e+00   3.4030700e+00   3.1989896e+00   4.5651567e+00   3.1635490e+00   2.5859548e+00   2.9978375e+00   2.8562725e+00   2.4364268e+00   3.2755843e+00   4.1567838e+00
   2.0000000e+00   2.7222657e+00   1.3266967e+00   2.3860077e+00   2.3484406e+00   2.0849728e+00   2.8307675e+00   3.2960331e+00   3.3506464e+00   2.1034135e+00   2.8094745e+00
   2.0000000e+00   1.9749923e+00   7.9060033e-01   3.6865612e+00   3.8105663e+00   7.5429514e-01   4.0449909e+00   1.0000786e+00   2.6722750e+00   1.9202535e+00   4.1879521e+00
   2.0000000e+00   1.3343570e+00   3.3288147e+00   2.6312305e+00   4.0644381e+00   6.5252487e-01   2.7490733e+00   2.7305568e+00   5.7404066e-01   4.0761877e+00   4.5584100e+00
   2.0000000e+00   3.1998835e+00   2.9227233e+00   4.3577633e+00   2.6162777e+00   2.7434166e+00   4.3412959e+00   3.8213130e+00   1.7205349e+00   3.6878117e+00   2.8146971e+00
   1.0000000e+00   3.6017376e+00   3.8620676e+00   3.5435875e+00   4.4188493e+00   3.6103014e+00   2.7577435e+00   2.6224838e+00   3.3315922e+00   3.6854548e+00   2.5226876e+00
   2.0000000e+00   2.8482913e+00   1.3727659e+00   2.5264709e+00   1.0180723e+00   3.7396198e+00   3.2288014e+00   3.5770918e+00   3.8824462e+00   4.8575261e+00   1.6093834e+00
   2.0000000e+00   5.1519343e+00   3.5433998e+00   4.0286768e+00   2.7971030e+00   4.6569520e+00   2.4144476e+00   2.1824469e+00   4.4446285e+00   3.6232562e+00   2.4489374e+00
   1.0000000e+00   2.1254400e+00   4.2143303e+00   2.3970041e+00   1.7787661e+00   3.6278820e+00   2.2359633e+00   2.7458945e+00   2.6947104e+00   2.3690383e+00   3.0976362e+00
   2.0000000e+00   3.2988515e+00   3.4540032e+00   4.5493517e+00   2.9397724e+00   4.5906399e+00   3.6535747e+00   1.5418123e+00   3.9550893e+00   1.9217252e+00   1.4781056e+00
   1.0000000e+00   2.2607124e+00   3.2151519e+00   1.0315681e+00   1.3965727e+00   3.3670360e+00   3.0603637e+00   2.4629963e+00   3.1104178e+00   1.4599402e+00   4.0727380e+00
   2.0000000e+00   1.7619546e+00   4.6494297e+00   2.6268268e+00   1.2806545e+00   4.0295026e+00   3.3967191e+00   2.9184353e+00   4.0137885e+00   2.4672844e+00   2.3606504e+00
   2.0000000e+00   1.6769683e+00   3.5430388e+00   3.1014178e+00   3.1326410e+00   4.3506639e+00   3.4017930e+00   3.4377216e+00   4.3656877e+00   1.1770859e+00   2.6911225e+00
   2.0000000e+00   2.4505862e+00   3.7541499e+00   2.9561090e+00   2.7111846e+00   3.7780720e+00   4.4373814e+00   4.3340160e+00   3.5328204e+00   3.5011494e+00   2.4967813e+00
   2.0000000e+00   2.8252448e+00   4.0305420e+00   4.6870934e+00   1.7464479e+00   2.6170179e+00   3.0101753e+00   1.8484883e+00   3.9314963e+00   2.7291825e+00   2.6378373e+00
   1.0000000e+00   4.7315693e+00   3.5352026e+00   3.0769780e+00   1.1276879e+00   3.5084425e+00   3.5521816e+00   2.7798857e+00   3.2008178e+00   3.0014446e+00   3.5087987e+00
   2.0000000e+00   2.4653146e+00   1.3046685e+00   2.2974791e+00   2.1596509e+00   2.2740610e+00   6.0034831e+00   1.8664297e+00   1.6793421e+00   5.0012175e+00   2.4531047e+00
   2.0000000e+00   3.7999097e+00   2.6001371e+00   3.1440409e+00   3.9614271e+00   3.7936539e+00   4.4307651e+00   3.8467560e+00   3.1906449e+00   2.7788131e+00   2.6395876e+00
   2.0000000e+00   3.7269157e+00   3.9501723e+00   3.7080493e+00   3.2383426e+00   1.8494842e+00   4.8963352e+00   1.3594419e+00   3.0132534e+00   2.2142146e+00   2.9945369e+00
   2.0000000e+00   2.3786813e+00   2.4894475e+00   2.9303232e+00   2.0733295e+00   2.0398488e+00   3.4990846e+00   3.6932424e+00   1.2620157e+00   2.1817861e+00   2.7765612e+00
   2.0000000e+00   3.7247438e+00   2.2058573e+00   2.1460157e+00   2.7611231e+00   2.0199637e+00   4.1566614e+00   3.8867370e+00   2.1332348e+00   3.8195925e+00   4.5753235e+00
   2.0000000e+00   2.7260967e+00   3.0229367e+00   2.9713587e+00   2.5987430e+00   2.7963805e+00   3.6118653e+00   6.0503031e-01   3.7454528e+00   4.6051983e+00   3.3446054e+00
   1.0000000e+00   3.5285719e+00   2.8786956e+00   3.2747166e+00   4.2142546e+00   3.3542833e+00   3.0951736e+00   3.4547090e+00   4.4790220e+00   1.6196258e+00   3.8941676e+00
   2.0000000e+00   3.8892633e+00   3.6509206e+00   1.6009963e+00   2.7784571e+00   4.0880671e+00   4.5252826e+00   3.1954450e+00   2.0785556e+00   3.6718625e+00   2.5462358e+00
   2.0000000e+00   2.9460223e+00   1.6494888e+00   3.0372115e+00   3.5487634e+00   1.8505706e+00   3.8608530e+00   1.1569092e+00   4.0727731e+00   2.4739641e+00   4.7236697e+00
   2.0000000e+00   3.2797432e+00   1.1367620e+00   1.3935624e+00   3.8555627e+00   4.0099696e+00   2.4218925e+00   3.8960564e+00   1.9584662e+00   3.6005698e+00   2.2490738e+00
   2.0000000e+00   2.4009273e+00   4.6828883e+00   4.0536519e+00   1.7370274e+00   3.1299174e+00   1.7715227e+00   3.9982735e+00   3.9375859e+00   2.0018642e+00   1.3664981e+00
   2.0000000e+00   2.9146244e+00   1.4348234e+00   4.5999331e+00   2.7827054e+00   2.9308324e+00   3.1341359e+00   4.9262567e+00   1.6780649e+00   3.4811779e+00   3.1730156e+00
