   2.0000000e+00   3.5705403e+00   1.5299665e+00   1.5645138e+00   2.5324212e+00   3.2977539e+00   1.8438291e+00   3.5405258e+00   1.5182993e+00   4.2542360e+00   1.8226169e+00
   2.0000000e+00   1.9030638e+00   3.3268984e+00   4.4131127e+00   2.4887411e+00   1.9671266e+00   5.3638508e+00   2.4461299e+00   1.9000425e+00   3.0817805e+00   2.1443208e+00
   1.0000000e+00   3.9707176e+00   4.0629428e+00   3.0065409e+00   2.8196516e+00   3.2878770e+00   1.2119249e+00   3.2560687e+00   2.7715646e+00   4.4161135e+00   2.5817819e+00
   2.0000000e+00   4.2647440e+00   3.1147958e+00   2.8023222e+00   1.7285191e+00   1.6257894e+00   1.0984070e+00   1.5914042e+00   1.1277577e+00   1.7773573e+00   2.9858550e+00
   1.0000000e+00   3.4950382e+00   2.9452336e+00   2.8554055e+00   3.6618400e+00   1.7537655e+00   1.2304091e+00   2.8755679e+00   2.0964281e+00   3.5597956e+00   2.8620836e+00
   1.0000000e+00   3.4408606e+00   3.4131640e+00   2.7632946e+00   3.8452545e+00   2.9639222e+00   4.3659893e+00   2.0204414e+00   3.5153902e+00   3.2433977e+00   2.9216097e+00
   1.0000000e+00   3.2665709e+00   3.1141470e+00   3.1093887e+00   1.7732887e+00   1.1109051e+00   4.1486695e+00   4.2520097e+00   3.6063736e+00   4.1118460e+00   1.7386559e+00
   2.0000000e+00   1.0235034e+00   3.8811511e+00   3.6379640e+00   3.3667881e+00   1.1602142e+00   3.9187906e+00   3.2823959e+00   3.1559897e+00   2.0658988e+00   2.7544132e+00
   2.0000000e+00   3.6491826e+00   4.2600068e+00   2.0872352e+00   1.3268002e+00   1.9738187e+00   1.1499005e+00   2.4043849e+00   2.7460401e+00   3.3216121e+00   2.1586305e+00
   2.0000000e+00   1.3522638e+00   3.1114269e+00   2.7497942e+00   4.9352597e+00   1.3950842e+00   2.5026204e+00   1.8970158e+00   1.6500855e+00   3.9509001e+00   2.9998814e+00
   1.0000000e+00   3.4805211e+00   3.0121931e+00   3.3721917e+00   4.4230344e+00   2.9872390e+00   2.4419256e+00   4.9101634e+00   1.5877125e+00   2.7620275e+00   3.2310403e+00
   2.0000000e+00   2.9243392e+00   2.0456085e+00   4.3658429e+00   1.8226865e+00   1.5241704e+00   1.6781980e+00   4.6709242e+00   2.5821287e+00   2.7924920e+00   3.3660330e+00
   1.0000000e+00   3.8058626e+00   1.9241779e+00   2.9695401e+00   1.2284289e+00   1.2301110e+00   4.3320611e+00   2.1175908e+00   2.1480268e+00   3.2178448e+00   3.6163961e+00
   1.0000000e+00   3.5923093e+00   2.8556443e+00   3.7854777e+00   2.5060507e+00   4.4298252e+00   5.6392315e-01   2.9753697e+00   3.1344946e+00   2.2416064e+00   3.1570682e+00
   2.0000000e+00   3.2820017e+00   1.8904466e+00   4.6690056e+00   3.9218192e+00   3.1818569e+00   4.0784991e+00   4.2432513e+00   1.8319932e+00   2.3060260e+00   1.3055457e+00
   2.0000000e+00   1.9669029e+00   3.0037653e+00   2.7305669e+00   4.7113699e-01   3.7389419e+00   2.3859245e+00   3.3976905e+00   2.1907766e+00   3.0035034e+00   3.0127740e+00
   2.0000000e+00   3.2217054e+00   5.5510621e-01   4.1029506e+00   1.4571151e+00   3.8854925e+00   3.5524486e+00   2.1230242e+00   3.5976368e+00   2.9465734e+00   3.5107402e+00
   2.0000000e+00   2.8984807e+00   4.0693143e+00   3.9252560e+00   4.4682313e+00   3.5001239e+00   2.6425051e+00   5.5681218e+00   2.7327516e+00   2.4494174e+00   2.2382201e+00
   2.0000000e+00   4.5315835e+00   4.6116471e+00   2.9539247e+00   1.9813072e+00   3.1540879e+00   2.9222979e+00   3.2046769e+00   4.1145976e+00   1.5670512e+00   4.9559441e+00
   2.0000000e+00   3.6661068e+00   2.6627986e+00   1.4937833e+00   3.2941129e+00   4.1171079e+00   2.0347172e+00   1.6618801e-01   4.0107991e+00   5.1484090e+00   3.7143009e+00
   2.0000000e+00   2.0893356e+00   2.7171893e+00   4.2875916e+00   2.2912013e+00   2.0560011e+00   1.5444608e+00   3.3110644e+00   1.4336801e+00   3.2786057e+00   1.9752603e+00
   2.0000000e+00   2.3838057e+00   3.6333079e+00   2.9585346e+00   3.3963363e+00   4.0361049e+00   5.2374375e-01   2.1568060e+00   3.6815601e+00   2.3811880e+00   2.6103892e+00
   2.0000000e+00   2.4927823e+00   2.8236752e+00   2.9834722e+00   1.9861086e+00   3.0763242e+00   3.2535533e+00   2.6814828e+00   2.4141761e+00   2.1993673e+00   2.9151957e+00
   2.0000000e+00   2.5188680e+00   8.1248105e-01   1.5891708e+00   2.6509882e+00   2.8792548e+00   2.2595362e+00   3.4909444e+00   4.6317807e+00   3.5893648e+00   3.1955638e+00
   2.0000000e+00   2.4673860e+00   2.1443267e+00   2.4500821e+00   4.0489315e+00   2.5160894e+00   3.6403094e+00   3.9840821e+00   2.9293983e+00   3.0086855e+00   2.4269661e+00
   2.0000000e+00   3.1819798e+00   2.6212012e+00   1.3722573e+00   4.9100888e+00   1.2880478e+00   5.2447650e+00   4.8964593e+00   5.0231741e+00   3.1646986e+00   2.0805869e+00
   1.0000000e+00   3.4869204e+00   3.4195111e-01   3.1437949e+00   2.0136022e+00   4.2041255e+00   3.5842178e+00   2.3179009e+00   3.9029269e+00   2.1191664e+00   2.5825973e+00
   1.0000000e+00   3.0999830e+00   4.2099864e+00   3.4198000e+00   3.0132209e+00   2.8674217e+00   2.7467689e+00   2.9141474e+00   3.1323058e+00   2.0284415e+00   3.1056753e+00
   2.0000000e+00   3.8245764e+00   2.1074026e+00   3.6906042e+00   2.3648583e+00   2.8043835e+00   2.2384078e+00   2.4328264e+00   1.5165483e+00   2.8886707e+00   2.3428151e+00
   1.0000000e+00   3.9160997e+00   1.8911339e+00   2.8436319e+00   4.3055701e+00   2.7363430e+00   3.4806642e+00   3.9797528e+00   2.7526876e+00   3.0033953e+00   1.5032448e+00
   2.0000000e+00   2.6575387e+00   4.1332464e+00   1.5800210e+00   1.8146840e+00   2.6736205e+00   3.7168897e+00   4.1066995e+00   2.4703878e+00   2.8160955e+00   4.1130405e+00
   2.0000000e+00   2.6543343e+00   2.0854013e+00   2.6543251e+00   2.5857012e+00   2.6758137e+00   3.6589478e+00   4.1342490e+00   2.1680694e+00   3.2289598e+00   3.8542689e+00
   2.0000000e+00   3.9794090e+00   3.3225505e+00   4.8713103e+00   3.7247102e+00   2.5740921e+00   3.1248076e+00   4.0408206e+00   1.8349551e+00   3.2479385e+00   1.9674900e+00
   2.0000000e+00   2.8985720e+00   1.0253471e+00   2.2743035e+00   2.3222514e+00   1.5506378e+00   1.6550988e+00   2.0232336e+00   4.9444506e+00   1.4370805e+00   2.6149896e+00
   2.0000000e+00   9.6481066e-01   4.3238571e+00   2.6063904e+00   2.6791643e+00   2.5625613e+00   4.0137869e+00   2.5042806e+00   3.6819237e+00   3.5840051e+00   4.3577184e+00
   2.0000000e+00   3.2266365e+00   3.3058906e+00   4.0307591e+00   4.6366411e+00   2.2697317e+00   2.2351663e+00   3.1398498e+00   3.2887572e+00   2.4079325e+00   2.8348565e+00
   2.0000000e+00   4.4996305e+00   2.4099417e+00   3.5125693e+00   6.4617796e-01   3.1373582e+00   2.4405090e+00   1.7611528e+00   2.2832015e+00   4.3716957e+00   3.1628735e+00
   1.0000000e+00   3.5851869e+00   1.6297135e+00   2.8004458e+00   2.8678696e+00   1.5583914e+00   3.6554980e+00   4.7067204e+00   2.5289969e+00   2.7609931e+00   2.7056770e+00
   2.0000000e+00   3.6042505e+00   1.2441328e+00   4.2056676e+00   4.0915878e+00   2.5245695e+00   1.6348296e+00   3.0898849e+00   1.9956985e+00   2.9656487e+00   2.9853382e+00
   1.0000000e+00   3.7753792e+00   4.6347521e+00   3.4290504e+00   2.3259678e+00   2.1850709e+00   2.8820706e+00   1.8106413e+00   4.0026307e+00   2.0511317e+00   2.8938508e+00
   2.0000000e+00   1.2703751e+00   3.7829392e+00   4.2202902e+00   2.6547904e+00   4.2760762e+00   2.5608158e+00   1.5343179e+00   3.2028206e+00   4.6462754e+00   4.0345683e+00
   2.0000000e+00   2.6084698e+00   2.1418117e+00   2.3458292e+00   2.1497372e+00   2.9587125e+00   3.1251757e+00   3.2966912e+00   3.4433302e+00   2.1238731e+00   4.8017604e+00
   1.0000000e+00   3.0310042e+00   2.6735009e+00   3.9944210e+00   4.9840783e+00   3.3353744e+00   3.9324453e+00   2.2600106e+00   3.3107934e+00   3.8405113e+00   4.6471283e+00
   2.0000000e+00   4.1063533e+00   3.1980460e+00   2.4063785e+00   2.6207138e+00   2.8163492e+00   3.9770343e+00   2.8288986e+00   3.0700435e+00   2.6188355e+00   2.5334518e+00
   2.0000000e+00   2.3469090e+00   1.9969363e+00   3.4218106e+00   2.2066861e+00   3.0538333e+00   5.0809697e+00   2.5686154e+00   3.6049555e+00   2.5747698e+00   4.1604573e+00
   1.0000000e+00   3.0279768e+00   3.7945734e+00   3.4121588e+00   3.4229107e+00   3.7730257e+00   3.3413970e+00   3.1485049e+00   4.5642276e+00   4.4419243e+00   4.1740059e+00
   2.0000000e+00   2.8366374e+00   2.9758469e+00   2.6233932e+00   2.6860935e+00   2.6944768e+00   3.2844681e+00   2.8022312e+00   3.1974921e+00   4.1394737e+00   3.5249102e+00
   2.0000000e+00   2.8980593e+00   2.5913728e+00   4.1748356e+00   3.8419130e+00   3.9800241e+00   2.5178823e+00   4.8258901e+00   8.6909020e-01   3.2406744e+00   4.0635089e+00
   2.0000000e+00   4.0369772e+00   3.8843735e+00   4.4706305e+00   4.2168966e+00   3.4161763e+00   1.9529326e+00   2.5372411e+00   2.8101199e+00   2.7176384e+00   1.9959265e+00
   1.0000000e+00   3.1883978e+00   1.6344727e+00   2.6006321e+00   3.6324624e+00   2.2059058e+00   2.6929233e+00   1.3800290e+00   2.4530419e+00   4.6340639e+00   1.3632536e+00
   2.0000000e+00   1.7052617e+00   4.3180121e+00   3.6795312e+00   2.7389206e+00   3.0177706e+00   3.4655679e+00   2.2589657e+00   3.1137584e+00   2.2642491e+00   4.1734651e+00
   2.0000000e+00   3.8012690e+00   2.0860007e+00   2.3687113e+00   4.3242921e+00   4.4289857e+00   4.3279851e+00   3.6090821e+00   2.8380750e+00   4.3984408e+00   2.3652666e+00
   2.0000000e+00   4.3390864e+00   4.2326767e+00   2.4701553e+00   4.2401199e-01   3.7359291e+00   4.2035357e+00   4.6938290e+00   2.8039767e+00   1.8749721e+00   3.1105458e+00
   2.0000000e+00   3.5017623e+00   3.1813543e+00   1.6793447e+00   2.4155184e+00   2.4426547e+00   3.7426902e+00   1.6763747e+00   2.3458400e+00   1.1413053e+00   2.1486187e+00
   1.0000000e+00   3.2641194e+00   2.5319323e+00   2.5773822e+00   3.6145641e+00   4.4298742e+00   3.2461531e+00   4.7411190e+00   4.7701859e+00   2.0888760e+00   3.9317428e+00
   2.0000000e+00   4.2183985e+00   2.0340899e+00   2.8227062e+00   4.5545076e+00   2.2505757e+00   2.7559315e+00   2.7046120e+00   3.1629611e+00   4.1535039e+00   4.7903176e+00
   2.0000000e+00   2.5694107e+00   2.1239934e+00   1.3622313e+00   2.6360520e+00   3.9225316e+00   3.9064816e+00   3.7688931e+00   2.6382549e+00   3.9232394e+00   3.2868611e+00
   2.0000000e+00   4.2339624e+00   5.0486420e+00   4.5262990e+00   3.8300553e+00   4.2623828e+00   2.7703352e+00   3.7145138e+00   3.3363596e+00   2.5455286e+00   2.1425705e+00
   2.0000000e+00   2.7200908e+00   3.8612286e+00   1.8482351e+00   3.9422326e+00   2.7528676e+00   2.6321553e+00   1.1626385e+00   2.3447286e+00   3.2076928e+00   4.0890285e+00
   2.0000000e+00   4.7744270e+00   1.6147798e+00   2.6118552e+00   1.5146176e+00   2.9900954e+00   4.0608971e+00   2.9264691e+00   3.7721548e+00   3.0364027e+00   3.6140151e+00
   2.0000000e+00   2.0221360e+00   4.1626190e+00   2.1122315e+00   2.1960106e+00   3.2987803e+00   4.2849353e+00   2.8325649e+00   1.5166938e+00   4.3014708e+00   2.0692705e+00
   2.0000000e+00   3.3283134e+00   4.8273619e+00   4.6660462e+00   2.4771388e+00   4.0365805e+00   3.0378025e+00   3.8071494e+00   3.2258405e+00   2.8133455e+00   2.7748793e+00
   2.0000000e+00   2.9517565e+00   2.5769759e+00   2.1239889e+00   2.1656668e+00   2.4649362e+00   1.9341859e+00   2.1123978e+00   4.3472457e+00   3.2663570e+00   1.7511660e+00
   2.0000000e+00   4.4481511e+00   2.8868526e+00   1.7035325e+00   3.3558636e+00   2.9118869e+00   2.4045666e+00   3.6261791e+00   3.9709086e+00   2.0634333e+00   3.4808249e+00
   2.0000000e+00   2.3266336e+00   4.5863970e+00   3.7356699e+00   2.6462031e+00   2.9751449e+00   2.3287900e+00   1.7780263e+00   3.5378087e+00   3.2737910e+00   5.5634460e+00
   2.0000000e+00   4.1562621e+00   2.5336941e+00   2.1358732e+00   3.5957462e+00   3.4264183e+00   2.5399459e+00   2.9603475e+00   2.3649138e+00   2.2114646e+00   9.3458799e-01
   2.0000000e+00   2.3233625e+00   2.5560951e+00   5.9076978e+00   1.2985360e+00   4.5267388e+00   4.3528324e+00   3.3777961e+00   4.9095366e+00   4.6004676e+00   2.8093830e+00
   2.0000000e+00   5.1457035e+00   2.2921206e+00   1.4714773e+00   2.3361425e+00   2.4982676e+00   2.3455189e+00   2.0288965e+00   2.3764377e+00   3.3423715e+00   2.7313441e+00
   1.0000000e+00   3.1844037e+00   3.7162114e+00   3.3956548e+00   3.1039972e+00   2.0230669e+00   1.9147302e+00   2.1424000e+00   2.5136959e+00   2.6504419e+00   4.3665105e+00
   1.0000000e+00   3.5372260e+00   1.3253707e+00   2.4067963e+00   4.6582486e+00   3.3790474e+00   1.1668246e+00   2.6144068e+00   9.1517158e-01   2.6161514e+00   2.0713953e+00
   2.0000000e+00   3.5766859e+00   2.5447151e+00   2.1097184e+00   2.2568098e+00   6.2542506e-01   9.4548059e-01   5.7289776e-01   2.9925602e+00   3.8471177e+00   1.4929355e+00
   2.0000000e+00   4.6698662e+00   3.4053305e+00   3.0457435e+00   4.3477627e+00   2.9315144e+00   3.4142053e+00   3.9626069e+00   3.4273272e+00   4.2999318e+00   4.5242368e+00
   2.0000000e+00   3.8793101e+00   3.3798547e+00   4.5861742e+00   2.4168670e+00   3.0997889e+00   2.8635139e+00   2.2467591e+00   2.5135952e+00   2.4752128e+00   2.4958215e+00
   2.0000000e+00   4.6715574e+00   3.5119458e+00   3.0009748e+00   2.4538374e+00   2.4868531e+00   3.8401454e+00   2.6321599e+00   4.1933974e+00   3.1271333e+00   2.4900434e+00
   2.0000000e+00   5.4267143e+00   2.9199975e+00   2.4081764e+00   1.9543131e+00   2.3460200e+00   2.4011601e+00   2.7989528e+00   3.7641221e+00   3.3888605e+00   3.2051134e+00
   2.0000000e+00   2.5561568e+00   4.0970446e+00   2.3477566e+00   3.8304616e+00   1.6288673e+00   4.5498326e+00   4.4219229e+00   1.1774126e+00   3.9268054e+00   3.2414272e+00
   1.0000000e+00   3.4359482e+00   1.8165684e+00   2.8325773e+00   2.4543344e+00   2.3682648e+00   2.0944909e+00   3.0598821e+00   4.4558985e+00   3.8835059e+00   1.9451121e+00
   2.0000000e+00   3.8915796e+00   2.2204942e+00   2.6344527e+00   5.3063555e+00   7.4738440e-01   2.5161453e+00   4.5527454e+00   2.1283632e+00   3.1283242e+00   3.5592439e+00
   2.0000000e+00   3.4687096e+00   1.4674915e+00   3.3207291e+00   5.1847944e+00   4.0759161e+00   3.0168774e+00   2.5353329e+00   4.3317865e+00   2.9115939e+00   2.7081407e+00
   2.0000000e+00   2.7445350e+00   2.1849693e+00   5.2607274e+00   2.9491435e+00   1.4060007e+00   4.0646442e+00   1.2319969e+00   2.6987902e+00   2.6800603e+00   2.5261827e+00
   2.0000000e+00   5.1834942e+00   4.1377895e+00   3.4271925e+00   2.9799505e+00   2.5315737e+00   4.4095101e+00   2.4250430e+00   3.4768249e+00   2.6243271e+00   2.3995673e+00
   1.0000000e+00   3.3983026e+00   3.8670676e+00   2.2705670e+00   2.0848112e+00   3.6410767e+00   3.7521361e+00   2.3307381e+00   3.0472085e+00   3.5926907e+00   3.6389198e+00
   2.0000000e+00   2.3601780e+00   4.0595814e+00   2.9553897e+00   1.9040235e+00   1.8976860e+00   2.6148251e+00   2.6728838e+00   3.6695999e+00   4.0827861e+00   3.9524977e+00
   2.0000000e+00   3.1253325e+00   2.2646805e+00   4.6896459e+00   2.6475906e+00   3.5473579e+00   4.4548615e+00   3.6177033e+00   2.8217654e+00   4.0696430e+00   4.1407383e+00
   2.0000000e+00   2.6852228e+00   3.1153581e+00   2.8865686e+00   1.3699659e+00   3.8871658e+00   3.0107783e+00   2.2999343e+00   3.4240306e+00   9.0295385e-01   2.7601557e+00
   2.0000000e+00   3.1041676e+00   2.0748685e+00   4.2702122e+00   3.0480131e+00   3.1957970e+00   1.7958925e+00   2.9136532e+00   1.5195793e+00   2.6355530e+00   4.1258050e+00
   1.0000000e+00   3.5402779e+00   4.4115848e+00   3.2913152e+00   3.4597253e+00   2.7444293e+00   3.1479618e+00   1.8986824e+00   3.1718735e+00   4.5026780e+00   3.6796526e+00
   2.0000000e+00   2.0730417e+00   3.5177138e+00   4.1738727e+00   3.1236310e+00   2.4251128e+00   4.0037648e+00   2.3586642e+00   5.5122748e+00   3.5040257e+00   3.7992467e+00
   2.0000000e+00   6.5254986e-01   3.8294425e+00   2.8698356e+00   1.1455781e+00   3.1361942e+00   2.7260468e+00   3.3059178e+00   3.2220248e+00   4.0149206e+00   3.0999812e+00
   2.0000000e+00   4.0172133e+00   2.2896376e+00   2.3008097e+00   1.5875929e+00   2.2767713e+00   4.3759717e+00   3.3941444e+00   2.9138358e+00   1.3780339e+00   2.8988819e+00
   2.0000000e+00   2.6414232e+00   1.7703431e+00   3.6893903e+00   1.3640861e+00   5.0248703e+00   1.1548885e+00   5.3465385e+00   1.7683841e+00   2.1749087e+00   3.9062387e+00
   2.0000000e+00   2.8507377e+00   3.8691026e+00   3.9856412e+00   4.2659769e+00   2.8139590e+00   4.5531654e+00   4.6821621e+00   4.2021417e+00   2.8708905e+00   4.8960714e+00
   1.0000000e+00   3.5329967e+00   4.8441217e+00   3.2928346e+00   4.1158256e+00   3.0614994e+00   3.6883027e+00   3.4748762e+00   2.8745972e+00   1.5838411e+00   3.4351297e+00
   2.0000000e+00   3.7844634e+00   4.7217958e+00   1.4618381e+00   2.5623660e+00   2.3258962e+00   1.9278342e+00   3.6125352e+00   2.6200199e+00   2.6524905e+00   2.5161854e+00
   2.0000000e+00   2.6410303e+00   3.2021452e+00   3.7529779e+00   3.7444322e+00   6.0020828e+00   2.3819666e+00   1.9931695e+00   4.8331622e+00   3.3954687e+00   4.9286169e+00
   1.0000000e+00   3.2087211e+00   3.4708515e+00   2.7180320e+00   4.4365196e+00   3.4359200e+00   3.6588787e+00   3.5932366e-01   1.3777252e+00   3.3837741e+00   1.8111029e+00
   2.0000000e+00   6.5051822e-01   3.4139373e+00   4.3691915e+00   5.4680872e-01   2.5161712e+00   2.3898416e+00   3.4308608e+00   2.4306380e+00   1.6101632e+00   3.1462458e+00
   2.0000000e+00   4.2498396e+00   3.6002664e+00   2.7249843e+00   2.7940654e+00   2.7691670e+00   3.8444337e+00   1.1728518e+00   2.4863461e+00   3.8337942e+00   2.7652868e+00
   2.0000000e+00   1.4121007e+00   4.1259019e+00   3.4707664e+00   3.4669215e+00   2.9878016e+00   1.9785928e+00   3.3020127e+00   4.5634363e+00   2.6854001e+00   1.9400301e+00
   2.0000000e+00   2.9668264e+00   1.0770170e+00   3.3126526e+00   2.6066381e+00   2.1849041e+00   2.8029850e+00   1.3046431e+00   4.2098952e+00   2.6770993e+00   2.6462212e+00
