   1.0000000e+00   2.6384167e+00   2.8649388e+00   1.8045379e+00   2.7837135e+00   3.7215410e+00   3.9368102e+00   4.0609339e+00   3.5339812e+00   2.6336032e+00   7.3374122e-01
   2.0000000e+00   1.8155858e+00   3.1359771e+00   2.9098244e+00   4.3292521e+00   1.0322721e+00   2.2448651e+00   3.2561649e+00   3.0274912e+00   4.7445566e+00   4.4118217e+00
   2.0000000e+00   3.6055422e+00   2.6643212e+00   2.3625390e+00   1.9433445e+00   2.5192801e+00   3.4264990e+00   4.1868344e+00   3.7937289e+00   3.5227447e+00   3.6254211e+00
   2.0000000e+00   4.4222155e+00   2.9159903e+00   4.2642327e+00   1.8183950e+00   1.1115055e+00   1.7757321e+00   3.7736502e+00   2.0460652e+00   4.4735822e+00   2.7350017e+00
   2.0000000e+00   2.0984959e+00   2.7360311e+00   2.5086209e+00   3.5804804e+00   4.8426889e+00   3.5396616e+00   2.0986029e+00   4.2368765e+00   3.2027109e+00   2.9988748e+00
   2.0000000e+00   1.9567452e+00   1.6546235e+00   1.2821547e+00   2.2480957e+00   2.4825115e+00   3.1789290e+00   4.2843119e+00   4.1025565e+00   1.0939533e+00   3.2688517e+00
   2.0000000e+00   3.7845289e+00   2.2378051e+00   4.6753375e+00   2.1142225e+00   3.5465041e+00   2.7132361e+00   2.2388617e+00   1.8577051e+00   2.8800703e+00   4.4848943e+00
   1.0000000e+00   2.3090392e+00   1.8390766e+00   2.6796964e+00   2.3102239e+00   3.2932157e+00   2.3488436e+00   3.8841346e+00   3.6507790e+00   2.9505058e+00   3.0345164e+00
   1.0000000e+00   3.1786300e+00   2.9022025e+00   1.6518092e+00   3.1397318e+00   3.9901713e+00   2.5044595e+00   3.3542917e+00   3.4120720e+00   4.7273363e+00   1.1896266e+00
   2.0000000e+00   3.7952085e+00   3.1506433e+00   1.5179476e+00   2.0153406e+00   3.7223806e+00   1.2758323e+00   2.6978934e+00   2.5214506e+00   3.1299261e+00   3.8812884e+00
   2.0000000e+00   5.1385679e+00   3.1566134e+00   2.8488103e+00   3.2433517e+00   2.0211946e+00   1.6869957e+00   2.6855372e+00   4.8649902e-01   1.0320461e+00   2.6239900e+00
   2.0000000e+00   4.3446786e+00   1.5941557e+00   3.5112382e+00   3.1982842e+00   2.9309310e+00   1.8027766e+00   1.9687633e+00   3.4727100e+00   3.4403306e+00   3.8834630e+00
   1.0000000e+00   1.6114515e+00   4.4399611e+00   1.6512593e+00   3.2335370e+00   3.1642570e+00   2.4223833e+00   2.4157093e+00   3.9640721e+00   2.3902941e+00   3.1761322e+00
   2.0000000e+00   3.7425327e+00   3.7962614e+00   2.8837154e+00   3.1572884e+00   1.1894303e+00   3.3572247e+00   2.6964600e+00   4.3179467e+00   2.2464941e+00   2.5350590e+00
   2.0000000e+00   2.8511661e+00   3.1675078e+00   3.3272781e+00   2.5165218e+00   4.5516489e+00   1.1504598e+00   3.4536925e+00   3.0721230e+00   3.0807897e+00   4.5138207e+00
   2.0000000e+00   2.4491960e+00   4.3895546e+00   4.9107604e+00   3.0682692e+00   2.3046383e+00   2.9514388e+00   5.2466293e+00   3.5777344e+00   3.1838140e+00   1.7948557e+00
   1.0000000e+00   4.5744848e+00   2.4477057e+00   2.4714207e+00   2.6676961e+00   3.6876464e+00   1.4920902e+00   1.7298420e+00   1.9530756e+00   3.2112170e+00   2.4533580e+00
   2.0000000e+00   2.8553585e+00   2.1091512e+00   2.4229278e+00   1.5510761e+00   3.9750567e+00   3.0362395e+00   4.8740176e+00   2.5212797e+00   3.1510834e+00   2.3230172e+00
   2.0000000e+00   1.8364448e+00   3.2997945e+00   2.9035204e+00   5.1761981e+00   3.1322074e+00   3.1591878e+00   4.5111119e+00   2.0392102e+00   1.4725587e+00   3.9973718e+00
   2.0000000e+00   2.8415243e+00   3.5590582e+00   5.1730358e+00   2.8975200e+00   3.2419718e+00   3.5799554e+00   3.2606262e+00   4.3993035e+00   2.7941080e+00   3.8465119e+00
   2.0000000e+00   2.3369341e+00   3.1531682e+00   2.4942368e+00   3.0912009e+00   4.4232681e+00   2.8835231e+00   1.3832252e+00   1.6321223e+00   2.0413423e+00   3.7553818e+00
   2.0000000e+00   1.9633162e-01   3.7326706e+00   2.3094169e+00   3.7030204e+00   4.2617085e+00   3.2872369e+00   3.3343511e+00   5.2884062e+00   3.9083210e+00   2.2571120e+00
   2.0000000e+00   1.7529196e+00   3.5221821e+00   3.1459378e+00   3.5382619e+00   2.1380810e+00   3.8813723e+00   2.0378170e+00   4.6374859e+00   3.5326126e+00   2.4071392e+00
   2.0000000e+00   3.2251931e+00   3.3710708e+00   3.2641593e+00   3.5609157e+00   2.0529205e+00   3.4270881e+00   3.1342870e+00   3.6622055e+00   2.8125174e+00   3.0047353e+00
   2.0000000e+00   4.0763171e+00   3.1273813e+00   3.9715960e+00   4.5034667e+00   5.6216797e+00   3.5914419e+00   1.4879938e+00   2.8858168e+00   3.3790086e+00   3.0852482e+00
   2.0000000e+00   3.8197823e+00   2.2002660e+00   3.1370564e+00   3.5029637e+00   2.3808229e+00   2.1064478e+00   1.5627195e+00   2.2519126e+00   3.1028171e+00   2.9335859e+00
   2.0000000e+00   3.0407326e+00   1.4699559e+00   4.1196162e+00   3.7830633e+00   1.9354453e+00   3.2144579e+00   1.6266905e+00   1.2983398e+00   2.0209471e+00   4.0321128e+00
   2.0000000e+00   1.2887021e+00   3.2429070e+00   2.9539060e+00   2.2305047e+00   2.5128194e+00   2.9752953e+00   1.8501000e+00   2.9460892e+00   2.8184519e+00   2.5275237e+00
   2.0000000e+00   3.4598390e+00   2.8149275e+00   3.6513309e+00   3.7433018e+00   2.8854143e+00   1.7472177e+00   2.7807826e+00   5.4361415e-01   2.7945128e+00   1.1164932e+00
   1.0000000e+00   2.5616760e+00   4.1263381e+00   3.6800215e+00   2.8568554e+00   3.3007103e+00   4.4986609e+00   4.0047257e+00   5.2604751e+00   2.9874307e+00   1.9565782e+00
   2.0000000e+00   3.5226390e+00   2.3298319e+00   2.9125758e+00   3.7559187e+00   2.5911477e+00   1.9815728e+00   4.9211068e+00   1.6410324e+00   2.5975120e+00   4.0801497e+00
   1.0000000e+00   3.8069995e+00   3.0649196e+00   4.5575551e+00   3.1325003e+00   3.1137290e+00   2.8934029e+00   2.5386551e+00   2.7375954e+00   3.2425991e+00   4.4454164e+00
   2.0000000e+00   2.7345020e+00   2.2344777e+00   4.0404275e+00   1.7427687e+00   2.9053999e+00   4.6648234e+00   4.3240537e+00   3.7212320e+00   4.0687398e+00   3.7592205e+00
   2.0000000e+00   4.7400687e+00   1.0700822e+00   2.4038740e+00   3.6693863e+00   3.7829494e+00   3.4044369e+00   3.6160269e+00   2.5161695e+00   3.4117803e+00   3.8197234e+00
   2.0000000e+00   3.1506459e+00   3.8153478e+00   4.0573997e+00   4.1854058e+00   4.8999261e+00   2.7189356e+00   1.4110276e+00   3.8136990e+00   2.5167535e+00   1.7599103e+00
   2.0000000e+00   4.2225567e+00   1.7767804e+00   3.8349743e+00   3.4229177e+00   1.9912341e+00   3.9561249e+00   3.0433053e+00   4.6401344e+00   3.9464774e+00   3.9656973e+00
   2.0000000e+00   3.7863436e+00   3.6301650e+00   1.9581149e+00   1.6204913e+00   3.0851052e+00   4.5113951e+00   2.5778949e+00   4.0953146e+00   2.3802725e+00   3.2820098e+00
   2.0000000e+00   1.4823999e+00   2.0600873e+00   4.1967813e+00   1.6691198e+00   3.8035327e+00   2.7334211e+00   1.2418261e+00   4.0344160e+00   1.9847274e+00   2.1165276e+00
   2.0000000e+00   2.9082448e+00   8.2635407e-01   1.5655398e+00   4.0146034e+00   3.3982509e+00   4.4515114e+00   2.3865847e+00   3.1022849e+00   1.1919843e+00   4.0870908e+00
   1.0000000e+00   2.7413135e+00   2.6086606e+00   2.8942283e+00   3.7456829e+00   3.4101236e+00   3.9085033e+00   2.4560154e+00   4.3035729e+00   2.4865872e+00   3.4900080e+00
   2.0000000e+00   4.4880536e+00   5.1079513e+00   2.4633188e+00   2.2883938e+00   3.8551509e+00   4.3972788e+00   3.1287570e+00   4.0177764e+00   3.4178489e+00   3.2220341e+00
   1.0000000e+00   9.9911895e-01   2.8152652e+00   2.9451637e+00   3.1598431e+00   3.4646911e+00   4.1384074e+00   2.7759514e+00   3.1668569e+00   3.2546145e+00   3.0188265e+00
   2.0000000e+00   4.2382670e+00   4.4775077e+00   2.4763425e+00   2.7115697e+00   1.9637342e+00   3.3360880e+00   1.8183235e+00   2.5381272e+00   1.3449001e+00   4.2181939e+00
   2.0000000e+00   2.7981498e+00   3.8215310e+00   2.4200588e+00   1.9161756e+00   1.5224286e+00   1.7885653e+00   2.9316756e+00   3.3222581e+00   3.8657944e+00   2.2186880e+00
   2.0000000e+00   3.5234252e+00   3.7947737e+00   3.9011973e+00   4.3334937e+00   2.7742269e+00   3.8970036e+00   2.7694029e+00   2.4361137e+00   4.4550260e+00   3.8848554e+00
   2.0000000e+00   3.9452340e+00   4.6526778e+00   3.0882262e+00   2.5558357e+00   4.5304917e+00   3.5966991e+00   2.9489345e+00   2.1782498e+00   3.2139589e+00   2.6647891e+00
   2.0000000e+00   5.0098907e+00   2.6056016e+00   3.7113788e+00   2.8898688e+00   2.5296349e+00   2.2237403e+00   3.5037507e+00   4.6061518e+00   1.8318047e+00   4.3360885e+00
   2.0000000e+00   4.5394003e+00   2.5376345e+00   3.7714853e+00   1.9373143e+00   3.0498639e+00   3.4950555e+00   1.5962659e+00   2.5682181e+00   2.0421082e+00  -1.9255116e-01
   2.0000000e+00   4.6617534e+00   3.8273462e+00   4.2391501e+00   2.0317648e+00   2.4968106e+00   2.8799796e+00   2.0316051e+00   1.8966432e+00   2.3692986e+00   2.8385322e+00
   2.0000000e+00   4.9427129e+00   2.6924233e+00   2.4302406e+00   3.0796751e+00   1.5363761e+00   3.5198314e+00   4.3787533e+00   2.5294440e+00   4.3815775e+00   2.4439859e+00
   2.0000000e+00   2.9172015e+00   2.6082229e+00   2.3511364e+00   1.8794869e+00   4.1441961e+00   3.1439037e+00   3.6456685e+00   2.4680026e+00   4.9879903e+00   4.6025874e+00
   2.0000000e+00   3.5435436e+00   3.4605882e+00   3.3464153e+00   2.2607425e+00   3.7978662e+00   4.3657606e+00   3.2517433e+00   1.5802552e+00   2.5061667e+00   2.3164750e+00
   2.0000000e+00   2.6329331e+00   3.1275915e+00   3.3322368e+00   5.4782642e+00   2.9056143e+00   1.4743742e+00   3.1185064e+00   1.4256280e+00   4.0522839e+00   4.0053026e+00
   2.0000000e+00   3.7364770e+00   4.2808686e+00   4.5548589e+00   4.0251503e+00   2.4230965e+00   3.7882565e+00   2.8423870e+00   4.3335775e+00   1.7212169e+00   3.7694395e+00
   2.0000000e+00   2.4191418e+00   2.8016134e+00   3.4518766e+00   4.1284886e-01   3.9946246e+00   3.4715068e+00   3.9337896e+00   2.6845910e+00   3.6009073e+00   3.6776556e+00
   2.0000000e+00   2.3398922e+00   3.2919604e+00   3.1881112e+00   2.0235963e+00   1.6479727e+00   2.7766985e+00   2.2945110e+00   4.5666683e+00   2.7147080e+00   2.5569544e+00
   2.0000000e+00   4.8241202e+00   3.8222266e+00   3.1519131e+00   4.3406728e+00   2.6743888e+00   1.8994127e+00   2.3094118e+00   2.8417976e+00   1.6358236e+00   3.7127071e+00
   1.0000000e+00   4.2680108e+00   3.0936078e+00   1.9922526e+00   2.2137388e+00   3.5677464e+00   3.6625884e+00   3.2246916e+00   3.0642024e+00   1.7714100e+00   2.6753551e+00
   2.0000000e+00   4.7800183e+00   1.3131852e+00   2.8816898e+00   2.3653876e+00   2.2401266e+00   1.5633522e+00   3.2379110e+00   1.5354242e+00   3.3033184e+00   1.7964612e+00
   2.0000000e+00   2.5026269e+00   4.1074470e+00   3.6798760e+00   3.7517535e+00   2.8860533e+00   3.9410315e+00   3.2811102e+00   2.8473067e+00   3.5246106e+00   4.8996642e+00
   2.0000000e+00   4.3449144e+00   2.8157850e+00   3.4950055e+00   3.6288328e+00   3.9910632e+00   3.5643836e+00   2.4532953e+00   4.3587071e+00   3.2880583e+00   2.8091221e+00
   2.0000000e+00   3.0844756e+00   2.8280537e+00   2.7000847e+00   3.3017135e+00   4.1262171e+00   1.5696971e+00   2.1503215e+00   1.4224926e+00   2.0296033e+00   3.3574030e+00
   1.0000000e+00   3.1550907e+00   1.6023182e+00   4.7680370e+00   2.9272128e+00   3.4994321e+00   3.1159522e+00   3.7063445e+00   3.1238216e+00   3.6225525e+00   3.8164804e+00
   2.0000000e+00   4.3112618e+00   1.5450774e+00   1.1481724e+00   3.6155805e+00   2.7676108e+00   3.6489730e+00   3.9437900e+00   4.4250425e+00   1.6133851e+00   3.5800932e+00
   1.0000000e+00   3.0288944e+00   2.2770968e+00   2.2652736e+00   3.2487706e+00   3.1642663e+00   2.8839573e+00   3.7026276e+00   3.2629459e+00   2.4762722e+00   2.8114699e+00
   2.0000000e+00   2.9614343e+00   3.2296329e+00   3.0761497e+00   3.2570066e+00   2.1146780e+00   1.9081555e+00   3.9897519e+00   3.9819236e+00   3.7336941e+00   3.1313391e+00
   2.0000000e+00   2.5371300e+00   3.2656428e+00   4.1929511e+00   3.2866900e+00   4.9615609e+00   3.9730600e+00   2.1072184e+00   8.4134510e-01   2.0896887e+00   1.7389822e+00
   2.0000000e+00   3.4141891e+00   2.4276617e+00   3.6395119e+00   2.4886061e+00   2.7909888e+00   4.3383091e+00   2.6128867e+00   3.4360821e+00   4.4857694e+00   3.0640450e+00
   2.0000000e+00   5.1047240e+00   3.4296145e+00   2.3486690e+00   2.4260818e+00   2.5524072e+00   2.7180027e+00   2.8507656e+00   2.5334220e+00   3.0253352e+00   3.0105205e+00
   1.0000000e+00   2.7381034e+00   2.2117081e+00   3.5583534e+00   2.9457544e+00   3.6987722e+00   3.4896650e+00   5.0273887e+00   4.0200665e+00   2.8783210e+00   3.2626764e+00
   2.0000000e+00   3.8599852e+00   3.2863966e+00   3.2046303e+00   3.0040654e+00   2.8510771e+00   3.5237033e+00   3.3199342e+00   2.8066709e+00   1.9586640e+00   3.5884075e+00
   2.0000000e+00   3.3108374e+00   2.9385254e+00   7.3101486e-01   1.8356189e+00   3.7303256e+00   5.0953229e+00   3.7579885e+00   2.5668620e+00   4.5313623e+00   2.6176107e+00
   2.0000000e+00   2.9104339e+00   2.0184831e+00   2.3314052e+00   3.2095617e+00   2.4596385e+00   3.8746493e+00   3.6326256e+00   2.3328779e+00   2.5026281e+00   5.0060742e+00
   2.0000000e+00   2.4271835e+00   4.1807664e+00   3.0151659e+00   1.7621538e+00   4.2839947e+00   2.7831577e+00   1.8539249e+00   1.5170226e+00   2.0201735e+00   2.5655638e+00
   2.0000000e+00   2.5501329e+00   3.1728721e+00   3.0596169e+00   1.6069280e+00   3.6079990e+00   3.0210394e+00   1.8971573e+00   1.3062798e+00   2.4378911e+00   2.1278882e+00
   1.0000000e+00   7.0042119e-01   3.1747225e+00   1.4082206e+00   2.1204452e+00   3.1842597e+00   3.2158790e+00   2.0326447e+00   2.7331806e+00   3.5543802e+00   4.2914490e+00
   2.0000000e+00   2.5968550e+00   3.4715912e+00   3.2608004e+00   3.8605090e+00   2.6339720e+00   4.6895616e+00   3.0694161e+00   5.2399027e+00   4.2810083e+00   7.1566612e-01
   2.0000000e+00   2.1957249e+00   5.0473592e+00   2.4678418e+00   2.8588110e+00   8.9644409e-01   4.3158725e+00   2.0919692e+00   3.3873729e+00   4.9314604e-01   4.0196432e+00
   2.0000000e+00   4.5834042e+00   2.3563160e+00   1.2901190e+00   1.9250384e+00   1.6850787e+00   4.0696101e+00   3.3073840e+00   2.6447476e+00   2.7795892e+00   4.8437876e+00
   1.0000000e+00   2.3162302e+00   1.5471027e+00   2.9237718e+00   2.9848260e+00   3.4972228e+00   3.3396604e+00   3.4496882e+00   2.6468874e+00   3.8274080e+00   2.0968365e+00
   2.0000000e+00   3.3861929e+00   2.3657454e+00   2.4693017e+00   3.5084703e+00   2.1571524e+00   4.0538300e+00   2.6838380e+00   2.9578894e+00   3.0556741e+00   1.9674031e+00
   2.0000000e+00   2.6380183e+00   1.8863589e+00   2.6105669e+00   2.7338692e+00   7.8129546e-01   1.0966044e+00   3.6660981e+00   3.4052263e+00   3.6072233e+00   1.8727238e+00
   2.0000000e+00   3.2983460e+00   2.1089671e+00   3.5982188e+00   4.6378078e+00   3.6221484e+00   2.1011429e+00   2.7728770e+00   1.0440436e+00   2.6470193e+00   2.8391799e+00
   2.0000000e+00   1.9074046e+00   4.7106217e+00   3.3078526e+00   3.4185594e+00   2.5078770e+00   3.2866056e+00   3.5895765e+00   2.7749223e+00   9.1501686e-01   4.2756372e-01
   2.0000000e+00   2.2713740e+00   2.4825670e+00   3.1038414e+00   2.3197607e+00   4.0785989e+00   3.0404012e+00   1.3140596e+00   4.4517845e+00   1.7118425e+00   3.9152300e+00
   1.0000000e+00   2.6906496e+00   2.7520858e+00   2.9824264e+00   2.9230657e+00   3.8461799e+00   4.1377953e+00   3.5407682e+00   2.9219417e+00   2.2422706e+00   4.3613827e+00
   2.0000000e+00   2.1800128e+00   5.0658848e+00   1.0174647e+00   3.4321766e+00   2.8096596e+00   2.9218891e+00   4.1129815e+00   1.6474819e+00   2.2773256e+00   3.7722842e+00
   2.0000000e+00   1.7599568e+00   2.5649814e+00   4.4660007e+00   3.7612170e+00   2.3962192e+00   5.1309925e+00   1.8705500e+00   3.1618423e+00   2.7086825e+00   2.0327168e+00
   2.0000000e+00   2.8268604e+00   3.0851373e+00   2.6475008e+00   2.5646097e+00   2.1465936e+00   1.5715094e+00   3.0244676e+00   4.6599923e+00   4.1417857e-01   3.6743506e+00
   2.0000000e+00   3.7672772e+00   3.6638921e+00   3.7132995e+00   2.4566910e+00   4.0054205e+00   3.4293699e+00   2.8136403e+00   1.6993079e+00   2.7143247e+00   1.0713080e+00
   2.0000000e+00   2.6020604e+00   3.0300981e+00   3.7636660e+00   1.7565316e+00   3.1285931e+00   3.4410329e+00   2.3835717e+00   3.2315334e+00   1.1908509e+00   3.9391787e+00
   2.0000000e+00   2.0629643e+00   3.2177228e+00   3.5570640e+00   2.3465452e+00   4.2366328e+00   3.0318112e+00   3.3723869e+00   3.3501086e+00   4.9563019e+00   2.5535047e+00
   1.0000000e+00   1.6771225e+00   1.5151393e+00   3.5650756e+00   3.0792115e+00   3.4998474e+00   3.4339803e+00   2.0396547e+00   3.5288069e+00   3.6628347e+00   3.2765741e+00
   2.0000000e+00   2.0179152e+00   2.3548649e+00   2.8232355e+00   2.8275332e+00   4.2985739e+00   4.5984624e+00   3.0161344e+00   4.3287650e+00   2.9099855e+00   2.1058375e+00
   1.0000000e+00   3.0392192e+00   3.0376610e+00   4.5513994e+00   2.2217963e+00   3.5490506e+00   2.5874446e+00   6.8635752e-01   1.7191612e+00   4.6345582e+00   1.5051543e+00
   2.0000000e+00   2.9926189e+00   2.8003352e+00   1.0979486e+00   3.7847805e+00   3.7031118e+00   1.5936349e+00   3.8218945e+00   1.6503006e+00   2.5992238e+00   3.2398738e+00
   2.0000000e+00   3.0788622e+00   3.5643856e+00   2.6992491e+00   5.7932439e+00   3.9925022e+00   3.7198654e+00   4.5042718e+00   3.0938823e+00   3.5832605e+00   3.3262278e+00
   2.0000000e+00   2.9501465e+00   3.5380799e+00   3.6698208e+00   2.3074340e+00   1.5097475e-01   2.3310604e+00   1.6637476e+00   2.6724756e+00   2.6037250e+00   3.1067992e+00
   2.0000000e+00   2.7037455e+00   3.2953396e+00   3.2456250e+00   2.2389139e+00   2.5612563e+00   3.5622791e+00   5.7360268e+00   3.0900829e+00   2.0029537e+00   4.7255190e+00
   2.0000000e+00   3.6843890e+00   2.5758458e+00   4.5249350e+00   2.8627750e+00   2.6345528e+00   3.2986003e+00   2.5222431e+00   3.5152528e+00   3.2440433e+00   2.5799837e+00
