   2.0000000e+00   3.1466879e+00   2.4289592e+00   2.4835743e+00   1.8282498e+00   2.2868971e+00   2.4151028e+00   4.7214665e+00   3.5631556e+00   2.9479053e+00   4.1615054e+00
   2.0000000e+00   2.5009271e+00   3.0191022e+00   3.4006912e+00   2.8255244e+00   3.7540651e+00   3.0396865e+00   2.2816559e+00   2.7488174e+00   2.9243020e+00   3.1700162e+00
   2.0000000e+00   1.3519746e+00   3.9261275e+00   3.1742452e+00   1.7308620e+00   3.2307021e+00   3.3090473e+00   1.9248727e+00   1.1170402e+00   2.8659715e+00   4.0356739e+00
   2.0000000e+00   3.9288444e+00   1.3247001e+00   3.2709654e+00   9.3332608e-01   1.1552870e+00   3.9623452e+00   2.6226855e+00   3.1696652e+00   3.9083996e+00   2.9686556e+00
   2.0000000e+00  -6.3811813e-02   3.1529988e+00   4.4528862e+00   3.3791391e+00   3.9262591e+00   2.1125387e+00   2.4982552e+00   4.6650048e+00   1.7552927e+00   3.0642411e+00
   2.0000000e+00   2.9617224e+00   1.6630580e+00   1.9365666e+00   3.4624243e+00   2.1295400e+00   2.9994547e+00   3.1029127e+00   1.4748119e+00   6.1026587e+00   2.2922022e+00
   2.0000000e+00   1.6974964e+00   4.0565887e+00   3.9778606e+00   3.3742943e+00   3.1623667e+00   3.8025310e+00   2.4986209e+00   2.6893037e+00   2.8618800e+00   2.8967841e+00
   2.0000000e+00   1.7479309e+00   3.2197356e+00   2.5697223e+00   3.2818804e+00   3.3084694e+00   2.0076381e+00   2.2673990e+00   3.4003320e+00   3.6083447e+00   3.8589429e+00
   2.0000000e+00   2.8320898e+00   2.7003546e+00   2.3159735e+00   2.8634794e+00   2.5736062e+00   3.1839682e+00   2.6727541e+00   3.2306784e+00   2.1043807e+00   2.1846504e+00
   1.0000000e+00   3.0692845e+00   2.3458415e+00   3.2869628e+00   2.5690351e+00   1.7929730e+00   3.2995177e+00   3.5630355e+00   1.5056257e+00   3.6338802e+00   3.0083913e+00
   2.0000000e+00   4.7573084e+00   2.8126006e+00   2.7513864e+00   3.9750640e+00   3.8435552e+00   2.7104719e+00   2.7815101e+00   2.6408475e+00   5.5041249e+00   3.2145646e+00
   2.0000000e+00   4.8789205e+00   3.6411083e+00   2.8630013e+00   4.5304386e+00   2.1546223e+00   2.8530196e+00   3.2830305e+00   9.9135544e-01   4.0938755e+00   2.3110863e+00
   2.0000000e+00   3.8254433e+00   5.5062534e+00   1.8736577e+00   3.9071749e+00   4.5297539e+00   3.1590101e+00   3.5063175e+00   2.0205230e+00   2.8694953e+00   1.9562458e+00
   2.0000000e+00   2.9169201e+00   1.5631924e+00   2.3434843e+00   5.1696395e+00   2.4645944e+00   2.7672593e+00   3.2791154e+00   4.5444819e+00   2.6590872e+00   2.5026895e+00
   2.0000000e+00   2.4294305e+00   3.4127498e+00   1.8836985e+00   3.9946339e+00   2.2318711e+00   5.0931174e-01   2.5638321e+00   2.7063873e+00   1.5130809e+00   2.0624113e+00
   2.0000000e+00   3.3149513e+00   3.0856419e+00   2.7256370e+00   2.9387971e+00   2.3169148e+00   3.1124792e+00   2.7986028e+00   4.3548977e+00   2.9020197e+00   3.1032996e+00
   1.0000000e+00   3.1829841e+00   5.2524434e+00   3.8505957e+00   2.9497547e+00   2.2075588e+00   3.8402527e+00   3.9394729e+00   3.5974983e+00   3.2296471e+00   2.0785004e+00
   2.0000000e+00   1.3237367e+00   3.7492472e+00   3.8061490e+00   3.0119859e+00   1.8228463e+00   3.0877642e+00   1.6766066e+00   3.5810966e+00   2.9798177e+00   1.2423964e+00
   1.0000000e+00   2.9745370e+00   2.0425069e+00   2.8236662e+00   1.4540020e+00   4.5756611e+00   2.6052829e+00   2.1712167e+00   2.4384476e+00   3.9270375e+00   2.9537715e+00
   2.0000000e+00   3.1958249e+00   3.7600800e+00   1.8854661e+00   3.3856624e+00   2.6183131e+00   4.3067631e+00   5.5009434e+00   3.9177513e+00   2.6678821e+00   2.0842523e+00
   2.0000000e+00   1.1484161e+00   1.9596572e+00   2.9238908e+00   2.5163300e+00   1.1234570e+00   3.4852448e+00   3.1031762e+00   2.3580757e+00   1.9610264e+00   3.2034288e+00
   2.0000000e+00   3.1214404e+00   3.8496874e+00   3.2250308e+00   3.1419293e+00   1.9459129e+00   3.4758944e+00   3.3874081e+00   2.6365951e+00   2.8020651e+00   1.6465650e+00
   1.0000000e+00   2.3864315e+00   1.2099140e+00   2.7263856e+00   2.9296415e+00   4.4118667e+00   3.8732016e-01   2.5171889e+00   1.8858455e+00   3.3331874e+00   2.8671996e+00
   2.0000000e+00   1.6198700e+00   2.5852005e+00   2.5628268e+00   2.0970942e+00   2.0056324e+00   2.3705111e+00   1.6796357e+00   3.9863356e+00   2.7082605e-01   4.0162211e+00
   1.0000000e+00   2.8144019e+00   3.0346123e+00   3.0169322e+00   3.0885397e+00   4.9826264e+00   3.1690173e+00   3.5004755e+00   2.7485065e+00   3.7801824e+00   3.5266782e+00
   2.0000000e+00   3.1919881e+00   4.0764486e+00   4.9295733e+00   4.6002629e+00   2.2908707e+00   3.9850438e+00   2.8643383e+00   4.2478150e+00   2.3488128e+00   3.0105776e+00
   2.0000000e+00   4.0254762e+00   1.7112975e+00   3.5349663e+00   3.4327929e+00   2.1024478e+00   1.7922281e+00   3.4397908e+00   2.3003494e+00   2.4587830e+00   1.5930821e+00
   1.0000000e+00   3.0333792e+00   3.3691738e+00   3.3013516e+00   2.7066722e+00   3.3436725e+00   2.7647326e+00   2.3044184e+00   4.2699949e+00   3.0633554e+00   2.5630139e+00
   2.0000000e+00   5.5629215e+00   3.1329411e+00   3.5650018e+00   3.5620607e+00   2.3207729e+00   3.8970794e+00   3.8328705e+00   2.5701497e+00   2.8539074e+00   1.6952930e+00
   2.0000000e+00   3.7150158e+00   4.2938839e+00   4.7166102e+00   2.8595130e+00   2.2919375e+00   3.5881514e+00   2.4215152e+00   1.4779277e+00   2.1609044e+00   3.4377947e+00
   2.0000000e+00   3.3004567e+00   1.6488709e+00   2.8890606e+00   3.2458869e+00   3.9890930e+00   2.2250372e+00   1.8904039e+00   3.0446126e+00   2.6635316e+00   3.0042115e+00
   2.0000000e+00   4.7213717e+00   2.8070909e+00   3.8101472e+00   2.5884352e+00   3.5346525e+00   3.3004695e+00   4.3005283e+00   3.9879832e+00   4.3401319e+00   2.1776866e+00
   2.0000000e+00   1.7488312e+00   2.4158656e+00   3.0135181e+00   5.1410944e+00   1.9526666e+00   3.6755662e+00   3.0060576e+00   3.8005031e+00   3.5784211e+00   2.6537679e+00
   2.0000000e+00   1.7970034e+00   2.1875180e+00   6.1199372e+00   3.9867366e+00   3.3746205e+00   1.2771320e+00   4.8423697e+00   1.9165659e+00   2.8576912e+00   3.5826453e+00
   2.0000000e+00   4.2881857e+00   2.8732770e+00   2.9677876e+00   3.3815622e+00   3.6999898e+00   3.8328823e+00   3.7030485e+00   4.7691464e+00   3.3695193e+00   2.8797305e+00
   2.0000000e+00   5.2606986e+00   2.6245113e+00   3.5767081e+00   2.2094381e+00   2.3218249e+00   4.4659709e+00   2.8269017e+00   3.9869599e+00   3.7265711e+00   3.5777621e+00
   2.0000000e+00   3.5809034e+00   3.0862833e+00   2.3325920e+00   1.9590833e+00   3.9165821e+00   3.2855246e+00   1.7592065e+00   1.6389537e+00   2.7982064e+00   3.4383959e+00
   2.0000000e+00   3.3075755e+00   3.0755509e+00   2.8205151e+00   3.5255947e+00   3.9380183e+00   3.8030844e+00   2.1616927e+00   3.0550200e+00   2.7966976e+00   3.0530085e+00
   2.0000000e+00   1.3706547e+00   2.6790765e+00   3.1856442e+00   4.6658639e-01   2.5677851e+00   4.0324427e+00   5.6002084e+00   3.3389741e+00   3.1915439e+00   2.8345694e+00
   2.0000000e+00   3.7231556e+00   2.7737061e+00   2.4335863e+00   1.2360976e+00   2.8907627e+00   4.2016209e+00   3.2455037e+00   1.8587581e+00   2.0064250e+00   1.8303679e+00
   2.0000000e+00   2.9433138e+00   3.3707346e+00   3.8335649e+00   2.1700194e+00   3.4156821e+00   3.3714608e+00   3.1611945e+00   3.3583761e+00   4.1881856e+00   3.2053073e+00
   2.0000000e+00   4.1956542e+00   4.9938437e+00   2.9376960e+00   2.7575149e+00   4.3369933e+00   1.9093040e+00   3.5415225e+00   3.6326212e+00   2.8497028e+00   2.8572741e+00
   2.0000000e+00   4.7800164e+00   2.5844920e+00   4.4201155e-01   1.1898082e+00   3.0829932e+00   3.6518405e+00   3.5944587e+00   2.6699400e+00   3.0175279e+00   8.4726334e-01
   2.0000000e+00   4.8963294e+00   4.3946450e+00   2.0981125e+00   2.6326296e+00   1.7366477e+00   2.2981494e+00   4.6397561e+00   3.0762546e+00   3.7480787e+00   2.3328973e+00
   2.0000000e+00   4.3013928e+00   2.5147436e+00   2.8775822e+00   2.3347689e+00   1.3644263e+00   3.2633494e+00   2.4092175e+00   3.4324321e+00   4.8058505e+00   2.3575460e+00
   2.0000000e+00   4.0566999e+00   3.8530989e+00   3.9727019e+00   4.1277320e+00   2.8520273e+00   4.6219900e+00   2.4544891e+00   1.8901526e+00   3.1526217e+00   2.7102052e+00
   2.0000000e+00   4.7175054e+00   3.8804226e+00   4.3798077e+00   2.8129958e+00   3.9903194e+00   1.9522253e+00   3.3745526e+00   3.9734082e+00   9.1708763e-01   3.0119220e+00
   1.0000000e+00   2.8620455e+00   1.8694692e+00   3.2876876e+00   3.3215715e+00   3.5917669e+00   2.9688023e+00   2.4565112e+00   4.0117882e+00   3.9272438e+00   3.8296902e+00
   2.0000000e+00   1.2397968e-01   2.1244238e+00   3.4529999e+00   3.3699037e+00   2.3831407e+00   4.2883960e+00   4.8167478e+00   3.4508735e+00   3.3751973e+00   2.7077443e+00
   2.0000000e+00   2.4085218e+00   2.2159046e+00   3.2239544e+00   4.4931902e+00   4.0350757e+00   2.4676398e+00   1.8600113e+00   2.1310220e+00   4.8267358e+00   5.6775435e+00
   2.0000000e+00   5.7047972e+00   2.4137661e+00   1.3507967e+00   4.6057004e+00   4.2083628e+00   3.9730330e+00   4.1478672e+00   3.8573101e+00   2.7872970e+00   2.5916894e+00
   2.0000000e+00   1.8867891e+00   2.7789600e+00   3.9094369e+00   2.6832909e+00   4.4197939e+00   2.4654005e+00   1.2970575e+00   9.3034125e-01   3.4274162e+00   2.3086487e+00
   1.0000000e+00   3.2724620e+00   7.0399034e-01   3.9920235e+00   3.4246197e+00   2.8044948e+00   1.1413948e+00   3.0412850e+00   2.7955785e+00   3.2952937e+00   3.7592624e+00
   2.0000000e+00   4.5628443e+00   3.8003575e+00   3.5488950e+00   2.2291336e+00   1.2456503e+00   4.3791528e+00   2.9709220e+00   3.6243888e+00   2.5241332e+00   2.0789312e+00
   2.0000000e+00   2.5608250e+00   2.7658137e+00   3.0904604e+00   3.1804184e+00   2.4663265e+00   3.3411817e+00   4.2015669e+00   1.7929428e+00   4.1287523e+00   1.3940458e+00
   2.0000000e+00   1.1539275e+00   1.3592066e+00   4.1132930e+00   3.6057419e+00   2.5938699e+00   3.0981463e+00   2.5632742e+00   4.8133558e+00   3.3200719e+00   2.2403660e+00
   2.0000000e+00   3.1133988e+00   3.8665506e+00   2.4610570e+00   2.6487695e+00   4.2258525e+00   1.0753450e+00   4.5456467e+00   3.9949052e+00   4.8624904e+00   4.9910657e+00
   2.0000000e+00   4.0076478e+00   2.4296434e+00   2.3070053e+00   4.2025777e+00   1.7995089e+00   3.5008243e+00   1.5292598e+00   3.5790056e+00   1.3332984e+00   2.9466729e+00
   1.0000000e+00   3.6190761e+00   1.5118790e+00   3.0544123e+00   3.8220289e+00   3.8915373e+00   3.2517367e+00   2.4076765e+00   4.2003154e+00   3.6703611e+00   3.6163387e+00
   2.0000000e+00   1.7292552e+00   4.4033668e+00   2.7668058e+00   3.7538047e+00   2.7592486e+00   4.6512857e+00   1.7953528e+00   5.1515163e+00   2.8317108e+00   4.3951177e+00
   2.0000000e+00   2.3883242e+00   4.4780520e+00   2.3615927e+00   2.5399980e+00   1.6741368e+00   3.4228884e+00   2.9731973e+00   4.3845553e+00   3.9774683e+00   3.4283153e+00
   1.0000000e+00   3.6173885e+00   3.1161864e+00   3.6794999e+00   2.3977131e+00   3.6805331e+00   3.6606593e+00   3.6891638e+00   2.0349650e+00   3.1575676e+00   3.4380665e+00
   2.0000000e+00   1.5618209e+00   1.6003858e+00   2.8900539e+00   3.4874507e+00   4.5106067e+00   1.0799061e+00   1.7742145e+00   4.7295061e+00   2.3211253e+00   2.8494829e+00
   2.0000000e+00   4.9525918e+00   3.0142198e+00   3.6673671e+00   1.8385559e+00   4.1955614e+00   3.1578415e+00   4.9823563e+00   2.9888575e+00   1.1297303e+00   3.2211868e+00
   1.0000000e+00   3.7973708e+00   2.9394838e+00   3.3488980e+00   2.3982244e+00   4.1355135e+00   4.2865347e+00   3.7221394e+00   2.3918178e+00   3.1537959e+00   2.2543229e+00
   1.0000000e+00   3.3411573e+00   1.4977984e+00   2.9606998e+00   3.4124981e+00   2.1113120e+00   2.6112785e+00   3.4260618e+00   2.6237413e+00   3.4374758e+00   3.8788205e+00
   2.0000000e+00   3.2581627e+00   4.1711692e+00   1.7046189e+00   2.9109227e+00   3.3930515e+00   1.8956463e+00   1.9352639e+00   3.5079476e+00   2.6170438e+00   2.8249537e+00
   2.0000000e+00   2.7607301e+00   2.6040978e+00   4.5661645e+00   3.3574935e+00   1.5112061e+00   2.3056190e+00   2.9791110e+00   1.6257084e+00   4.0527230e+00   4.1485097e+00
   1.0000000e+00   3.0245125e+00   3.7382859e+00   2.9926420e+00   2.1329043e+00   2.6209237e+00   2.1733640e+00   2.6641310e+00   3.1376112e+00   3.2633277e+00   3.5119605e+00
   2.0000000e+00   1.2452806e+00   3.2020228e+00   2.9986691e+00   2.2225508e+00   3.6820419e+00   2.7087148e+00   2.0015615e+00   4.0103930e+00   4.0930168e+00   2.6378966e+00
   2.0000000e+00   4.4166743e+00   3.8393838e+00   3.4285520e+00   4.2508394e+00   2.1865810e+00   6.2465936e+00   4.8704814e+00   3.2070047e+00   5.0580426e+00   2.6178006e+00
   2.0000000e+00   3.7307420e+00   2.5524975e+00   2.5331767e+00   3.5872468e+00   2.9887071e+00   5.1892452e+00   1.9061677e+00   2.8969008e+00   2.2008792e+00   4.3358550e+00
   2.0000000e+00   2.4746481e+00   1.8546155e+00   2.4633652e+00   2.7066467e+00   2.1748686e+00   2.0639569e+00   1.7936483e+00   2.8048229e+00   2.5028908e+00   3.4651599e+00
   2.0000000e+00   6.7482027e-01   3.7552665e+00   2.7764041e+00   2.7567522e+00   3.1472962e+00   2.7943271e+00   1.5453173e+00   2.8642594e+00   2.6550501e+00   1.1437426e+00
   2.0000000e+00   2.5687091e+00   1.3070134e+00   1.4204643e+00   4.1551590e+00   2.8164871e+00   1.6558934e+00   3.4774382e+00   3.7852931e+00   2.2250629e+00   9.4866782e-01
   1.0000000e+00   3.0529842e+00   1.9340640e+00   3.0773725e+00   3.4470718e+00   2.8707274e+00   3.8369766e+00   3.3955172e+00   4.8162116e+00   3.8281974e+00   4.1173452e+00
   2.0000000e+00   3.6648900e+00   2.8452660e+00   3.7932083e+00   4.0514927e+00   2.8227077e+00   1.9460417e+00   3.0127566e+00   3.0521837e+00   2.3540397e+00   3.0573096e+00
   1.0000000e+00   2.4500733e+00   2.2475355e+00   3.1649748e+00   4.4122582e+00   2.6279685e+00   4.4494107e+00   3.5882443e+00   1.9636818e+00   3.4145832e+00   4.3198859e+00
   2.0000000e+00   3.4703436e+00   2.8295880e+00   2.0750837e+00   3.1652298e+00   1.8798327e+00   3.8801242e+00   3.2922518e+00   3.0368269e+00   2.6460262e+00   3.6922505e+00
   2.0000000e+00   3.2651151e+00   3.7737528e+00   3.9519436e+00   1.7132713e+00   4.1371761e+00   4.4172116e+00   3.7281959e+00   3.3862366e+00   2.3644787e+00   2.1151912e+00
   2.0000000e+00   3.7290710e+00   1.5419784e+00   1.7472450e+00   3.7331911e+00   2.6438208e+00   2.6936742e+00   3.9163847e+00   3.9463286e+00   2.5995475e+00   1.8700208e+00
   1.0000000e+00   3.3416404e+00   2.7458221e+00   4.4726472e+00   2.5882046e+00   2.7007811e+00   3.7774664e+00   1.7039135e+00   3.3634603e+00   3.1391891e+00   1.8028560e+00
   1.0000000e+00   2.5833094e+00   3.1484742e+00   3.2795256e+00   1.3577178e+00   3.1852877e+00   2.8938026e+00   5.2000387e+00   4.4557786e+00   3.5734465e+00   1.8813516e+00
   1.0000000e+00   2.8824261e+00   3.9867068e+00   1.7503879e+00   1.9921436e+00   4.1429795e+00   1.3221766e+00   2.3985529e+00   4.2395752e+00   3.5224316e+00   1.7586921e+00
   2.0000000e+00   1.5861897e+00   2.3957703e+00   2.4100713e+00   3.3166600e+00   3.7181311e+00   2.8344653e+00   3.9619261e+00   3.1357226e+00   3.2235271e+00   1.3145712e+00
   2.0000000e+00   4.2534569e+00   3.2871995e+00   3.5197384e+00   1.4973292e+00   3.7422970e+00   2.7905983e+00   3.7303590e+00   2.3598266e+00   2.9259571e+00   2.4964489e+00
   2.0000000e+00   1.5948747e+00   3.6149602e+00   3.9207903e+00   3.5329771e+00   2.3309671e+00   2.8434047e+00   8.2784751e-01   1.2090620e+00   3.0664780e+00   2.8975010e+00
   2.0000000e+00   2.1743544e+00   4.0918408e+00   2.4442828e+00   3.7478043e+00   3.0945752e+00   3.2751360e+00   2.6490401e+00   1.2181185e+00   2.5021543e+00   4.0363207e+00
   2.0000000e+00   2.0170440e+00   3.9792027e+00   2.9033577e+00   2.4664950e+00   4.0398237e+00   3.2499495e+00   2.6504102e+00   1.7725965e+00   2.7696974e+00   1.9492863e+00
   2.0000000e+00   1.3669098e+00   2.9712272e+00   1.2985532e+00   3.0089010e+00   3.4457909e+00   2.5011975e+00   1.9375921e+00   4.0428304e+00   3.1930998e+00   2.5071834e+00
   1.0000000e+00   2.4601475e+00   4.2800642e+00   2.5768397e+00   1.9352377e+00   3.6383046e+00   2.7582978e+00   3.3041270e+00   2.9928829e+00   3.4317446e+00   2.6231977e+00
   2.0000000e+00   2.0445092e+00   4.2549645e+00   3.6306579e+00   3.1101116e+00   2.7147231e+00   3.5890171e+00   1.2706695e+00   1.8969826e+00   2.4660516e+00   3.4184331e+00
   2.0000000e+00   4.1712109e+00   2.1592441e+00   2.6624308e+00   3.6457624e+00   2.2744345e+00   3.8056734e+00   2.4011040e+00   4.0407978e+00   1.5251616e+00   2.6156011e+00
   2.0000000e+00   3.1159926e+00   3.3025873e+00   3.6095295e+00   1.6281855e+00   1.4460787e+00   4.3934458e+00   1.6898896e+00   3.3870248e+00   4.0705548e+00   3.9975381e+00
   2.0000000e+00   2.0410308e+00   3.7931010e+00   2.3404933e+00   3.6179923e+00   4.2730889e+00   9.5673204e-01   5.3657003e+00   1.4311411e+00   4.1320630e+00   3.1107222e+00
   2.0000000e+00   3.8509429e+00   2.9504701e+00   2.7452037e+00   4.6426942e+00   4.6334517e+00   2.0622370e+00   1.7325631e+00   4.6356646e+00   3.7716963e+00   3.4086737e+00
   2.0000000e+00   1.8545404e+00   4.3871156e+00   3.4603136e+00   4.8093275e+00   2.8101155e+00   2.9614830e+00   4.2341403e+00   1.6825285e+00   2.7457796e+00   2.9064523e+00
   2.0000000e+00   3.2831226e+00   3.2795034e+00   4.6194206e+00   3.2610277e+00   2.4303185e+00   4.0522657e+00   4.1055050e+00   2.2293931e+00   2.5514966e+00   3.0230213e+00
   2.0000000e+00   3.3056682e+00   1.5823370e+00   4.1589253e+00   3.6631143e+00   3.1706466e+00   2.2106162e+00   4.6710412e+00   1.4359405e+00   4.1681264e+00   3.0324544e+00
   2.0000000e+00   8.2016068e-01   3.7420288e+00   4.2160151e+00   2.2370081e+00   2.9273928e+00   2.3202442e+00   4.7079862e+00   3.6370524e+00   1.5765467e+00   4.1442596e+00
