   1.0000000e+00   2.2745593e+00   3.3857653e+00   3.3300865e+00   3.7960470e+00   3.0845187e+00   2.6057877e+00   4.0454488e+00   2.6907438e+00   4.0581096e+00   2.7753705e+00
   1.0000000e+00   2.2756893e+00   1.5808275e+00   1.6682183e+00   3.2871787e+00   3.5467207e+00   2.0557589e+00   4.2621005e+00   2.4503392e+00   4.1458114e+00   2.2892020e+00
   2.0000000e+00   2.8361759e+00   2.7284349e+00   2.2790043e+00   7.5633742e-01   2.5403119e+00   3.4838980e+00   1.5326785e+00   3.9706293e+00   1.2850385e+00   3.7588869e+00
   1.0000000e+00   1.9260086e+00   2.2406821e+00   2.5504413e+00   4.4537572e+00   3.1836736e+00   3.0936879e+00   3.7471734e+00   2.9833884e+00   1.7359082e+00   3.9701442e+00
   1.0000000e+00   2.7898307e+00   4.2166937e+00   2.6719669e+00   3.5522073e+00   3.0843046e+00   3.6211350e+00   1.9040149e+00   2.1776419e+00   4.0204095e+00   2.4745094e+00
   2.0000000e+00   2.5509419e+00   2.5007233e+00   2.7705461e+00   2.4452252e+00   8.0758130e-01   3.0129558e+00   3.0105329e+00   3.8021739e+00   3.7481886e+00   3.0132784e+00
   2.0000000e+00   3.0625448e+00   2.8198023e+00   2.7893978e+00   2.4691031e+00   1.7650255e+00   4.3757914e+00   1.3716053e+00   2.7114847e+00   3.2169109e+00   3.9815720e+00
   2.0000000e+00   4.5742819e+00   3.2733578e+00   2.7420169e+00   2.3727703e+00   2.6041016e+00   3.4139451e+00   3.2996115e+00   3.9453570e+00   4.8741552e+00   2.8858496e+00
   2.0000000e+00   7.8421403e-01   2.7183498e+00   4.4941009e+00   3.4302601e+00   2.5102515e+00   1.8890246e+00   1.7539391e+00   2.3748419e+00   4.1112973e+00   2.5599163e+00
   1.0000000e+00   2.5306892e+00   2.8904881e+00   4.7138585e+00   1.7281991e+00   3.7652427e+00   3.1135932e+00   2.1704875e+00   2.7044695e+00   1.1497208e+00   3.0767602e+00
   2.0000000e+00   2.6334662e+00   2.7371569e+00   2.8232471e+00   4.0133930e+00   2.3180513e+00   3.0605133e+00   4.1911969e+00   2.6358023e+00   8.3492232e-01   2.5775808e+00
   2.0000000e+00   2.2712053e+00   3.8394685e+00   1.7793474e+00   3.0503507e+00   2.9476542e+00   3.5337471e+00   1.2227702e+00   4.2122374e+00   2.6103114e+00   1.6745524e+00
   2.0000000e+00   2.9857087e+00   2.0856455e+00   2.3586085e+00   4.3890228e+00   4.0046435e+00   1.8416114e+00   4.1911560e+00   2.5550545e+00   3.6279455e+00   3.7821550e+00
   1.0000000e+00   2.8534870e+00   3.6756919e+00   3.7473979e+00   3.5778085e+00   3.8070804e+00   3.2583776e+00   3.4702652e+00   1.4022392e+00   2.3883071e+00   2.8463972e+00
   1.0000000e+00   4.0609719e+00   2.7482857e+00   2.8007572e+00   2.8349467e+00   3.4345502e+00   3.0037770e+00   2.7838416e+00   2.2730688e+00   3.2194949e+00   3.6165450e+00
   2.0000000e+00   2.1202267e+00   4.7548695e+00   2.8319802e+00   1.2615661e+00   2.3983634e+00   3.9534649e+00   4.5264739e+00   1.7466479e+00   2.4658214e+00   2.9731962e+00
   2.0000000e+00   2.1064546e+00   3.2171794e+00   2.8766806e+00   3.6819171e+00   2.8348120e+00   4.0350222e+00   2.6019200e+00   1.5951059e+00   3.0978831e+00   2.5254113e+00
   2.0000000e+00   3.5923676e+00   2.5301929e+00   3.9027433e+00   4.8839524e+00   2.5811822e+00   2.1976199e+00   4.4938194e+00   1.3884602e+00   3.5089005e+00   3.0082388e+00
   2.0000000e+00   4.0851315e+00   1.6606497e+00   3.0912440e+00   3.2567438e+00   2.2287102e+00   3.6788688e+00   1.8530815e+00   4.1151651e+00   2.7234777e+00   2.8549146e+00
   2.0000000e+00   1.7085656e+00   3.5462172e+00   2.7477839e+00   5.1672144e+00   2.9975497e+00   3.9609300e+00   2.7126706e+00   2.0628298e+00   4.1736209e+00   3.6041744e+00
   2.0000000e+00   1.7716224e+00   2.2269239e+00   2.7225098e+00   6.6029363e-01   3.5520208e+00   1.9158704e+00   3.3890559e+00   4.6344382e+00   4.6422496e+00   1.7995186e+00
   2.0000000e+00   2.7793614e+00   3.1812055e+00   2.9287862e+00   2.2664028e+00   2.3167791e+00   3.8750127e+00   3.6474773e+00   2.9980618e+00   2.7017782e+00   3.2528980e+00
   2.0000000e+00   4.2142014e+00   1.7724106e+00   3.7444055e+00   2.3429100e+00   2.4011361e+00   4.4934528e+00   2.8172407e+00   4.1061232e+00   3.0509386e+00   3.3932445e+00
   1.0000000e+00   2.6827272e+00   3.2645815e+00   1.2519625e+00   3.4996793e+00   3.2409229e+00   2.2776054e+00   4.0775628e+00   2.5687787e+00   3.1543915e+00   3.3858355e+00
   2.0000000e+00   4.5364425e+00   3.5489607e+00   1.7358130e+00   3.7157925e+00   1.4818255e+00   3.0803720e+00   2.7027206e+00   4.7347053e+00   2.1857212e+00   2.6430721e+00
   2.0000000e+00   1.6833069e+00   1.7384139e+00   2.4811234e+00   3.1445152e+00   1.4656698e+00   4.7628617e+00   1.5677387e+00   1.7738610e+00   2.9608911e+00   4.4587371e+00
   2.0000000e+00   1.6122629e+00   2.9998294e+00   3.2599637e+00   4.1415860e+00   2.7662503e+00   3.6422325e+00   2.9209439e+00   3.7399206e+00   3.0041453e+00   3.6470367e+00
   1.0000000e+00   4.6919218e+00   1.2219262e+00   2.7754675e+00   2.2987161e+00   3.3606696e+00   3.8614054e+00   3.5553226e+00   2.5927560e+00   3.2614888e+00   2.6939991e+00
   2.0000000e+00   3.0369179e+00   3.5437579e+00   1.7525042e+00   2.9716464e+00   4.0031151e+00   2.2670176e+00   5.2923232e+00   3.7746585e+00   1.8408964e+00   2.2357979e+00
   2.0000000e+00   2.2317176e+00   3.2108310e+00   4.3346766e+00   1.6850545e+00   1.5007401e+00   2.4074090e+00   3.3378251e+00   2.4558654e+00   2.8755607e+00   3.8755260e+00
   2.0000000e+00   2.5028330e+00   4.0388159e+00   2.5923704e+00   3.7213364e+00   2.2828267e+00   4.2780896e+00   5.5398495e+00   2.7601847e+00   3.1104865e+00   3.1500043e+00
   2.0000000e+00   2.4623323e+00   2.4927903e+00   4.0918502e+00   2.4528814e+00   2.9070682e+00   3.5464226e+00   3.2260543e+00   4.3839024e+00   3.1323339e+00   2.1671146e+00
   2.0000000e+00   4.2736339e+00   1.0280173e+00   3.3704429e+00   6.6120411e-01   2.7020214e+00   4.9431313e+00   2.9075430e+00   2.1491667e+00   1.9667409e+00   5.2054082e+00
   2.0000000e+00   3.1854729e+00   3.2866761e+00   3.7055626e+00   3.2834507e+00   3.4272305e+00   3.3438200e+00   1.9868757e+00   1.7684202e+00   3.9544668e+00   4.7562048e+00
   2.0000000e+00   2.7386520e+00   2.3467119e+00   3.2540113e+00   2.5169971e+00   2.3527708e+00   3.0658176e+00   1.8455170e+00   2.0389342e+00   2.9603931e+00   4.1408653e+00
   2.0000000e+00   4.5824578e+00   3.1364241e+00   2.1946574e+00   4.4089455e+00   4.8606728e+00   4.3410689e+00   3.1319476e+00   1.9516012e+00   3.9588331e+00   4.3116691e+00
   2.0000000e+00   4.2439700e+00   3.0452357e+00   1.7038052e+00   3.6904553e+00   3.5113711e+00   1.1426391e+00   2.6160724e+00   3.0067879e+00   2.7152775e+00   9.5593419e-01
   2.0000000e+00   3.4657268e+00   2.8836073e+00   2.8234607e+00   3.4333721e+00   4.3398047e+00   2.2731073e+00   4.0257851e+00   2.2765749e+00   2.1885235e+00   4.3377756e+00
   2.0000000e+00   2.5236245e+00   3.0273626e+00   4.9031854e+00   3.3589435e+00   3.4667448e+00   2.0361683e+00   4.3760839e+00   2.4824170e+00   3.0897878e+00   4.4882453e+00
   2.0000000e+00   2.7138690e+00   3.5019346e+00   3.1814548e+00   2.6605459e+00   3.0277807e+00   4.1350971e+00   2.9367466e+00   2.5922898e+00   1.9363553e+00   4.5506316e+00
   2.0000000e+00   2.5061553e+00   1.8973962e+00   3.4463039e+00   2.5007679e+00   3.8734137e+00   3.2457437e+00   2.5736738e+00   1.8654272e+00   1.5863902e+00   5.5896853e+00
   2.0000000e+00   2.6238640e+00   2.7023409e+00   2.9716612e+00   1.3149824e+00   1.9611949e+00   4.5268289e+00   1.7288260e+00   4.0466816e+00   5.6917133e+00   4.3688564e+00
   2.0000000e+00   2.2837707e+00   3.2641594e+00   2.3388067e+00   4.2356218e+00   3.3718347e+00   2.5159398e+00   2.9330905e+00   4.1960530e+00   2.3262627e+00   1.8286275e+00
   2.0000000e+00   3.3466119e+00   3.0295483e+00   2.6146630e+00   2.2754273e+00   2.6672160e+00   2.5884939e+00   1.6023243e+00   7.8853063e-01   2.3314783e+00   2.5092633e+00
   2.0000000e+00   3.4188954e+00   2.1471565e+00   4.2236581e+00   1.8144937e+00   3.6916009e+00   2.7914499e+00   3.6648018e+00   3.5962726e+00   3.6132452e+00   5.3745936e+00
   2.0000000e+00   3.9516041e+00   3.5679309e+00   2.8127029e+00   2.9853210e+00   3.5040227e+00   2.9108489e+00   3.2337116e+00   2.5555126e+00   3.8764797e+00   5.1652551e-01
   2.0000000e+00   2.8588235e+00   3.3244759e+00   3.8779847e+00   5.4665861e+00   4.8176859e+00   4.9658547e+00   1.6805204e+00   1.5455134e+00   1.4513860e+00   1.7891437e+00
   1.0000000e+00   3.2926877e+00   2.8069626e+00   3.1128468e+00   2.2017003e+00   3.4857439e+00   4.9022737e+00   1.3734676e+00   2.4922263e+00   2.8460479e+00   2.1855017e+00
   2.0000000e+00   3.1569073e+00   2.8672372e+00   2.8047056e+00   3.4954759e+00   2.3144910e+00   2.1304279e+00   3.4670319e+00   3.6340431e+00   1.1002305e+00   3.7847784e+00
   2.0000000e+00   3.7867144e+00   3.7987297e+00   2.7445874e+00   2.7980921e+00   2.2662111e+00   3.9230980e+00   1.8065093e+00   1.5858880e+00   4.4149320e+00   2.4640958e+00
   2.0000000e+00   2.3433856e+00   2.3534881e+00   4.7284483e+00   3.5449761e+00   6.1220068e-01   2.8400897e+00   2.5517317e+00   3.8647860e+00   3.2385088e+00   3.7233967e+00
   2.0000000e+00   3.8503261e+00   2.5066587e+00   3.5409476e+00   4.5336373e+00   2.6271482e+00   4.4801961e+00   2.4614718e+00   2.8315356e+00   2.9462523e+00   2.8731494e+00
   2.0000000e+00   2.9677395e+00   1.6343782e+00   2.8629601e+00   4.4387677e+00   3.1261342e+00   3.1983294e+00   3.5808852e+00   3.7977281e+00   1.8866810e+00   4.5553863e+00
   2.0000000e+00   3.8861195e+00   2.6048178e+00   4.8994924e+00   1.7687738e+00   2.4034848e+00   2.0512540e+00   2.8638078e+00   3.9198393e+00   2.2516236e+00   4.2752319e+00
   2.0000000e+00   2.5035791e+00   2.3290667e+00   2.4535406e+00   2.6490724e+00   2.8582649e+00   4.4462947e+00   3.3770901e+00   1.7853067e+00   3.0932060e+00   1.5545816e+00
   2.0000000e+00   2.4516707e+00   3.4342496e+00   1.6522580e+00   3.3010626e+00   1.5298460e+00   1.3859301e+00   2.7283571e+00   2.2176890e+00   4.7534701e+00   4.8804181e+00
   2.0000000e+00   3.3948059e+00   2.1185324e+00   3.2625176e+00   3.8811310e+00   4.2653121e+00   2.1684227e+00   3.6463995e+00   2.8653303e+00   2.9964968e+00   4.2188094e+00
   2.0000000e+00   2.9563386e+00   1.6553628e+00   1.5353685e+00   2.5007090e+00   3.2796334e+00   4.2570137e+00   2.8454964e+00   3.8056614e+00   2.4218172e+00   3.9921943e+00
   1.0000000e+00   1.9678620e+00   3.6002665e+00   3.3442817e+00   1.7930972e+00   3.3791679e+00   2.9645184e+00   2.5075228e+00   3.6107996e+00   2.7145955e+00   3.2477138e+00
   2.0000000e+00   2.2457204e+00   3.6020501e+00   2.3713787e+00   4.5555269e+00   4.4102601e-01   2.0314756e+00   2.6353139e+00   1.9468251e+00   3.9061616e+00   3.0992259e+00
   2.0000000e+00   3.2878104e+00   4.3244520e+00   2.4966213e+00   3.1587368e+00   4.1086657e+00   3.6247439e+00   3.8673083e+00   3.6193993e+00  -2.1317883e-01   1.8527638e+00
   2.0000000e+00   2.8150449e+00   4.4731241e+00   2.7927911e+00   3.2922647e+00   2.9161917e+00   3.3412636e+00   2.5816353e+00   2.1248349e+00   2.8147880e+00   4.3157235e+00
   2.0000000e+00   3.3733446e+00   3.4984586e+00   1.1558771e+00   2.1726021e+00   5.0535730e+00   2.7683307e+00   2.3649689e+00   2.7086543e+00   1.9858643e+00   3.4465829e+00
   2.0000000e+00   3.2822860e+00   2.7254070e+00   3.4352105e+00   3.3007610e+00   3.9392518e+00   3.1656499e+00   2.3380605e+00   2.4764277e+00   3.4263259e+00   2.5307737e+00
   2.0000000e+00   2.5943383e+00   2.7575680e+00   4.1118284e+00   3.0743328e+00   3.3411045e+00   1.5427779e+00   4.7124993e+00   3.9038424e+00   4.1193717e+00   4.1143068e+00
   1.0000000e+00   3.4256101e+00   2.9644502e+00   2.3777035e+00   3.1053220e+00   3.3291700e+00   7.2566161e-01   1.3398402e+00   2.1343438e+00   3.2592362e+00   3.1620080e+00
   2.0000000e+00   3.2699521e+00   2.0564329e+00   3.1246796e+00   3.6556397e+00   1.6224662e+00   5.2287720e-01   2.8404091e+00   5.8625578e+00   3.7850452e+00   3.6346613e+00
   2.0000000e+00   2.5305876e+00   2.5837211e+00   3.7518948e+00   4.7867038e+00   3.7894153e+00   2.1045707e+00   4.8738420e+00   4.7089466e+00   3.2989147e+00   1.4544931e+00
   2.0000000e+00   1.7260428e+00   2.7858650e+00   2.3198418e+00   2.4647522e+00   2.6023414e+00   3.2880050e+00   3.2983552e+00   4.4886716e+00   3.2575332e+00   3.8628243e+00
   2.0000000e+00   1.4693838e+00   1.9148459e+00   4.6009544e+00   3.3608541e+00   4.2699696e+00   2.3445671e+00   2.7759398e+00   2.9213927e+00   2.2369389e+00   2.9468631e+00
   2.0000000e+00   3.1903699e+00   2.0005620e+00   3.9245514e+00   2.4054178e+00   2.5001680e+00   3.9448305e+00   2.3315698e+00   1.8664924e+00   2.1033179e+00   1.1096081e+00
   2.0000000e+00   3.7744596e+00   3.9238088e+00   3.6332356e+00   4.3273997e+00   2.8545310e+00   3.6279432e+00   1.8846703e+00   2.3264448e+00   2.1272178e+00   5.3395170e+00
   1.0000000e+00   2.8229149e+00   2.0662128e+00   1.7280715e+00   1.7831470e+00   3.0543176e+00   2.4214232e+00   3.8916323e+00   2.2208571e+00   2.7602703e+00   3.1151951e+00
   2.0000000e+00   4.6422920e+00   2.8813089e+00   2.8225321e+00   1.7159277e+00   1.6960000e+00   4.5060289e+00   3.5016727e+00   3.6009381e+00   1.8762704e+00   2.9614381e+00
   2.0000000e+00   4.2655019e+00   3.8340940e+00   3.2402402e+00   3.8406484e+00   2.6931200e+00   4.3922007e+00   5.3639722e+00   3.7047459e+00   3.0086186e+00   1.6483222e+00
   1.0000000e+00   2.5038698e+00   2.1934577e+00   2.5951358e+00   2.7982657e+00   3.2944775e+00   1.3253650e+00   2.9417315e+00   2.8584423e+00   3.1935037e+00   2.9550363e+00
   2.0000000e+00   8.9072448e-01   1.8963488e+00   4.6911625e+00   3.3595001e+00   3.4067430e+00   2.4777964e+00   3.9433893e+00   2.0550447e+00   2.1841890e+00   4.2111349e+00
   2.0000000e+00   4.4085318e+00   4.3124770e+00   3.0529131e+00   1.2923353e+00   2.7690320e+00   1.9629964e+00   3.0230976e+00   1.1174899e+00   4.4104424e+00   4.2378093e+00
   2.0000000e+00   3.2355335e+00   4.8479720e+00   4.4125516e+00   2.1846789e+00   2.5075335e+00   3.5896882e+00   3.3940851e+00   2.4520545e+00   1.6510881e+00   3.2927198e+00
   2.0000000e+00   1.4533773e+00   1.0599354e+00   1.6677411e+00   4.6770483e+00   2.4688683e+00   3.4915589e+00   3.5037313e+00   5.6703286e+00   2.5784209e+00   4.1155096e+00
   2.0000000e+00   2.5220314e+00   1.5164789e+00   1.8170948e+00   3.3416868e+00   2.5119860e+00   2.6856953e+00   1.9061390e+00   3.3532229e+00   3.4308107e+00   1.3020806e+00
   2.0000000e+00   3.5422153e+00   2.2621594e+00   3.1982457e+00   3.8374866e+00   2.1058931e+00   5.2661547e+00   3.4871076e+00   4.1527401e+00   2.7837070e+00   3.2952822e+00
   2.0000000e+00   2.6637420e+00   2.2235892e+00   4.0124727e+00   3.1665849e+00   4.1615032e+00   2.2800382e+00   4.4148290e+00   1.4382127e+00   4.0513430e+00   4.4049882e+00
   2.0000000e+00   3.0664030e+00   3.5785607e+00   2.6480060e-01   2.6131755e+00   2.2100146e+00   2.1670046e+00   4.2995014e+00   1.6086412e+00   4.2741553e+00   1.5580028e+00
   2.0000000e+00   3.4839385e+00   1.4979524e+00   2.3673729e+00   3.0102762e+00   2.9199652e+00   2.8106957e+00   2.2489951e+00   3.8583025e+00   1.2800488e+00   2.3334397e+00
   2.0000000e+00   3.1329667e+00   2.1396628e+00   2.7017971e+00   2.8790108e+00   1.5205684e+00   1.6529244e+00   3.2341728e+00   2.3940696e+00   3.5387277e+00   3.2018945e+00
   2.0000000e+00   4.8504692e+00   3.4798231e+00   3.3165327e+00   3.0920073e+00   2.6315386e+00   1.6437809e+00   5.4226439e+00   2.0668371e+00   1.5159943e+00   4.1054102e+00
   1.0000000e+00   2.3295077e+00   3.1251561e+00   3.8393741e+00   3.2108185e+00   3.3576604e+00   3.2819676e+00   3.8256456e+00   4.2695327e+00   3.3269680e+00   3.8191241e+00
   2.0000000e+00   2.7260363e+00   1.8532781e+00   2.7064865e+00   4.1366554e+00   1.1936056e+00   3.9022672e+00   3.6406570e+00   2.6274469e+00   3.0080586e+00   1.7411244e+00
   2.0000000e+00   1.2738044e+00   3.9398592e+00   3.8651492e+00   1.2009292e+00   1.2305588e+00   2.7914857e+00   2.7128369e+00   3.5975733e+00   2.0401401e+00   3.6265673e+00
   1.0000000e+00   3.3768545e+00   3.5235741e+00   3.0354210e+00   2.8895003e+00   3.0826026e+00   3.5019313e+00   1.2332550e+00   3.4070895e+00   2.9337551e+00   3.0261164e+00
   2.0000000e+00   2.8014461e+00   1.8898643e+00   3.4016237e+00   3.7426741e+00   2.8147505e+00   1.7569548e+00   3.8424028e+00   1.5527091e+00   3.4196742e+00   2.2377838e+00
   2.0000000e+00   3.1727876e+00   2.4464039e+00   3.8506085e+00   4.1610062e+00   2.4787161e+00   3.1657634e+00   2.3738859e+00   4.5681061e+00   2.4890014e+00   3.1815058e+00
   2.0000000e+00   3.1134125e+00   5.7192065e+00   3.4794980e+00   2.7889788e+00   3.8054106e+00   2.6591047e+00   2.4908988e+00   2.2300520e+00   2.5139468e+00   3.9226230e+00
   2.0000000e+00   1.3248111e+00   2.5915166e+00   2.5837041e+00   3.5991887e+00   2.3349343e+00   2.6246631e+00   4.7320446e+00   4.8900382e+00   1.9338215e+00   2.5192901e+00
   2.0000000e+00   2.6754068e+00   3.1682819e+00   2.6452702e+00   3.2987470e+00   1.4260161e+00   3.1158410e+00   4.4977637e+00   2.7337935e+00   3.3273130e+00   3.3223729e+00
   1.0000000e+00   2.8320328e+00   3.6772135e+00   3.7287029e+00   4.1493861e+00   3.6549522e+00   3.1835694e+00   3.7901757e+00   3.7028207e+00   2.5921117e+00   2.3050078e+00
   1.0000000e+00   1.8549696e+00   3.4984451e+00   2.7010635e+00   4.6197288e+00   3.3227291e+00   1.6348925e+00   2.1566536e+00   3.5961627e+00   3.2903299e+00   3.4612461e+00
   2.0000000e+00   1.9697365e+00   2.5159831e+00   4.4835032e+00   3.1114616e+00   2.7225191e+00   5.0795212e+00   2.9415364e+00   4.3230276e+00   2.1411679e+00   2.7440470e+00
   2.0000000e+00   3.1698590e+00   4.0633175e+00  -2.5208934e-01   2.3405057e+00   1.1792521e+00   3.0960396e+00   2.9239654e+00   1.8817473e+00   4.2051965e+00   3.9590265e+00
