   1.0000000e+00   3.2764492e+00   3.8864881e+00   4.8667564e+00   3.0957396e+00   2.7785578e+00   1.4697834e+00   3.0487871e+00   2.8770237e+00   2.5181803e+00   3.8703895e+00
   2.0000000e+00   3.6237082e+00   2.3778724e+00   2.7747294e+00   4.1390987e+00   1.1114747e+00   2.1960134e+00   2.9596594e+00   3.9275214e+00   1.4831657e+00   3.5042634e+00
   2.0000000e+00   1.2606079e+00   2.4756290e+00   3.9889953e+00   1.4524174e+00   2.5658260e+00   8.2613817e-01   1.9202991e+00   3.6934537e+00   4.0665167e+00   1.8150986e+00
   2.0000000e+00   2.8054295e+00   2.5761179e+00   4.2187063e+00   2.6821075e+00   3.4293542e+00   3.4949839e+00   3.3847873e+00   1.3097161e+00   3.0836661e+00   3.3736222e+00
   1.0000000e+00   2.7299972e+00   3.2607749e+00   2.4044112e+00   3.0951527e+00   2.9151537e+00   3.4327673e+00   2.1149686e+00   3.0263968e+00   3.0917836e+00   2.6296824e+00
   1.0000000e+00   2.9349162e+00   3.9592181e+00   2.0470330e+00   3.5027180e+00   3.2698916e+00   3.7031260e+00   1.9695283e+00   3.8067110e+00   2.7789504e+00   2.1623514e+00
   2.0000000e+00   4.0582501e+00   2.6298990e+00   3.4584389e+00   3.4221642e+00   1.6873272e+00   2.5511542e+00   1.2419375e+00   4.8162584e+00   3.2445064e+00   1.8470451e+00
   1.0000000e+00   3.6777408e+00   3.8939342e+00   3.7456246e+00   3.6030690e+00   3.2082288e+00   4.0640407e+00   1.3454200e+00   2.0407256e+00   2.8348008e+00   2.9918809e+00
   2.0000000e+00   2.1480410e+00   3.4933092e+00   2.7318054e+00   3.8338151e+00   2.1143995e+00   1.5206905e+00   2.4525283e+00   2.3206220e+00   1.2913351e+00   2.6218784e+00
   2.0000000e+00   3.0618891e+00   5.1578485e+00   3.0354566e+00   3.0310103e+00   2.3607817e+00   2.1149204e+00   3.4460893e+00   3.4206612e+00   2.4038370e+00   2.6087425e+00
   1.0000000e+00   2.3323347e+00   3.0176702e+00   3.2194951e+00   2.7135746e+00   3.2825418e+00   2.6394568e+00   3.7819637e+00   3.7025519e+00   2.3161648e+00   3.7950619e+00
   2.0000000e+00   2.8345352e+00   1.4499212e+00   2.1215962e+00   4.2347273e+00   3.1375236e+00   2.8957824e+00   2.5064690e+00   3.5759416e+00   2.9752657e+00   1.3027024e+00
   2.0000000e+00   3.8144880e+00   2.4944818e+00   2.9989966e+00   4.5151864e+00   2.2622874e+00   3.0323604e+00   3.9933795e+00   5.0773185e+00   3.2532574e+00   1.6406832e+00
   2.0000000e+00   3.4345093e+00   1.4990747e+00   2.6155828e+00   3.0470244e+00   3.6753345e+00   3.4143502e+00   2.7713199e+00   1.1198990e+00   3.9291612e+00   2.0354759e+00
   2.0000000e+00   1.9136607e+00   2.5717653e+00   7.7011754e-01   3.8253889e+00   3.1462613e+00   3.5801616e+00   4.3818120e+00   2.8409409e+00   2.6836702e+00   3.4986050e+00
   1.0000000e+00   8.3276171e-01   3.2855816e+00   2.7197430e+00   4.3471205e+00   2.1332153e+00   2.9091383e+00   2.8150495e+00   3.8765521e+00   3.5967063e+00   3.1320641e+00
   2.0000000e+00   3.7680931e+00   3.9952614e+00   2.8136697e+00   1.8450413e+00   3.7822934e+00   3.0047046e+00   4.0847938e+00   4.0376858e+00   3.5521345e+00   2.0499624e+00
   2.0000000e+00   2.9660906e+00   8.9199548e-01   3.8064344e+00   3.9542951e+00   1.2646402e+00   4.7604302e+00   3.6168795e+00   1.3773588e+00   4.4010814e+00   2.2754822e+00
   2.0000000e+00   5.1840590e+00   2.6119953e+00   3.2021860e+00   4.0799679e+00   3.0295882e+00   2.0584674e+00   3.8337174e+00   3.4297022e+00   1.9852722e+00   4.4148075e+00
   2.0000000e+00   9.7515054e-01   6.6924663e-01   3.4244254e+00   3.6692263e+00   2.7339566e+00   2.7554095e+00   3.1681092e+00   1.9585035e+00   1.6088597e+00   3.0045619e+00
   1.0000000e+00   3.1230885e+00   3.3569631e+00   2.6510746e+00   4.4906520e+00   3.6692122e+00   3.1987972e+00   2.9779610e+00   2.5548462e+00   2.1814021e+00   3.4945547e+00
   2.0000000e+00   1.6819480e+00   2.2758415e+00   3.4871884e+00   3.5053561e+00   5.1279378e+00   2.8977426e+00   2.5521966e+00   2.2866346e+00   1.8686563e+00   9.3195588e-01
   2.0000000e+00   2.6921307e+00   3.0730283e+00   2.9630983e+00   4.0666430e+00   4.2040855e+00   4.3714537e+00   2.9951462e+00   2.2259462e+00   4.7203301e+00   2.7318833e+00
   2.0000000e+00   3.8218288e+00   2.9346595e+00   3.8610314e+00   2.4837831e+00   2.6209995e+00   2.5117225e+00   6.0998138e+00   3.8129206e+00   3.3115926e+00   2.7854351e+00
   2.0000000e+00   3.7356875e+00   4.1609303e+00   1.9493267e+00   2.5599086e+00   1.9032545e+00   2.5077621e+00   7.9295223e-01   3.3384456e+00   3.6397760e+00   2.3159302e+00
   2.0000000e+00   4.5055381e+00   2.8457507e+00   3.1190768e+00   2.6350145e+00   2.0724104e+00   2.0566281e+00   2.1223379e+00   4.3836683e+00   2.4777264e+00   3.3526441e+00
   1.0000000e+00   2.8337837e+00   3.4731240e+00   3.2949889e+00   1.5892071e+00   2.1684152e+00   4.1916085e+00   3.5634990e+00   3.6640173e+00   3.1974737e+00   3.9740403e+00
   1.0000000e+00   3.0106704e+00   3.3520093e+00   5.2511473e+00   2.1292453e+00   2.5904626e+00   3.2678783e+00   3.5416557e+00   2.2977815e+00   2.6145928e+00   2.8704394e+00
   2.0000000e+00   3.7294092e+00   2.7896834e+00   4.5291822e+00   5.1043364e+00   5.1696564e+00   3.0385211e+00   2.5982138e+00   2.9048646e+00   4.2391011e+00   2.3476513e+00
   2.0000000e+00   4.4150300e+00   4.1624087e+00   2.6457508e+00   3.4719183e+00   4.4079501e+00   4.2566430e+00   4.3957794e+00   3.2139162e+00   1.8286873e+00   2.4003122e+00
   2.0000000e+00   3.8887014e+00   3.1785979e+00   3.9588538e+00   1.5322024e+00   4.6796813e+00   2.8854847e+00   3.7295523e+00   4.1450191e+00   2.6137310e+00   3.8833840e+00
   2.0000000e+00   5.0601664e+00   3.7378681e+00   3.0811111e+00   2.9623774e+00   4.2601128e+00   1.7544470e+00   3.8086154e+00   1.8947066e+00   1.8916201e+00   1.9263786e+00
   2.0000000e+00   2.0899217e+00   2.7572222e+00   2.2277310e+00   4.4868895e+00   2.4579399e+00   3.1603519e+00   4.3464288e+00   3.4884020e+00   3.6850791e+00   2.9046664e+00
   2.0000000e+00   3.2949937e+00   4.5302444e+00   3.2334219e+00   2.0068321e+00   3.8464800e+00   2.8097387e+00   2.1886705e+00   1.5733564e+00   3.1948194e+00   3.5368059e+00
   2.0000000e+00   4.2076294e+00   2.8984391e+00   1.6347475e+00   3.1352887e+00   4.1140405e+00   1.6019302e+00   3.3479532e+00   2.3971466e+00   2.8768177e+00   2.8493268e+00
   2.0000000e+00   4.4977032e+00   2.2295488e+00   3.4185297e+00   2.7901617e+00   2.2796881e+00   3.1646582e+00   2.5373408e+00   3.2270547e+00   2.3337304e+00   1.5687465e+00
   2.0000000e+00   4.2808309e+00   1.2172264e+00   1.9161549e+00   1.9615649e+00   3.3139140e+00   2.7478251e+00   3.0369300e+00   3.7239716e+00   2.8651908e+00   3.3049226e+00
   2.0000000e+00   2.4024711e+00   3.4054874e+00   3.3966740e+00   2.8389876e+00   2.9741756e+00   2.2053305e+00   3.5048494e+00   5.3708720e+00   3.4249686e+00   2.8604210e+00
   2.0000000e+00   1.8407821e+00   2.7362152e+00   2.5118168e+00   5.4811384e+00   7.9547738e-01   2.8052977e+00   2.4400254e+00   2.5582789e+00   4.3460307e+00   2.5332714e+00
   2.0000000e+00   3.3606344e+00   1.9009434e+00   3.4004109e+00   4.4332292e+00   2.7331988e+00   3.1693495e+00   2.6825757e+00   3.2954028e+00   2.1359625e+00   4.6007139e+00
   2.0000000e+00   2.9684795e+00   2.1258998e+00   4.0433121e+00   3.3199927e+00   3.2518223e+00   4.1543965e+00   3.6541046e+00   2.4982366e+00   3.8816344e+00   1.4632252e+00
   1.0000000e+00   3.0766167e+00   3.5024125e+00   3.7997259e+00   1.5900024e+00   3.1678198e+00   3.5449458e+00   3.1375359e+00   3.1165042e+00   3.6114685e+00   1.9756040e+00
   2.0000000e+00   2.2347289e+00   2.7236828e+00   2.9059555e+00   2.6729950e+00   4.1479045e+00   3.9761359e+00   1.7474916e+00   2.5358627e+00   3.2820585e+00   1.1865768e+00
   2.0000000e+00   4.7438438e+00   3.5506488e+00   3.2992347e+00   3.2500931e+00   1.8049263e+00   2.6552249e+00   3.5997395e+00   4.4904858e+00   8.4541405e-01   3.9578693e+00
   1.0000000e+00   3.2680954e+00   3.2270931e+00   3.5112541e+00   3.3439700e+00   2.0535906e+00   2.5311093e+00   2.8602354e+00   3.8102506e+00   3.5637301e+00   2.6603103e+00
   2.0000000e+00   3.4831416e+00   8.9541994e-01   2.3038806e+00   2.7947141e+00   1.4303019e+00   3.1718843e+00   1.8480732e+00   2.9934526e+00   3.0843385e+00   3.0276027e+00
   2.0000000e+00   1.9071350e+00   2.4918606e+00   4.1292276e+00   3.7654323e+00   2.1910488e+00   5.0487261e+00   3.2820745e+00   3.2128016e+00   1.7752829e+00   2.9899015e+00
   2.0000000e+00   2.3341608e+00   4.2750287e+00   5.5683768e-01   3.1241957e+00   2.4394468e+00   1.8848306e+00   5.3168377e+00   4.4407514e+00   3.7894360e+00   4.3325151e+00
   2.0000000e+00   3.6927248e+00   2.4799112e+00   3.5827812e+00   2.2914736e+00   4.6209542e+00   2.1528445e+00   3.9800118e+00   3.4441044e+00   8.1557477e-01   3.1949853e+00
   2.0000000e+00   3.0972025e+00   2.8378887e+00   2.4070094e+00   2.7758378e+00   2.3365170e+00   2.8720995e+00   1.6753072e+00   2.2463661e+00   3.1869739e+00   1.9236290e+00
   2.0000000e+00   4.8679295e+00   2.5695645e+00   3.1680051e+00   3.0183336e+00   4.5328668e+00   2.5621103e+00   2.2056569e+00   2.3361439e+00   1.5434935e+00  -6.0847204e-02
   2.0000000e+00   2.5765009e+00   4.7609270e+00   3.5685469e+00   4.1357488e+00   3.9556642e+00   2.6192130e+00   3.0855609e+00   2.1148317e+00   3.1704342e+00   3.0809293e+00
   1.0000000e+00   2.0098571e+00   3.7472008e+00   1.1045467e+00   2.9209810e+00   2.9055042e+00   3.4488130e+00   2.3872483e+00   3.0268088e+00   3.2972740e+00   3.3012923e+00
   2.0000000e+00   1.9427708e+00   3.4608352e+00   1.9404244e+00   1.7858036e+00   1.6365391e+00   3.4851791e+00   4.1771184e+00   1.8409594e+00   1.9524812e+00   2.9549362e+00
   2.0000000e+00   2.5169882e+00   3.9446274e+00   3.1005164e+00   1.9283786e+00   4.0567419e+00   2.6881549e+00   3.5063971e+00   3.4152597e+00   3.3426420e+00   3.3562792e+00
   1.0000000e+00   2.2150378e+00   3.6919809e+00   3.9734390e+00   5.8951566e+00   2.8524046e+00   3.0237990e+00   4.8026660e+00   2.2948064e+00   3.2986576e+00   3.5755605e+00
   2.0000000e+00   2.5425405e+00   2.9977947e+00   3.8711538e+00   3.6168873e+00   1.3915694e+00   1.6865469e+00   3.1617802e+00   3.5764401e+00   2.6122889e+00   3.1295905e+00
   2.0000000e+00   1.6245499e+00   2.7012696e+00   2.1378933e+00   2.8139221e+00   3.1700693e+00   3.1898800e+00   3.7214814e+00   4.9475122e+00   3.6922256e+00   3.1856241e+00
   2.0000000e+00   4.8825580e+00   4.1728654e+00   3.6436949e+00   1.2970161e+00   3.0647281e+00   2.6856270e+00   2.7350041e+00   3.2051180e+00   2.3584273e+00   3.3274992e+00
   2.0000000e+00   3.0295786e+00   4.3474181e+00   3.4800148e+00   2.4506828e+00   2.2172669e+00   2.3323568e+00   1.8799368e+00   1.2143172e+00   3.4799795e+00   3.9703998e+00
   2.0000000e+00   1.7304301e+00   2.5277785e+00   3.2009016e+00   2.5639965e+00   1.5712861e+00   4.6829604e+00   1.9363131e+00   4.1387566e+00   2.7628074e+00   3.1062543e+00
   2.0000000e+00   1.8355624e+00   3.9768248e+00   3.5895499e+00   2.4628055e+00   2.3054983e+00   4.6007327e+00   2.9197418e+00   3.8530692e+00   3.3070625e+00   3.5116950e+00
   2.0000000e+00   3.4442135e+00   3.2052386e+00   2.4445917e+00   2.2655289e+00   4.7898624e+00   2.0931153e+00   8.3500203e-01   2.1944351e+00   2.7476520e+00   3.4230934e+00
   2.0000000e+00   3.7097486e+00   4.4518078e+00   2.5882576e+00   3.0517052e+00   3.6410724e+00   1.7298875e+00   2.8684988e+00   2.6474699e+00   3.6642903e+00   1.4313339e+00
   1.0000000e+00   2.6903548e+00   3.8790794e+00   1.8083303e+00   3.9427209e+00   3.0638107e+00   1.6553238e+00   2.7871651e+00   4.1011697e+00   3.0512634e+00   1.6520633e+00
   2.0000000e+00   5.0472242e+00   2.0880900e+00   2.3179099e+00   2.9120076e+00   3.8073324e+00   2.3070946e+00   2.5242283e+00   1.5376518e+00   3.4320272e+00   3.0035594e+00
   2.0000000e+00   3.5409085e+00   2.8492475e+00   2.2070069e+00   4.4068053e+00   2.9274519e+00   1.5625150e+00   2.3175954e+00   4.5209157e+00   3.8202450e+00   2.8796284e+00
   2.0000000e+00   3.3784486e+00   1.9108779e+00   2.4812627e+00   1.4578393e+00   2.5050848e+00   3.9085072e+00   2.6409395e+00   3.4054330e+00   3.3353418e+00   2.9436000e+00
   2.0000000e+00   3.5611625e+00   4.8150839e+00   3.0317030e+00   5.4978008e+00   2.4366677e+00   5.3299251e+00   1.7715428e+00   2.9001513e+00   4.8254335e+00   2.8873426e+00
   2.0000000e+00   4.3407824e+00   2.4474346e+00   4.8481350e+00   1.7443702e+00   2.6459296e+00   3.2400454e+00   2.3850354e+00   3.4928812e+00   3.6242250e+00   2.7119549e+00
   2.0000000e+00   2.0684198e+00   3.6174562e+00   2.5240267e+00   2.3140916e+00   1.1838563e+00   2.6295524e+00   3.0613941e+00   4.1765942e+00   4.4462088e-01   3.9755746e+00
   2.0000000e+00   3.0279390e+00   1.7690473e+00   2.7720859e+00   3.5304215e+00   2.9273357e+00   4.5344688e+00   2.5576138e+00   1.9755153e+00   4.3456709e+00   3.9393658e+00
   1.0000000e+00   3.5228294e+00   3.3303502e+00   3.5742196e+00   2.3193622e+00   3.7386252e+00   3.3147492e+00   3.8552521e+00   2.5045129e+00   3.0516764e+00   4.2597028e+00
   2.0000000e+00   4.3258722e+00   1.3146446e+00   3.7708550e+00   2.5555139e-01   4.7197623e+00   2.0917994e+00   4.1149620e+00   1.3609430e+00   2.1904366e+00   3.3034763e+00
   2.0000000e+00   1.9454931e+00   4.5682126e+00   2.6709950e+00   2.4091643e+00   5.1648856e+00   2.7576517e+00   2.4612577e+00   2.8230419e+00   2.2643728e+00   3.1750324e+00
   1.0000000e+00   4.0825992e+00   3.2310306e+00   3.7931284e+00   1.6663797e+00   2.9874671e+00   3.1905865e+00   2.4590780e+00   3.0829459e+00   1.6637728e+00   2.8907039e+00
   2.0000000e+00   5.0444157e-01   5.7720965e+00   2.9317243e+00   1.4304622e+00   2.2909745e+00   3.4901093e+00   3.5384426e+00   2.3010356e+00   2.6322101e+00   3.3532280e+00
   2.0000000e+00   3.0915613e+00   2.7154009e-01   1.7354000e+00   3.8172113e+00   2.6323303e+00   3.4273700e+00   5.5672190e-01   4.2709038e+00   2.2444311e+00   3.8012356e+00
   2.0000000e+00   2.4179345e+00   4.0664034e+00   3.9532581e+00   2.7824382e+00   3.8278573e+00   4.5512509e+00   3.4328070e+00   2.5383180e+00   2.7475980e+00   1.7898946e+00
   2.0000000e+00   1.9780059e+00   3.9638247e+00   1.0076393e+00   3.6636703e+00   1.4094944e+00   2.9451573e+00   1.8584723e+00   3.7973342e+00   2.8197575e+00   1.8640390e+00
   2.0000000e+00   3.4309919e+00   2.3890932e+00   2.3437482e+00   2.7347677e+00   2.0629356e+00   3.4523316e+00   3.3147947e+00   4.4838531e+00   1.7761995e+00   3.4173114e+00
   2.0000000e+00   2.1859430e+00   2.9381747e+00   3.6940549e+00   3.3974547e+00   3.1070783e+00   3.9970747e+00   3.5995442e+00   1.4863128e+00   2.3820425e+00   3.8285985e+00
   2.0000000e+00   3.6778391e+00   4.6124156e+00   1.2932605e+00   3.7404922e+00   2.9952275e+00   3.2636898e+00   3.4378974e+00   4.3832666e+00   3.5825404e+00   3.0911211e+00
   2.0000000e+00   4.7952415e+00   1.7631615e+00   3.5311647e+00   3.8264713e+00   3.2823761e+00   9.2372922e-01   2.4405977e+00   3.8620004e+00   3.4475477e+00   2.8907280e+00
   2.0000000e+00   4.7531620e+00   2.7825979e+00   4.4383172e+00   1.8617955e+00   2.6331249e+00   1.3706900e+00   3.3053892e+00   1.6041450e+00   3.4599554e+00   3.3004614e+00
   2.0000000e+00   3.8188585e+00   3.6056570e+00   2.6204107e+00   3.0398805e+00   1.5192248e+00   4.4321524e+00   1.0457810e+00   2.3322027e+00   3.0906452e+00   3.4542484e+00
   2.0000000e+00   3.2760375e+00   2.9423984e+00   1.7757970e+00   1.5913501e+00   3.2552416e+00   4.4220628e+00   4.5354836e+00   2.9453139e+00   3.1600754e+00   2.8229664e+00
   1.0000000e+00   2.8406445e+00   3.4450749e+00   1.8972708e+00   2.3101606e+00   3.3459616e+00   3.2604717e+00   1.3646358e+00   3.9584347e+00   3.5677519e+00   2.8235858e+00
   1.0000000e+00   3.8688924e+00   3.1093393e+00   3.0126240e+00   3.4155598e+00   3.0563670e+00   2.2523926e+00   3.2707106e+00   3.3782808e+00   1.3005206e+00   3.7080343e+00
   2.0000000e+00   1.8464994e+00   2.4471652e+00   3.5865650e+00   7.3492813e-01   4.0419929e+00   9.0248064e-01   2.0482551e+00   3.3318575e+00   3.3639025e+00   3.4176263e+00
   2.0000000e+00   3.1121055e+00   3.5525669e+00   3.3049510e+00   2.3345458e+00   4.0738753e+00   2.7024912e+00   1.2906026e+00   2.5106018e+00   3.7357342e+00   3.9466253e+00
   2.0000000e+00   4.1826619e+00   4.3099191e+00   2.6196890e+00   3.1610917e+00   4.0115884e+00   1.7169963e+00   3.6031027e+00   4.5477061e+00   4.8608471e+00   4.1942270e+00
   2.0000000e+00   3.5358771e+00   1.2027169e+00   2.0979809e+00   3.8189925e+00   3.1079431e+00   3.4531549e+00   2.6367306e+00   2.0026425e+00   1.9868413e+00   2.9074478e+00
   2.0000000e+00   3.2241738e+00   1.0230612e+00   3.8033775e+00   3.3791343e+00   2.9430747e+00   1.8149902e+00   1.8194676e+00   4.7584593e+00   3.6788982e+00   2.8687719e+00
   2.0000000e+00   2.4098451e+00   3.5547868e+00   4.1143677e+00   2.5729178e+00   2.1675720e+00   3.1102154e+00   1.6706347e+00   2.6361005e+00   3.9143949e+00   2.1474865e+00
   2.0000000e+00   2.1709235e+00   4.3085390e+00   2.0486894e+00   2.6457656e+00   2.5310579e+00   3.3263299e+00   2.5184651e+00   4.9108076e+00   2.8785816e+00   3.8183738e+00
   1.0000000e+00   4.8142691e+00   3.7405012e+00   3.4978472e+00   2.2195711e+00   3.6147584e+00   2.6063459e+00   4.8879495e+00   3.6443708e+00   2.3618282e+00   4.5414524e+00
   2.0000000e+00   2.4285720e+00   2.4838518e+00   3.1002029e+00   3.9845207e+00   1.7864010e+00   2.2685923e+00   2.8565211e+00   2.5785426e+00   1.3862624e+00   3.5627825e+00
   2.0000000e+00   3.6421902e+00   2.5395814e+00   1.5647719e+00   1.1263953e+00   3.3132619e+00   2.3689848e+00   3.5999132e+00   2.8330140e+00   3.1146463e+00   4.1859377e+00
   1.0000000e+00   2.9030091e+00   3.1495050e+00   3.0554474e+00   1.2033259e+00   2.8412844e+00   2.5063195e+00   2.3881493e+00   3.7114902e+00   2.4688850e+00   2.6142194e+00
