   2.0000000e+00   3.2014448e+00   2.8441051e+00   3.3531471e+00   2.8933454e+00   2.2852643e+00   2.5736712e+00   3.6819396e+00   2.6903274e+00   3.7159721e+00   2.0106070e+00
   2.0000000e+00   1.4571656e+00   2.6026247e+00   5.8639797e-02   3.7776450e+00   3.8570702e+00   1.9566601e+00   4.1805621e+00   1.3080037e+00   3.5856156e+00   3.5956213e+00
   2.0000000e+00   2.3542340e+00   2.7781889e+00   2.8834894e+00   3.6163373e+00   3.2174223e+00   3.1314647e+00   4.2083502e+00   3.1053407e+00   5.1907337e+00   4.5369155e+00
   2.0000000e+00   4.0887134e+00   3.3798650e+00   2.9720277e+00   2.9890498e+00   1.5996112e+00   3.7884584e+00   3.4611830e+00   2.3591146e+00   7.6628967e-01   3.3654114e+00
   1.0000000e+00   1.1003550e+00   3.3446312e+00   3.5838768e+00   4.7583060e+00   3.9481856e+00   3.2810895e+00   2.4840012e+00   2.0939236e+00   1.7997209e+00   2.9018862e+00
   2.0000000e+00   2.3659802e+00   3.6465577e+00   3.1664513e+00   3.7907302e+00   1.6024369e+00   3.2605644e+00   6.8201890e-01   1.6579784e+00   2.4539239e+00   2.4300978e+00
   2.0000000e+00   2.3186453e+00   4.2533919e+00   2.3183996e+00   1.7465895e+00   1.7668462e+00   5.4068512e+00   1.3750059e+00   4.2252071e+00   2.6828514e+00   1.7366587e+00
   2.0000000e+00   3.8104879e+00   2.5939134e+00   2.5229269e+00  -3.7686412e-01   2.7490054e+00   3.5319134e+00   4.3144192e+00   3.9006004e+00   3.9247995e+00   1.9114651e+00
   1.0000000e+00   1.6816363e+00   3.1631431e+00   1.7775095e+00   2.7143322e+00   9.9118882e-01   3.8107699e+00   2.2316244e+00   4.0477900e+00   4.1102499e+00   3.4787159e+00
   2.0000000e+00   3.6155410e+00   3.3522376e+00   4.3586542e+00   2.6184370e+00   3.7308866e+00   2.3675854e+00   4.7367761e+00   2.9407607e+00   2.6879079e+00   2.4933575e+00
   2.0000000e+00   1.9678836e+00   1.5128023e+00   2.1495787e+00   3.2742086e+00   2.3513562e+00   4.6162584e+00   7.9333551e-01   3.5093209e+00   1.5486856e+00   2.3759489e+00
   2.0000000e+00   2.5487557e+00   3.0966191e+00   3.7454382e+00   1.1292081e+00   5.4840064e+00   2.6899707e+00   4.4924310e+00   2.7400498e+00   3.7758630e+00   2.9087071e+00
   2.0000000e+00   2.5844135e-01   2.9412349e+00   3.6055140e+00   4.4709739e+00   1.8283175e+00   2.4701891e+00   2.0275582e+00   3.8239509e+00   4.5158289e+00   2.3311994e+00
   2.0000000e+00   4.1954373e+00   2.1258554e+00   4.7826403e+00   1.5172465e+00   3.1241145e+00   2.8506446e+00   3.3862360e+00   3.7855989e+00   2.8427059e+00   3.0214898e+00
   2.0000000e+00   2.0310347e+00   4.8048924e+00   3.3399587e+00   2.8399134e+00   2.7620699e+00   3.6101477e+00   2.4263001e+00   3.5445928e+00   2.9500718e+00   4.6818562e+00
   2.0000000e+00   1.6596423e+00   6.8534529e-01   2.4663296e+00   2.1556123e+00   2.9957998e+00   3.0156137e+00   2.0830152e+00   2.8979072e+00   3.2494761e+00   2.8865247e+00
   2.0000000e+00   3.0298656e+00   2.8107163e+00   1.8537273e+00   1.9835054e+00   2.3794122e+00   1.1502920e+00   4.3370736e+00   2.8200047e+00   4.7167669e+00   3.9922894e+00
   2.0000000e+00   1.6816578e+00   4.5151668e+00   3.7619669e+00   4.4585161e+00   2.7042031e-01   3.3701305e+00   2.6456917e+00   1.7572390e-01   3.0200452e+00   8.8123443e-01
   2.0000000e+00   2.0374820e+00   1.2835340e+00   4.5436198e+00   3.5566302e+00   2.5113142e+00   2.8994838e+00   2.2771853e+00   1.4340073e+00   3.7912291e+00   1.5071376e+00
   2.0000000e+00   3.1785188e+00   2.4899840e+00   1.1683426e+00   3.6083739e+00   9.2300751e-01   2.5471508e+00   3.0098436e+00   1.7462421e+00   1.5648448e+00   3.4965417e+00
   2.0000000e+00   2.8271513e+00   2.8554395e+00   3.6227890e+00   3.0136282e+00   3.1294953e+00   3.4708997e+00   3.1371179e+00   3.5173561e+00   3.6855962e+00   3.6576199e+00
   2.0000000e+00   1.0239012e+00   2.7277824e+00   4.1245854e+00   3.1690123e+00   3.1922934e+00   1.6180300e+00   9.8015326e-01   3.4633707e+00   3.1548273e+00   2.0632605e+00
   2.0000000e+00   4.3293314e+00   4.0447757e+00   2.2208383e+00   2.1492447e+00   1.4537865e+00   1.9187632e+00   1.4229417e+00   2.0786665e+00   2.4877047e+00   4.0124978e+00
   2.0000000e+00   3.1154734e+00   2.0872527e+00   2.9072965e+00   2.8928723e+00   5.3346296e+00   3.1679369e+00   4.3353433e+00   1.0071657e+00   3.1291007e+00   2.2469509e+00
   1.0000000e+00   1.6863954e+00   3.1530614e+00   3.2233567e+00   5.1129877e+00   2.6628056e+00   4.3554483e+00   3.2255188e+00   3.1267008e+00   3.2480970e+00   2.8011271e+00
   2.0000000e+00   5.8727867e-01   3.1195083e+00   1.6548555e+00   4.3885484e+00   2.3234414e+00   2.6131812e+00   4.3269702e+00   3.4060660e+00   2.9202730e+00   3.5816621e+00
   1.0000000e+00   2.5169206e+00   3.1176375e+00   2.6637428e+00   3.0920317e+00   2.8784762e+00   2.0353242e+00   2.2888862e+00   4.4827131e+00   2.2517039e+00   2.9421691e+00
   2.0000000e+00   3.9391491e+00   5.7915936e+00   3.0886014e+00   4.0865510e+00   2.4867559e+00   1.7518525e+00   4.1168805e+00   3.7437385e-01   2.9934411e+00   1.8302193e+00
   2.0000000e+00   2.4722332e+00   2.4649318e+00   2.8760207e+00   2.8754693e+00   3.2901208e+00   2.2796779e+00   3.2868033e+00   1.7259961e+00   3.2994819e+00   4.6669975e+00
   2.0000000e+00   3.6082140e+00   4.4899070e+00   2.9271197e+00   3.4875610e+00   4.2186325e+00   2.5420307e+00   3.9336841e+00   4.4371070e+00   4.6079295e+00   5.4451491e+00
   2.0000000e+00   4.7114755e+00   2.8617859e+00   3.4052775e+00   3.3215167e+00   2.0162848e+00   3.1324986e+00   4.3311906e+00   4.9038645e+00   2.1190288e+00   3.4424021e+00
   1.0000000e+00   3.2725486e+00   3.8197475e+00   2.8346730e+00   3.1370727e+00   3.3819949e+00   1.3544683e+00   3.0588063e+00   3.6789034e+00   2.7787901e+00   9.2483979e-01
   2.0000000e+00   3.2255510e+00   5.1932829e+00   4.1024491e+00   4.0812199e+00   3.8893562e+00   3.9111723e+00   4.1476541e+00   2.6987171e+00   3.8435719e+00   3.9456013e+00
   2.0000000e+00   3.4135565e+00   2.7076819e+00   1.8806817e+00   2.8634696e+00   3.9493147e+00   2.9859043e+00   3.5699592e+00   4.3542168e+00   3.0205383e+00   3.7480724e+00
   1.0000000e+00   4.0400472e+00   3.5094843e+00   4.1149863e+00   3.3284787e+00   2.6658096e+00   2.2395708e+00   3.4771434e+00   2.7572050e+00   1.9986754e+00   2.7542010e+00
   2.0000000e+00   3.9050072e+00   1.5975087e+00   3.3383325e+00   3.5893278e+00   3.5820717e+00   3.5027560e+00   3.2041292e+00   1.8484087e+00   4.5334134e+00   1.5061449e+00
   2.0000000e+00   4.2115358e+00   4.9047556e+00   2.8652970e+00   3.9904432e+00   1.8877779e+00   2.9330673e+00   2.8438272e+00   1.9293415e+00   4.5658479e+00   2.1864330e+00
   2.0000000e+00   2.9033957e+00   5.0491161e+00   3.6433641e+00   2.4185917e+00   3.4347138e+00   3.6147995e+00   2.0600879e+00   4.8358507e+00   1.3342690e+00   2.3527380e+00
   2.0000000e+00   1.9060086e+00   1.2105879e+00   2.7838676e+00   4.2011371e+00   2.8612012e+00   8.9980687e-01   3.5727406e+00   2.1260451e+00   2.8022547e+00   2.5306741e+00
   2.0000000e+00   3.8286753e+00   3.5132752e+00   4.7065784e+00   2.3971077e+00   3.1879929e+00   2.5385904e+00   4.0114399e+00   3.4246482e+00   1.1245275e+00   2.1884356e+00
   2.0000000e+00   9.3059354e-01   4.1949320e+00   2.1991151e+00   5.2879024e+00   5.0553084e-01   4.3936969e+00   2.7472736e+00   1.8373313e+00   4.9694164e+00   2.6604847e+00
   2.0000000e+00   2.2320542e+00   4.3316045e+00   2.0730766e+00   2.0412108e+00   2.0693437e+00   3.1633119e+00   8.4973412e-02   3.1380316e+00   1.9679790e+00   2.1027286e+00
   2.0000000e+00   3.7220523e+00   3.6430311e+00   3.7556801e+00   1.9804836e+00   3.0444085e+00   1.9328189e+00   2.1478974e+00   3.0349503e+00   3.2336873e+00   5.8799663e-01
   2.0000000e+00   3.0311481e+00   2.8329194e+00   2.5299727e+00   3.8684089e+00   3.1266190e+00   3.1641984e+00   1.2459912e+00   2.7599238e+00   3.0571232e+00   1.4920412e+00
   1.0000000e+00   5.0971442e+00   3.3446884e+00   4.5630608e+00   3.8562021e+00   3.1630532e+00   4.1561650e+00   2.8537059e+00   2.1669594e+00   4.0552918e+00   1.4981199e+00
   2.0000000e+00   2.8821410e+00   2.0560834e+00   3.6470927e+00   1.7872234e+00   2.2763600e+00   2.7870737e+00   4.7970738e+00   3.9201010e+00   2.1328065e+00   4.2648921e+00
   2.0000000e+00   4.6178694e+00   3.2575692e+00   2.5157792e+00   4.9195770e+00   2.9534354e+00   1.9620125e+00   1.8252917e+00   2.6531160e+00   3.8611722e+00   3.2133120e+00
   2.0000000e+00   2.6580861e+00   3.6777472e+00   2.1964745e+00   3.0876609e+00   4.0958832e+00   2.9084597e+00   3.8380110e+00   1.4951596e+00   3.2825274e+00   3.4566514e+00
   2.0000000e+00   2.5829992e+00   2.6851285e+00   8.9809016e-01   4.6367695e+00   3.0214027e+00   2.6484998e+00   3.4730841e+00   3.2456242e+00   2.3323203e+00   4.3241677e+00
   2.0000000e+00   4.1345080e+00   2.9941805e+00   2.1355800e+00   2.9693341e+00   3.1858179e+00   3.3084450e+00   3.4899686e+00   2.3862149e+00   8.3577177e-01   3.8260539e+00
   2.0000000e+00   2.4793278e+00   2.8462553e+00   1.8388207e+00   4.0897921e+00   1.7724142e+00   2.8606639e+00   2.2130151e+00   2.6096855e+00   1.1736094e+00   3.1699793e+00
   2.0000000e+00   1.2277226e+00   2.5398362e+00   1.9663482e+00   2.3982190e+00   1.5044729e+00   4.8851123e+00   2.7951670e+00   3.0280200e+00   2.9237548e+00   2.9725590e+00
   1.0000000e+00   5.7768435e+00   3.5685905e+00   3.2229594e+00   1.8611980e+00   3.7650054e+00   3.8834427e+00   3.4088655e+00   3.8628066e+00   4.2936671e+00   2.2796513e+00
   2.0000000e+00   4.7026347e+00   1.4831144e+00   3.3271665e-01   3.5513274e+00   1.4011128e+00   3.1194093e+00   2.7672047e+00   4.2714347e+00   4.6896863e+00   3.4436047e+00
   2.0000000e+00   3.9382656e+00   1.5088336e+00   1.8326503e+00   2.8444991e+00   3.5420288e+00   2.2750900e+00   2.9180273e+00   4.9101532e+00   3.1077214e+00   2.8751676e+00
   2.0000000e+00   3.4418845e+00   1.0950754e+00   3.2270522e+00   3.4110112e+00   4.1199351e+00   1.0474639e+00   2.4004209e+00   1.7296503e+00   4.1067072e+00   2.1271664e+00
   2.0000000e+00   1.5831221e+00   3.0667907e+00   4.0401731e+00   9.5463431e-01   2.6230970e+00   1.1676134e+00   4.3255576e+00   2.4057981e+00   2.6733830e+00   1.4002691e+00
   2.0000000e+00   2.8948620e+00   1.8451993e+00   2.2464057e+00   9.8481760e-01   1.8036949e+00   2.5984161e+00   3.5111013e+00   1.3613618e+00   2.1556796e+00   4.2093108e+00
   2.0000000e+00   3.4567298e+00   2.5427481e+00   3.1040578e+00   2.7387488e+00   2.4052130e+00   2.6787854e+00   2.5867599e+00   2.6006061e+00   3.6821344e+00   3.5964768e+00
   2.0000000e+00   1.9412640e+00   4.3070467e+00   3.0369394e+00   2.4725025e+00   3.1403247e+00   3.4737291e+00   2.9938129e+00   2.2530414e+00   3.3400542e+00   3.4753761e+00
   2.0000000e+00   3.8348630e+00   1.9151349e+00   4.8050394e+00   1.4468634e+00   2.8747453e+00   4.4420909e+00   5.2318356e+00   1.6724191e+00   2.4591934e+00   2.9026352e+00
   2.0000000e+00   1.2545126e+00   2.3961589e+00   4.5694884e+00   2.1821487e+00   3.9775993e+00   2.0892780e+00   1.8452307e+00   3.1665825e+00   2.8221026e+00   2.7701303e+00
   2.0000000e+00   3.1588648e+00   1.9186986e+00   2.2026996e+00   4.1689178e+00   1.8806589e+00   4.2757323e+00   3.2201533e+00   3.0926866e+00   2.2069879e+00   3.8797160e+00
   2.0000000e+00   3.1851143e+00   2.2491610e+00   2.4600954e+00   2.5865363e+00   3.8080807e+00   2.9496560e+00   1.9292179e+00   2.3426112e+00   5.4064487e+00   3.4943150e+00
   2.0000000e+00   5.0296973e+00   3.2128434e+00   2.8142793e+00   3.0721132e+00   4.5081555e+00   5.3775375e+00   1.6649190e+00   2.1652257e+00   1.9048169e+00   1.8676417e+00
   2.0000000e+00   3.5713838e+00   4.9760147e+00   9.8274350e-01   2.8762560e+00   4.5386845e+00   4.1138024e+00   3.1011882e+00   2.7047986e+00   2.9188596e+00   3.5049847e+00
   1.0000000e+00   3.2612620e+00   3.0884286e+00   2.6193154e+00   1.8696701e+00   3.4488714e+00   2.9222606e+00   3.6273268e+00   1.4934407e+00   3.1854508e+00   4.9766006e+00
   2.0000000e+00   1.8238535e+00   1.8608269e+00   6.0703525e+00   1.4156167e+00   2.3916519e+00   2.4103931e+00   3.0895994e+00   2.8132224e+00   3.1922357e+00   3.4002328e+00
   2.0000000e+00   3.2533431e+00   2.6740948e+00   2.3361079e+00   1.6014433e+00   3.7917597e+00   2.9882772e+00   3.0781909e+00   3.1329083e+00   2.8440445e+00   2.6485165e+00
   1.0000000e+00   2.7196723e+00   3.1162378e+00   1.5243820e+00   2.6172952e+00   3.4845324e+00   3.1403671e+00   2.7686910e+00   1.8839119e+00   2.0607607e+00   2.3127186e+00
   1.0000000e+00   2.8353574e+00   3.1244650e+00   1.0550879e+00   3.6175262e+00   1.1753997e+00   4.2677667e+00   2.9426438e+00   4.2946304e+00   4.2588217e+00   3.9654695e+00
   2.0000000e+00   2.1172477e+00   1.8089971e+00   3.1600711e+00   3.4915228e+00   2.7639621e+00   4.7110102e+00   3.4920348e+00   2.6726789e+00   1.9153917e+00   4.7204201e+00
   2.0000000e+00   3.9307198e+00   2.1500122e+00   4.7459531e+00   4.0917464e+00   3.3336037e+00   5.0139393e+00   3.7557771e+00   4.0334102e+00   1.3929289e+00   2.3240517e+00
   2.0000000e+00   4.3192810e+00   2.9373621e+00   4.0512360e+00   4.4977785e+00   2.8326655e+00   2.7525294e+00   1.0588179e+00   3.8993652e+00   1.2690739e+00   3.8174721e+00
   1.0000000e+00   3.5031191e+00   3.3622398e+00   3.5088697e+00   1.8097103e+00   3.8277690e+00   3.8633088e+00   3.1842565e+00   2.7089579e+00   4.3667180e+00   2.5133367e+00
   2.0000000e+00   5.6367369e+00   2.3218411e+00   2.8150423e+00   2.8093029e+00   1.8246287e+00   3.0348691e+00   2.3122841e+00   1.9452876e+00   2.6291098e+00   2.3213025e+00
   2.0000000e+00   2.3831313e+00   4.3098844e+00   1.5017711e+00   2.3203936e+00   2.3534517e+00   3.2528689e+00   3.5110590e+00   4.1132335e+00   3.2503741e+00   3.3161229e+00
   2.0000000e+00   3.5574836e+00   1.8672380e+00   1.5270225e+00   3.3423294e+00   1.7214903e+00   2.9247226e+00   4.4212325e+00   3.3384596e+00   1.5240259e+00   1.9936466e+00
   1.0000000e+00   2.1782967e+00   3.5377192e+00   3.2634121e+00   3.9900705e+00   1.5657339e+00   2.8512992e+00   2.9950316e+00   1.7489094e+00   1.7049075e+00   2.9978625e+00
   2.0000000e+00   2.1123040e+00   2.1364996e+00   3.4475229e+00   1.1584276e+00   2.7369190e+00   1.9938009e+00   2.7501426e+00   2.3955806e+00   5.2421734e+00   3.2161500e+00
   2.0000000e+00   2.0972691e+00   5.5937479e+00   1.3508397e+00   3.2310069e+00   2.7344675e+00   2.6024401e+00   3.5529562e+00   4.2865704e-01   2.7127123e+00   2.5975270e-01
   2.0000000e+00   1.4170587e+00   3.2702999e+00   3.3509461e+00   4.4158728e+00   3.9010052e+00   2.7967188e+00   1.3831424e+00   2.1403019e+00   1.7588965e+00   2.4802028e+00
   1.0000000e+00   2.5374439e+00   3.7275073e+00   3.2384413e+00   4.7368791e+00   3.5158608e+00   2.3162664e+00   3.3340765e+00   1.9162437e+00   3.7467905e+00   3.8274025e+00
   2.0000000e+00   1.9534773e+00   2.8028154e+00   2.5466202e+00   2.7126269e+00   3.4076793e+00   2.8819839e+00   3.8037063e+00   5.1985327e+00   4.4533472e+00   2.9372045e+00
   2.0000000e+00   2.4782505e+00   2.3156152e+00   3.8193838e+00   5.1167510e+00   3.7433359e+00   2.2951086e+00   2.2630069e+00   2.3400764e+00   1.3832929e+00   3.1347398e+00
   2.0000000e+00   3.0181271e+00   2.4488856e+00   4.4474200e+00   3.8960570e+00   3.9287614e+00   4.7839039e+00   2.5248630e+00   4.0339881e+00   4.3981345e+00   4.6814033e+00
   2.0000000e+00   3.1512323e+00   3.7972396e+00   4.5073155e+00   2.7709933e+00   1.9545453e+00   3.6397458e+00   2.3774874e+00   3.8108753e+00   3.0511140e+00   3.4854181e+00
   2.0000000e+00   2.6065347e+00   2.3789525e+00   3.6696821e+00   4.2540550e+00   4.8688257e+00   1.4791584e+00   3.2559272e+00   2.4422145e+00   3.2783664e+00   4.2775045e+00
   2.0000000e+00   1.8688304e+00   2.6918743e+00   2.9856771e+00   3.3091404e+00   5.9524347e+00   3.3446805e+00   4.4276737e+00   2.4058810e+00   2.9466536e+00   3.7688342e+00
   2.0000000e+00   3.5366909e+00   4.5977345e+00   2.7920915e+00   1.6499939e+00   3.4870182e+00   1.1080775e+00   3.3336684e+00   2.7760267e+00   2.8667903e+00   3.0586794e+00
   1.0000000e+00   4.2881809e+00   3.7900457e+00   2.9628637e+00   2.7839766e+00   2.7522948e+00   2.6996017e+00   2.6737570e+00   3.7041407e+00   4.2802622e+00   1.8880268e+00
   2.0000000e+00   1.8211749e+00   2.7549937e+00   2.8143520e+00   3.5560210e+00   2.6431470e+00   2.9136134e+00   2.2653634e+00   3.1476176e+00   2.4658667e+00   1.7476239e+00
   2.0000000e+00   3.9665170e+00   1.7467029e+00   4.2119912e+00   2.6475197e+00   3.0518438e+00   3.3704364e+00   2.0829940e+00   1.7508069e+00   4.2486076e+00   4.4786675e+00
   2.0000000e+00   2.7674371e+00   2.2532941e+00   1.4083861e+00   2.8697579e+00   1.7687619e+00   1.9008247e+00   2.9703046e+00   3.7827667e+00   3.1083670e+00   2.5805633e+00
   1.0000000e+00   3.9455654e+00   3.5233680e+00   1.1056553e+00   4.0261331e+00   4.2497219e+00   3.9882512e+00   2.8423556e+00   4.0305012e+00   2.4777997e+00   2.5335798e+00
   2.0000000e+00   4.4131667e+00   2.4856789e+00   1.8035079e+00   2.1337950e+00   2.5879740e+00   3.2831989e+00   4.4912000e+00   2.0132028e+00   3.7061986e+00   3.4891453e+00
   2.0000000e+00   3.6329256e+00   4.3915868e+00   2.9572299e+00   1.6275232e+00   3.7737273e+00   3.3363061e+00   2.9929701e+00   1.7388699e+00   2.8191203e+00   3.1041536e+00
   2.0000000e+00   2.2216284e+00   2.1567596e+00   1.8640193e+00   3.2205548e+00   3.3199005e+00   1.5501650e+00   3.0942232e+00   3.9547194e+00   2.3658757e+00   2.5688636e+00
   1.0000000e+00   2.1901331e+00   3.5876838e+00   2.3601546e+00   4.0276955e+00   4.3758899e+00   2.9067778e+00   2.2743822e+00   2.7020297e+00   1.9350096e+00   4.6649040e+00
   1.0000000e+00   2.6997625e+00   3.3857217e+00   2.0980405e+00   3.1154268e+00   3.0768050e+00   2.5339525e+00   3.3994901e+00   1.9609078e+00   4.0492523e+00   1.1107492e+00
