   2.0000000e+00   5.1631870e+00   3.8220687e+00   8.2888144e-01   3.4140828e+00   3.5093260e+00   3.8441420e+00   3.1004055e+00   3.6237184e+00   3.8352761e+00   2.4547600e+00
   2.0000000e+00   3.7386482e+00   2.4541165e+00   2.1501332e+00   3.7500316e+00   2.0718117e+00   3.5871282e+00   1.7489833e+00   4.8775344e+00   1.1779378e+00   4.1114557e+00
   2.0000000e+00   3.3988989e+00   2.0331897e+00   2.0953459e+00   1.6809016e+00   4.4086932e+00   3.2426053e+00   2.9283280e+00   3.2695865e+00   3.1378234e+00   2.5557610e+00
   2.0000000e+00   3.5213691e+00   3.6027058e+00   4.0178386e+00   2.7235660e+00   3.9090218e+00   5.1870955e+00   2.3420545e+00   5.4458825e+00   5.1346439e+00   4.4648315e+00
   2.0000000e+00   3.5599740e+00   4.1538140e+00   2.4870638e+00   3.2435161e+00   2.6083564e+00   5.5520696e+00   3.1328718e+00   3.2451299e+00   3.1410766e+00   2.3870534e+00
   2.0000000e+00   3.8632127e+00   3.5756797e+00   2.0970991e+00   3.3010449e+00   9.1299255e-01   4.4324713e+00   4.3715399e+00   2.6586307e+00   4.2252127e+00   2.6442932e+00
   2.0000000e+00   3.5988099e+00   2.7023208e+00   2.4870335e+00   3.0683231e+00   2.9280015e+00   1.8690411e+00   2.7955489e+00   8.6540340e-01   2.3500310e+00   3.1550948e+00
   2.0000000e+00   2.5469380e+00   1.4739385e+00   2.4439919e+00   1.2752324e+00   3.2636968e+00   3.5067711e+00   6.8654705e-01   4.3318091e+00   3.9835298e+00   3.8553899e+00
   2.0000000e+00   2.1891949e+00   3.9228652e+00   4.2284372e+00   2.6973545e+00   3.8124834e+00   3.9424833e+00   3.5934582e+00   3.5002796e+00   2.6651120e+00   4.1492646e+00
   2.0000000e+00   1.4984955e+00   3.5889806e+00   2.6402440e+00   3.7580404e+00   2.4750948e+00   3.8828624e+00   2.5981501e+00   2.7520365e+00   3.7401055e+00   2.5359597e+00
   2.0000000e+00   2.0110539e+00   4.3635026e+00   2.0213198e+00   4.9627494e+00   2.2137771e+00   2.9022370e+00   3.2691879e+00   4.7015712e+00   2.8933000e+00   4.4316197e+00
   2.0000000e+00   2.2857470e+00   3.5294481e+00   3.7234895e+00   3.7499398e+00   3.6913359e+00   5.5048378e+00   2.9926348e+00   4.7245307e+00   3.3743939e+00   2.4876175e+00
   2.0000000e+00   4.5805310e+00   2.6190892e+00   3.3996226e+00   1.4432910e+00   3.8998104e+00   2.1457972e+00   3.7177001e+00   2.0096051e+00   3.6097209e+00   4.1199190e+00
   1.0000000e+00   3.9517408e+00   3.4791041e+00   3.7671803e+00   3.3995846e+00   2.5447425e+00   2.7503280e+00   3.8009488e+00   2.7041719e+00   2.2192313e+00   2.4994041e+00
   2.0000000e+00   3.6713331e+00   3.2309805e+00   2.4005352e+00   4.0277334e+00   3.4636426e+00   1.9298470e+00   2.7414497e+00   1.6902503e+00   3.1433124e+00   2.8541764e+00
   2.0000000e+00   4.3588310e+00   1.5777796e+00   1.6338250e+00   3.5506827e+00   2.8694379e+00   2.3154152e+00   3.0537145e+00   3.9467730e+00   2.4263772e+00   7.9113950e-01
   1.0000000e+00   3.8748059e+00   2.6060904e+00   3.2732411e+00   2.0505641e+00   3.0962231e+00   2.6318476e+00   3.0887666e+00   2.7261631e+00   3.9271562e+00   3.1649455e+00
   2.0000000e+00   2.5939460e+00   2.3714924e+00   2.9450702e+00   2.4662140e+00   3.0526675e+00   2.5995663e+00   3.0152957e+00   3.3500044e+00   3.0770722e+00   2.6719431e+00
   2.0000000e+00   1.8667290e+00   2.4882194e+00   2.9473744e+00   3.3553649e+00   2.0919479e+00   3.9833691e+00   3.9220538e+00   2.5490017e+00   3.2820178e+00   3.5953234e+00
   2.0000000e+00   3.6302138e+00   2.7294227e+00   2.5273886e+00   4.3178213e+00   2.0484627e+00   2.9402361e+00   3.6252618e+00   3.9301593e+00   3.7747349e+00   4.2572985e+00
   1.0000000e+00   4.6018221e+00   2.0658910e+00   3.3545433e+00   2.9219037e+00   3.1396668e+00   3.0874375e+00   2.4834188e+00   3.2446724e+00   3.8146221e+00   3.2974068e+00
   1.0000000e+00   1.3287516e+00   3.2448079e+00   3.0940287e+00   2.9877881e+00   3.3916863e+00   3.0013875e+00   2.8971404e+00   3.3798444e+00   3.4233320e+00   2.5864199e+00
   2.0000000e+00   1.9790320e+00   3.3308891e+00   2.8174810e+00   4.1424962e+00   1.7605408e+00   4.4510838e+00   3.0376531e+00   4.3243017e+00   3.7486428e+00   4.4958558e+00
   2.0000000e+00   1.2762836e+00   2.5774846e+00   2.6415020e+00   4.1455015e+00   3.6178038e+00   4.1352282e+00   2.4142853e+00   2.8396536e+00   2.2382219e+00   1.3906628e+00
   2.0000000e+00   2.1531717e+00   2.5877071e+00   5.7038980e-01   3.3599404e+00   2.1452547e+00   1.9239529e+00   3.7522711e+00   7.3371773e-01   5.0624165e+00   2.4367748e+00
   2.0000000e+00   1.8981339e+00   4.8621545e+00   4.2287271e+00   1.8460403e+00   4.1694002e+00   3.5348571e+00   1.7857203e+00   3.9304686e+00   4.7198198e+00   4.1420257e+00
   1.0000000e+00   4.6699498e+00   4.4064748e+00   3.7613403e+00   2.4800613e+00   2.7717789e+00   3.7970615e+00   2.9756496e+00   3.4687924e+00   5.4863616e+00   2.2432497e+00
   2.0000000e+00   2.2899133e+00   1.9186570e+00   2.9409692e+00   3.6273974e+00   2.4283617e+00   2.5187709e+00   2.1296708e+00   3.5192888e+00   1.3902460e+00   3.8442487e+00
   2.0000000e+00   2.0293211e+00   3.6063637e+00   5.3125366e+00   3.9563255e+00   3.9378122e+00   1.8794616e+00   3.1337280e+00   3.5364229e+00   3.2466798e+00   2.1169533e+00
   2.0000000e+00   3.6892436e+00   2.5224091e+00   4.2193902e+00   3.5375072e+00   2.7945147e+00   2.8959537e+00   2.8112707e+00   3.8274017e+00   2.6769899e+00   2.7709608e+00
   2.0000000e+00   4.1433338e+00   2.6205818e+00   2.4658175e+00   2.5613996e+00   3.0344647e+00   2.7903166e+00   1.7972296e+00   4.2195680e+00   2.2414384e+00   2.3648236e+00
   2.0000000e+00   1.7387239e+00   2.2509300e+00   1.4093464e+00   3.2453927e+00   1.1321103e+00   2.9387731e+00   3.0945566e+00   3.1078508e+00   4.4479796e+00   2.2733842e+00
   2.0000000e+00   2.2681433e+00   1.5149141e+00   1.9213161e+00   1.6355481e+00   1.5211400e+00   2.9032808e+00   2.3977338e+00   2.3108192e+00   3.3390658e+00   2.5313548e+00
   2.0000000e+00   2.3434703e+00   4.1905076e+00   1.8460538e+00   3.8219144e+00   3.4421765e+00   2.5818337e+00   3.1591965e+00   4.2869712e+00   9.5646185e-01   3.7448371e+00
   2.0000000e+00   2.5968214e+00   1.0696861e+00   3.5248070e+00   2.4239403e+00   2.2168242e+00   1.3016932e+00   3.8183328e+00   2.5618594e+00   3.7094400e+00   1.2672938e+00
   1.0000000e+00   2.8867123e+00   2.8770868e+00   3.0831888e+00   4.7622112e+00   3.2366870e+00   2.1366798e+00   4.0454209e+00   2.0964098e+00   1.9696850e+00   3.2237298e+00
   2.0000000e+00   2.7998363e+00   3.2257568e+00   4.4683427e+00   2.5718641e+00   3.4318535e+00   2.5652958e+00   3.0358830e+00   3.8932769e+00   4.5352469e+00   1.5724054e+00
   2.0000000e+00   2.9134400e+00   1.3413888e+00   1.8087981e+00   2.6436988e+00   1.1655204e+00   2.3098282e+00   3.1287545e+00   3.9892634e+00   1.7052890e+00   2.6950000e+00
   1.0000000e+00   3.2066081e+00   3.8443584e+00   3.2998832e+00   2.5546070e+00   3.7224852e+00   1.4796170e+00   3.3344496e+00   2.5062476e+00   3.3212912e+00   2.9079109e+00
   2.0000000e+00   3.0716655e+00   3.1953463e+00   3.2033936e+00   5.0026256e+00   3.5898985e+00   2.7593793e+00   3.1909019e+00   4.1085127e+00   2.8823926e+00   4.2143655e+00
   2.0000000e+00   3.0129919e+00   2.8187959e+00   2.5915885e+00   3.4850910e+00   2.5210899e+00   5.6092081e+00   4.5097948e+00   3.3139774e+00   2.7965368e+00   1.8900962e+00
   2.0000000e+00   3.7763941e+00   2.4848171e+00   1.7462973e+00   1.4581193e+00   3.8064709e+00   3.4020859e+00   3.0750027e+00   4.8984340e+00   3.5872120e+00   2.7386762e+00
   2.0000000e+00   2.4537568e+00   2.7042165e+00   4.0349469e+00   1.7028675e+00   1.8265539e+00   2.1512796e+00   4.7506417e+00   3.0099482e+00   2.0591783e+00   4.1126845e+00
   2.0000000e+00   3.2074726e+00   3.6438447e+00   5.0301310e+00   4.0916286e+00   4.3012248e+00   2.6272860e+00   2.9314639e+00   2.9758335e+00   3.0781904e+00   1.8039411e+00
   2.0000000e+00   3.0791318e+00   1.1174590e+00   3.8843776e+00   3.2639651e+00   2.7961692e+00   3.7849793e+00   2.6852998e+00   3.0749879e+00   4.9799754e+00   1.1819285e+00
   2.0000000e+00   1.1357665e+00   3.4614088e+00   3.6711475e+00   3.6661229e+00   1.0910153e+00   3.5018464e+00   1.5778430e+00   5.2165658e+00   3.6968134e+00   3.5439783e+00
   2.0000000e+00   3.3018905e+00   1.5679842e+00   1.7915834e+00   1.8232338e+00   1.5943408e+00   3.8359637e+00   3.6237339e+00   2.5201412e+00   2.4552507e+00   2.5367326e+00
   1.0000000e+00   2.3648012e+00   2.8930236e+00   3.6093498e+00   2.3141991e+00   2.3838587e+00   5.0164939e+00   2.9182262e+00   2.7670045e+00   2.6310582e+00   4.6766292e+00
   2.0000000e+00   3.1597220e+00   4.1140628e+00   4.5005422e+00   3.3346135e+00   3.3693277e+00   1.7658399e+00   3.5463253e+00   3.3236645e+00   3.9926578e+00   1.9774193e+00
   2.0000000e+00   2.4827733e+00   4.0382575e+00   3.8759701e+00   1.2432991e+00   1.8104643e+00   3.1418916e+00   2.1806131e+00   3.4963117e+00   2.8301285e+00   3.0315632e+00
   2.0000000e+00   4.0582584e+00   2.1091406e+00   3.1493577e+00   3.0089926e+00   2.6387286e+00   2.4264578e+00   4.6075218e+00   1.9071981e+00   4.5226879e+00   3.3681946e+00
   2.0000000e+00   2.0726687e+00   3.3069216e+00   2.7115220e+00   3.4479369e+00   3.7910957e+00   2.6958937e+00   3.8435492e+00   2.4713915e+00   3.7469103e+00   2.9977074e+00
   2.0000000e+00   1.9877057e+00   1.7218602e+00   3.5845324e+00   2.0160030e+00   2.3869595e+00   2.3734790e+00   3.3876417e+00   1.3862192e+00   2.7032142e+00   2.8417258e+00
   2.0000000e+00   2.3957432e+00   2.9290488e+00   1.9842337e+00   2.6638429e+00   2.1738716e+00   2.3698952e+00   2.6106454e+00   2.2119791e+00   3.9725312e+00   1.9101185e+00
   2.0000000e+00   2.5665393e+00   4.2712536e+00   1.6078394e+00   4.1583573e+00   4.1670983e+00   2.4602757e+00   3.4153051e+00   2.8467246e+00   1.5013559e+00   2.4459464e+00
   2.0000000e+00   3.5454547e+00   1.1363982e+00   1.3068782e+00   4.4542918e+00   2.4818414e+00   7.1390171e-01   2.8264638e+00   2.4343065e+00   4.3826886e+00   3.7010493e+00
   2.0000000e+00   2.7329758e+00   4.7429525e+00   2.7047305e+00   1.9534796e+00   3.1953948e+00   2.5403511e+00   4.2609901e+00   8.0498936e-01   2.6764185e+00   4.0954801e+00
   2.0000000e+00   1.0944307e+00   3.7267157e+00   2.1555052e+00   3.3825865e+00   3.2666501e+00   1.9378301e+00   1.7795735e+00   2.7610794e+00   3.3718580e+00   3.1460890e+00
   2.0000000e+00   4.1856835e+00   1.6727160e+00   4.2027360e+00   3.1456028e+00   3.2927886e+00   3.1132095e+00   2.9459709e+00   1.8264415e+00   2.4435467e+00   3.3638977e+00
   2.0000000e+00   2.6463301e+00   4.7800341e+00   2.8310950e+00   1.9003585e+00   2.5992903e+00   3.1809312e+00   4.4154889e+00   1.9756135e+00   3.2935964e+00   3.5576542e+00
   1.0000000e+00   3.0102610e+00   3.6498702e+00   3.8321082e+00   3.9345698e+00   2.5220006e+00   3.5013371e+00   5.0908932e+00   3.0243119e+00   4.7853386e+00   5.0135930e+00
   2.0000000e+00   2.4946166e+00   3.9024283e+00   7.7037493e-01   2.4766682e+00   2.0332914e+00   3.0255542e+00   3.1581045e+00   2.7752165e+00   2.5574705e+00   2.4181086e+00
   2.0000000e+00   3.3915180e+00   3.3036426e+00   2.3735279e+00   3.6184845e+00   4.6418828e+00   2.5710845e+00   3.4556085e+00   2.8970913e+00   3.2508512e+00   2.9121080e+00
   2.0000000e+00   2.7242174e+00   2.9558461e+00   2.0445474e+00   1.7571429e+00   2.9074609e+00   2.9138666e+00   3.2215094e+00   3.1565131e+00   2.2214091e+00   1.7826457e+00
   1.0000000e+00   2.2606992e+00   4.1639628e+00   3.8016044e+00   2.9784455e+00   1.8193366e+00   2.4471296e+00   1.7352707e+00   3.1728164e+00   2.8384875e+00   2.0914459e+00
   1.0000000e+00   2.4636100e+00   1.8531939e+00   3.4934723e+00   3.6890996e+00   4.1492079e+00   3.5744811e+00   2.2674464e+00   2.4188552e+00   3.2132254e+00   3.1393387e+00
   2.0000000e+00   5.4090855e+00   1.2924464e+00   5.8890319e+00   3.4847806e+00   3.5952884e+00   4.1560670e+00   3.0648536e+00   4.0851151e+00   3.0970191e+00   3.4874430e+00
   2.0000000e+00   2.8999638e+00   2.8025105e+00   4.9846412e+00   2.5021131e+00   1.9734598e+00   2.2409235e+00   2.4604482e+00   4.9996380e+00   4.2270585e+00   3.5450556e+00
   2.0000000e+00   2.5666070e+00   2.9541252e+00   4.4732473e+00   3.5397320e+00   1.3784560e+00   2.8999728e+00   3.0147493e+00   1.7036301e+00   4.2906683e+00   3.4443565e+00
   2.0000000e+00   2.3694743e+00   1.9989615e+00   2.5885456e+00   2.2553748e+00   3.4181103e+00   2.4770228e+00   3.6604083e+00   1.7772536e+00   3.9355241e+00   2.0406899e+00
   2.0000000e+00   3.4285810e+00   3.2268807e+00   2.8654440e-01   1.8819969e+00   3.2860288e+00   2.7710582e+00   3.8611082e+00   2.8144359e+00   2.9380120e+00   3.6116041e+00
   2.0000000e+00   2.6685363e+00   3.6985127e+00   3.5896759e+00   3.3147341e+00   3.2154376e+00   2.6948546e+00   1.6771839e+00   8.4269872e-01   2.8324675e+00   2.5058658e+00
   2.0000000e+00   3.6093920e+00   3.9654404e+00   2.9337019e+00   3.7376414e+00   8.3928900e-01   4.6530267e+00   2.5367197e+00   2.4305616e+00   4.4485411e+00   2.6887299e+00
   2.0000000e+00   3.2988216e+00   4.3140925e+00   2.7148504e+00   3.4209142e+00   3.5502660e+00   3.9660914e+00   2.7259429e+00   7.2494016e-01   2.2219110e+00   7.1790752e-01
   2.0000000e+00   2.8290544e+00   2.8343389e+00   4.6934824e+00   2.0327663e+00   3.4739571e+00   2.1827162e+00   4.3473223e+00   2.0662578e+00   3.3901125e+00   1.9430215e+00
   2.0000000e+00   2.0807953e+00   2.5335360e+00  -5.2875860e-02   3.5962195e+00   4.1822556e+00   4.2566817e+00   3.3646315e+00   1.6875983e+00   2.5475429e+00   1.1509674e+00
   2.0000000e+00   3.8622966e+00   2.8591636e+00   2.4971429e+00   3.1522697e+00   3.2726141e+00   3.5560323e+00   1.9948753e+00   3.2659960e+00   4.0142237e+00   2.6486194e+00
   2.0000000e+00   3.7372496e+00   2.5855066e+00   9.2688562e-01   3.0289719e+00   2.1386829e+00   2.0352473e+00   2.4043377e+00   2.6171958e+00   3.4730172e+00   2.0670183e+00
   2.0000000e+00   2.7050809e+00   2.9147086e+00   1.7269132e+00   2.7112414e+00   2.1201773e+00   4.0732873e+00   2.2683711e+00   3.3447962e+00   2.8787234e+00   2.5469397e+00
   1.0000000e+00   1.8516175e+00   4.0180422e+00   3.4067532e+00   2.7413476e+00   1.5787043e+00   1.2016892e+00   2.6063784e+00   3.7969346e+00   4.1587507e+00   3.2641523e+00
   2.0000000e+00   4.7275170e+00   2.9114440e+00   4.0016520e+00   4.0049611e+00   4.5951783e+00   3.2261713e+00   3.9372885e+00   3.9318177e+00   3.9788946e+00   1.6098377e+00
   2.0000000e+00   4.3182487e+00   2.9973087e+00   2.7018772e+00   2.4612483e+00   2.5717364e+00   4.7720392e+00   3.1600761e+00   1.8195490e+00   3.2631291e+00   3.7456415e+00
   2.0000000e+00   4.0737785e+00   1.5759970e+00   2.1653051e+00   2.2431955e+00   2.1971669e+00   1.6664713e+00   2.4953149e+00   4.1751492e+00   8.5904269e-01   3.9173230e+00
   2.0000000e+00   2.8858769e+00   2.0800350e+00   4.6493271e+00   3.1724761e+00   1.4204501e+00   2.2175953e+00   3.6404320e+00   2.7655607e+00   2.2516295e+00   2.8223672e+00
   2.0000000e+00   4.3373217e+00   4.9581902e+00   3.4664923e+00   3.5061817e+00   4.2569920e+00   1.8042813e+00   3.6390429e+00   4.3002394e+00   1.8351213e+00   2.8026515e+00
   2.0000000e+00   4.2045148e+00   2.5473053e+00   3.9305305e+00   2.8190617e+00   3.8676089e+00   3.2675330e+00   6.2081618e-01   4.0851546e+00   2.9524700e+00   2.8285414e+00
   2.0000000e+00   3.2552287e+00   7.5325016e-01   4.1099870e+00   4.5953832e+00   2.3335351e+00   1.3024142e+00   2.7724534e+00   2.5477540e+00   2.2847608e+00   3.6009007e+00
   2.0000000e+00   3.0258148e+00   2.7552171e+00   4.3409435e+00   3.9108710e+00   3.9556735e+00   2.9108540e+00   5.2430724e+00   4.8315411e+00   6.0126439e-01   3.0857986e+00
   2.0000000e+00   2.4640317e+00   1.7766543e+00   5.5729334e+00   4.1787590e+00   2.4123314e+00   1.5056134e+00   3.3920617e+00   4.1523255e+00   2.6355878e+00   2.2470802e+00
   1.0000000e+00   2.5006187e+00   2.2633422e+00   3.7523306e+00   4.1491302e+00   2.4397704e+00   3.0043167e+00   2.1787070e+00   3.2888109e+00   1.4416421e+00   2.2032425e+00
   1.0000000e+00   1.6682827e+00   3.4561289e+00   3.7079759e+00   2.7462105e+00   2.6056093e+00   2.9859794e+00   2.6700910e+00   2.5737345e+00   2.6894518e+00   2.5107400e+00
   1.0000000e+00   4.7480791e+00   4.4031737e+00   3.3691319e+00   2.3061193e-01   1.6927080e+00   3.3192847e+00   4.0622062e+00   3.3200421e+00   3.1406450e+00   2.4003686e+00
   2.0000000e+00   3.7778822e+00   4.1844029e+00   3.5967511e+00   4.2574782e+00   2.1180738e+00   3.1472647e+00   2.6424589e+00   4.6424274e+00   4.6924534e+00   2.5580270e+00
   2.0000000e+00   3.3183776e+00   1.3019389e+00   2.9800032e+00   2.4889181e+00   2.9934664e+00   1.5886018e+00   3.5964208e+00   2.2106615e+00   1.6584019e+00   3.1482620e+00
   1.0000000e+00   1.2861867e+00   4.7556123e+00   3.0085954e+00   4.9559963e+00   2.6295703e+00   3.5162172e+00   2.8762997e+00   2.0749760e+00   2.8437050e+00   2.3920737e+00
   1.0000000e+00   4.2419565e+00   1.3380776e+00   3.2447594e+00   3.2863522e+00   2.7393240e+00   3.8693362e+00   2.9848731e+00   3.3488610e+00   4.3621105e+00   3.8602956e+00
   2.0000000e+00   2.8508223e+00   4.7207524e+00   7.2434776e-01   1.8814984e+00   3.4288657e+00   3.0071748e+00   2.6994102e+00   3.4417402e+00   2.8032881e+00   2.6998130e+00
   2.0000000e+00   3.3405242e+00   2.1085426e+00   4.2096802e+00   1.6858167e+00   3.7122435e+00   4.6961744e+00   2.6479415e+00   3.7943372e+00   4.4160675e+00   3.3785252e+00
   1.0000000e+00   4.1068059e+00   2.7473596e+00   3.6999899e+00   2.4469801e+00   3.4087772e+00   1.8618365e+00   2.9008249e+00   3.5673442e+00   2.9966276e+00   2.5874212e+00
   2.0000000e+00   3.7516048e+00   5.6869682e+00   3.3135974e+00   2.8570110e+00   2.0978176e+00   4.6508705e+00   3.7575232e+00   1.9801025e+00   1.9909472e+00   3.6727401e+00
