   2.0000000e+00   1.2633153e+00   2.1490800e+00   4.8370838e+00   4.0558125e+00   2.9611911e+00   3.0923064e+00   1.5957393e+00   3.3264868e+00   3.2196126e+00   1.4980061e+00
   2.0000000e+00   4.2038338e+00   4.3809975e+00   1.8711726e+00   2.1045303e+00   3.0541842e+00   2.2211122e+00   2.8596804e+00   2.4467052e+00   4.3569113e+00   3.9444358e+00
   2.0000000e+00   4.4096429e+00   1.9206149e+00   1.2176953e+00   4.1819204e+00   4.5497425e+00   3.4088271e+00   3.1568177e+00   2.4375797e+00   1.4468962e+00   2.9855651e+00
   2.0000000e+00   3.6497681e+00   2.0463610e+00   3.6814685e+00   4.1452925e+00   3.0193049e+00   3.5209991e+00   1.5458387e+00   2.2768785e+00   2.1696206e+00   3.8891729e+00
   2.0000000e+00   3.5169614e+00   2.6339289e+00   1.5571432e+00   3.8326298e+00   5.2266089e+00   3.7309839e+00   4.2662948e+00   3.5761310e+00   3.4024231e+00   4.5596428e+00
   2.0000000e+00   3.3638918e+00   1.7612137e+00   3.6051867e+00   3.4360002e+00   3.9748827e+00   3.5636255e+00   4.0297932e+00   2.1058408e+00   2.4472824e+00   1.5666189e+00
   2.0000000e+00   2.7589071e+00   3.4988813e+00   2.2754506e+00   3.6636042e+00   3.6282252e+00   2.0036520e+00   4.8859842e+00   3.9401067e+00   2.5369022e+00   3.0231938e+00
   2.0000000e+00   3.0862358e+00   3.1546862e+00   2.9601270e+00   3.8207265e+00   2.0736021e+00   3.5430113e+00   3.3337205e+00   2.0502450e+00   2.7316628e+00   3.5417602e+00
   2.0000000e+00   2.5259166e+00   3.6648371e+00   2.8921643e+00   3.3456249e+00   1.5852497e+00   4.1129287e+00   2.6244792e+00   2.1202010e+00   2.1687466e+00   3.6993492e+00
   1.0000000e+00   1.4820178e+00   2.1564696e+00   3.4818559e+00   2.7594869e+00   4.6948370e+00   3.2675766e+00   1.9774577e+00   2.7441527e+00   1.7534201e+00   3.4016317e+00
   1.0000000e+00   3.9319403e+00   4.0821685e+00   3.0585072e+00   2.0964572e+00   2.9936772e+00   2.5151150e+00   2.9775837e+00   2.1127233e+00   2.4837911e+00   2.7543072e+00
   2.0000000e+00   3.8826945e+00   2.7178669e+00   4.2572531e+00   1.0917529e+00   1.6386145e+00   1.8761086e+00   4.7866533e+00   2.2616506e+00   3.1925296e+00   1.4304900e+00
   2.0000000e+00   2.4692651e+00   1.7627746e+00   1.7746039e+00   2.8976350e+00   2.4380433e+00   3.6258793e+00   3.5739766e+00   2.4182650e+00   3.0794629e+00   2.8454399e+00
   1.0000000e+00   2.8963401e+00   1.6722146e+00   3.0838432e+00   2.3055284e+00   4.5356226e+00   3.2277693e+00   4.4190641e+00   2.5074716e+00   3.7845613e+00   2.3125793e+00
   1.0000000e+00   3.0994497e+00   3.5684742e+00   3.1090325e+00   2.3470879e+00   2.7787434e+00   2.1095210e+00   3.6857736e+00   2.1703256e+00   1.6321013e+00   2.7796034e+00
   1.0000000e+00   2.4909431e+00   2.1355647e+00   3.1497165e+00   2.1777872e+00   4.1576223e+00   3.4060305e+00   3.8075898e+00   4.1438544e+00   1.4530503e+00   3.8030714e+00
   2.0000000e+00   3.6076575e+00   3.5944425e+00   1.8335655e+00   4.5382745e+00   2.3042867e+00   2.2399641e+00   2.7446948e+00   2.2187645e+00   1.3984872e+00   2.4726038e+00
   1.0000000e+00   9.3063039e-01   2.6976480e+00   3.7554596e+00   4.9024595e+00   3.5784757e+00   1.3527935e+00   2.5486131e+00   1.9973534e+00   4.2448660e+00   2.9705020e+00
   2.0000000e+00   3.5200523e+00   3.0106977e+00   2.0666935e+00   2.3416288e+00   2.8897275e+00   2.3943794e+00   2.7042747e+00   1.9857276e+00   1.6296944e+00   4.1141894e+00
   2.0000000e+00   4.3840687e+00   3.9400956e+00   2.3188422e+00   2.0206520e+00   1.9654708e+00   3.7892647e+00   4.4681683e+00   1.2465586e+00   2.4452245e+00   4.0374763e+00
   2.0000000e+00   2.5712087e+00   3.6897379e+00   2.8352057e+00   2.8774994e+00   3.6640392e+00   3.5691392e+00   3.0638826e+00   4.2161615e+00   3.2894392e+00   3.7357287e+00
   2.0000000e+00   1.9541650e+00   3.5274669e+00   2.9957608e+00   5.1446564e+00   3.2528212e+00   3.3312507e+00   2.0202168e+00   1.4084548e+00   2.7043148e+00   3.8192333e+00
   2.0000000e+00   2.3931312e+00   4.7809429e+00   3.7741506e+00   3.0019461e+00   4.2399475e+00   1.3774193e+00   2.7177054e+00   3.4396459e+00   4.6829565e+00   1.4195076e+00
   2.0000000e+00   2.4523618e+00   2.0800427e+00   3.6140908e+00   2.0363757e+00   2.0435182e+00   3.9005656e+00   2.6398937e+00   2.1123949e+00   2.1915074e+00   4.5955005e+00
   2.0000000e+00   3.7775022e+00   2.8093861e+00   4.3718764e+00   2.9350122e+00   3.5630247e+00   2.6179779e+00   2.8039881e+00   4.9249202e+00   3.3775886e+00   3.5042762e+00
   1.0000000e+00   2.4127363e+00   1.8575409e+00   3.1317380e+00   4.4341635e+00   3.8375033e+00   3.6223312e+00   3.2129321e+00   2.3776357e+00   2.5071448e+00   3.6887510e+00
   1.0000000e+00   4.1993152e+00   2.9196332e+00   3.3298774e+00   3.1615490e+00   2.2244573e+00   2.4067718e+00   2.9111746e+00   2.0614797e+00   4.5110548e+00   3.0926394e+00
   2.0000000e+00   2.0997866e+00   2.7350023e+00   2.9619519e+00   4.9221220e+00   2.0685447e+00   2.6182828e+00   3.3397065e+00   3.2508406e+00   2.0009566e+00   3.7450858e+00
   2.0000000e+00   3.2636956e+00   3.8911975e+00   2.5649656e+00   2.1568902e+00   2.7777755e+00   3.6951656e+00   1.5264061e+00   1.9472925e+00   3.1723292e+00   1.3298421e+00
   2.0000000e+00   1.4748833e+00   2.1608284e+00   1.8887238e+00   1.7756567e+00   3.1057276e+00   5.5662035e+00   1.5094417e+00   3.2572562e+00   3.6007475e+00   4.2257539e+00
   1.0000000e+00   3.0321582e+00   1.9198250e+00   3.3903465e+00   3.2708336e+00   3.9115743e+00   4.0458661e+00   3.2296251e+00   2.1283408e+00   4.3033985e+00   2.4290585e+00
   1.0000000e+00   3.9289076e+00   3.5927995e+00   3.2343347e+00   2.6898664e+00   2.4732041e+00   3.3819009e+00   2.2565925e+00   2.8543915e+00   2.9421313e+00   2.8851283e+00
   2.0000000e+00   1.9681292e+00   1.0026186e+00   1.5635378e+00   2.4838110e+00   3.0796349e+00   3.2299515e+00   2.6904852e+00   3.1670294e+00   1.7895778e+00   2.0789465e+00
   1.0000000e+00   3.5074520e+00   4.7249412e+00   3.5415567e+00   2.5433508e+00   2.1252891e+00   3.1094393e+00   2.6328883e+00   2.4277786e+00   2.3111703e+00   3.3893413e+00
   2.0000000e+00   3.3251705e+00   3.2399787e+00   2.3087568e+00   3.5633821e+00   3.6463941e+00   3.0976585e+00   3.0589300e+00   3.1242552e+00   2.7840131e+00   3.5140021e+00
   2.0000000e+00   2.9278041e+00   2.3806427e+00   2.5677365e+00   2.1473984e+00   4.4741495e+00   2.5189482e+00   2.2271151e+00   1.6824607e+00   3.4382494e+00   3.1162265e+00
   2.0000000e+00   3.0039280e+00   3.7661197e+00   2.5625853e+00   3.0369812e+00   3.4257888e+00   1.0539001e+00   4.2609231e+00   2.8805556e+00   3.2628680e+00   3.6676941e+00
   1.0000000e+00   4.0278386e+00   4.2182698e+00   3.5858110e+00   2.2497317e+00   5.3899008e+00   4.6914038e+00   2.1872127e+00   2.8639262e+00   3.0051869e+00   2.1931145e+00
   2.0000000e+00   2.2678332e+00  -1.4661446e-01   2.9034715e+00   2.1751523e+00   2.4594990e+00   3.9777402e+00   2.9815205e+00   2.2714702e+00   2.4164193e+00   2.0793976e+00
   2.0000000e+00   3.3989120e+00   3.0840449e+00   2.0719971e+00   3.0205420e+00   4.6596729e+00   2.0690864e+00   1.3627795e+00   3.2832497e+00   3.1073091e+00   2.2981226e+00
   2.0000000e+00   1.5576891e+00   2.4189277e+00   1.9806241e+00   3.6119859e+00   1.2514307e+00   2.3471903e+00   2.6426400e+00   3.4566968e+00   3.6533043e+00   3.1699113e+00
   2.0000000e+00   2.2235412e+00   2.5633877e+00   3.1663122e+00   2.9079413e+00   2.3936523e+00   3.6223782e+00   2.4004975e+00   2.8578381e+00   3.2087287e+00   1.1938159e+00
   2.0000000e+00   2.3218360e+00   3.9778111e+00   2.0537627e+00   3.6641721e+00   2.2136400e+00   2.8101936e+00   2.9456020e+00   4.2834807e+00   4.3699349e+00   4.3938991e+00
   2.0000000e+00   2.5594058e+00   2.1451644e+00   2.1691176e+00   4.6149470e+00   1.9276653e+00   3.2385892e+00   2.9758869e+00   3.8904387e+00   3.3656727e+00   1.7218061e+00
   2.0000000e+00   2.2762191e+00   4.6477345e+00   2.3689572e+00   3.9892979e+00   1.8981253e+00   2.5313677e+00   2.8922813e+00   2.5980569e+00   4.3826305e+00   2.9739530e+00
   2.0000000e+00   3.8365134e+00   3.1652478e+00   2.0288544e+00   3.4433205e+00   6.1028464e-01   4.3329619e+00   4.0797590e+00   3.6746763e+00   2.4038373e+00   4.0744180e+00
   2.0000000e+00   2.9697334e+00   2.1886101e+00   3.0372921e+00   5.3141315e+00   3.6444470e+00   5.4645694e+00   4.6971847e+00   2.0439043e+00   4.2623487e+00   1.5278370e+00
   2.0000000e+00   2.5665312e+00   3.5752723e+00   4.0723070e+00   2.9722633e+00   3.9494096e+00   5.4971635e+00   1.2553359e+00   3.9993724e+00   4.2730016e+00   5.9513266e-01
   2.0000000e+00   2.7233308e+00   2.3907870e+00   1.9241131e+00   3.2026310e+00   4.4198681e+00   2.4453779e+00   3.1767639e+00   3.4006331e+00   3.8056443e+00   1.9367743e+00
   1.0000000e+00   3.0137624e+00   1.6083149e+00   3.2018578e+00   2.5819404e+00   3.2457926e+00   4.1399962e+00   3.7218941e+00   2.7233536e+00   3.4954303e+00   2.7368141e+00
   2.0000000e+00   1.4643129e+00   2.3913826e+00   1.7268144e+00   4.5102162e+00   3.9017117e+00   2.7479731e+00   1.1662431e+00   3.0257706e+00   1.4683876e+00   4.3805662e+00
   2.0000000e+00   3.2033192e+00   2.6554786e+00   2.3008832e+00   3.0176151e+00   3.9743351e+00   3.3048304e+00   1.8601142e+00   2.9691299e+00   3.3102017e+00   3.9379021e+00
   2.0000000e+00   3.2100378e+00   3.4670541e+00   5.6883070e+00   2.6747941e+00   3.5010114e+00   3.8573434e+00   3.0856732e+00   2.9588370e+00   2.8239232e+00   4.0081365e+00
   2.0000000e+00   3.0546450e+00   1.0288723e+00   2.7944691e+00   3.1747278e+00   1.3676174e+00   3.0648956e+00   4.0085244e+00   1.3153283e+00   3.8075379e+00   8.8777385e-01
   2.0000000e+00   2.6334184e+00   4.1012009e+00   6.5500703e+00   1.8062348e+00   4.0225268e+00   2.1923695e+00   2.5649067e+00   2.1665564e+00   2.4520414e+00   2.8348503e+00
   1.0000000e+00   2.8712185e+00   5.3954024e+00   3.8819637e+00   2.9998829e+00   3.8964584e+00   3.6579346e+00   2.1276569e+00   2.1676753e+00   4.2007770e+00   2.6778979e+00
   2.0000000e+00   1.3745859e+00   3.1174079e+00   2.9145190e+00   3.9641491e+00   2.2209908e+00   3.5308491e+00   3.5477014e+00   3.0315945e+00   1.8218756e+00   3.4243826e+00
   2.0000000e+00   2.9390772e+00   2.9368900e+00   4.2992030e+00   3.2392155e+00   3.7751693e+00   3.0299622e+00   3.0566106e+00   3.6430778e+00   3.4585188e+00   5.0060078e+00
   2.0000000e+00   2.3313205e+00   4.1575517e+00   1.8109959e+00   4.1967361e+00   4.3542055e+00   2.5524658e+00   1.9261379e+00   2.8431399e+00   3.1448191e+00   3.3626278e+00
   1.0000000e+00   2.2964543e+00   4.5381201e+00   3.6699814e+00   3.3498661e+00   1.6457414e+00   3.7779978e+00   3.9395423e+00   3.8489054e+00   3.1488598e+00   3.1765455e+00
   2.0000000e+00   2.6443547e+00   8.4801156e-01   2.5061005e+00   2.1022324e+00   2.5437643e+00   4.1388355e+00   2.1797755e+00   1.9654953e+00   3.1451461e+00   3.6746564e+00
   2.0000000e+00   2.7286399e+00   3.9091925e+00   4.1548995e+00   3.4330800e+00   2.3022017e+00   4.0843938e+00   2.5254247e+00   2.2760585e+00   4.1578374e+00   2.3090571e+00
   2.0000000e+00   3.3325816e+00   1.9764465e+00   2.6205595e+00   4.2105412e+00   3.3474594e+00   3.7618592e+00   4.4771630e+00   6.1022585e-01   3.3265517e+00   3.1134662e+00
   2.0000000e+00   1.9244232e+00   1.5175925e+00   3.6780456e+00   2.2499868e+00   3.3627561e+00   3.2036944e+00   3.9650377e+00   3.7516148e+00   3.5548173e+00   2.0982802e+00
   2.0000000e+00   3.3608462e+00   3.4761559e+00   2.5856580e+00   3.6037013e+00   2.4524915e+00   6.4041207e+00   2.5434470e+00   1.4232608e+00   1.0660981e+00   3.3891768e+00
   2.0000000e+00   3.7452673e+00   2.1956094e+00   2.3356313e+00   4.5864188e+00   3.6690853e+00   3.4566277e+00   2.8646105e+00   3.8948496e+00   2.9880760e+00   3.0753006e+00
   2.0000000e+00   2.7801164e+00   3.0604631e+00   1.6325125e+00   2.7141280e+00   2.0571233e+00   3.3750374e+00   1.6754990e+00   1.1641018e+00   4.5549000e+00   1.9119668e+00
   2.0000000e+00   1.2911437e+00   2.4744225e+00   6.8941967e+00   7.3578455e-01   3.2693020e+00   3.0399067e+00   4.1465716e+00   4.1956321e+00   2.1409167e+00   1.8194335e+00
   2.0000000e+00   3.0600996e+00   3.0132782e+00   3.3734792e+00   2.8932370e+00   1.6496289e+00   3.0658875e+00   4.3965581e+00   2.9984950e+00   4.1393139e+00   1.5046436e+00
   2.0000000e+00   2.2279281e+00   2.9818745e+00   4.0239439e+00   3.8305658e+00   3.8060123e+00   3.9997417e+00   4.6562676e+00   2.8853883e+00   2.8513391e+00   1.5739476e+00
   2.0000000e+00   3.4989124e+00   3.6206962e+00   2.4413499e+00   4.3827759e+00   2.2637695e+00   1.6300136e+00   3.7877084e+00   2.7492439e+00   1.5803068e+00   2.8000300e+00
   2.0000000e+00   2.6220352e+00   1.7845603e+00   2.0933121e+00   1.9194105e+00   3.2097243e+00   7.8525850e-01   3.6073529e+00   2.5955370e+00   2.1150530e+00   3.0112235e+00
   2.0000000e+00   1.5561110e+00   3.8066192e+00   2.2726880e+00   1.8440816e+00   3.6348970e+00   3.5223822e+00   2.6069339e+00   2.3610342e+00   3.1972872e+00   1.5202804e+00
   1.0000000e+00   2.0093321e+00   3.2073151e+00   3.1068616e+00   2.1297077e+00   4.0623808e+00   2.6423985e+00   1.2145524e+00   4.8608203e+00   2.9732827e+00   3.6455110e+00
   2.0000000e+00   2.2681405e+00   1.5437654e+00   5.8404381e+00   2.3860161e+00   4.7892485e+00   3.3523912e+00   1.9832329e+00   4.7770069e+00   4.1049712e+00   2.5019529e+00
   2.0000000e+00   2.1739546e+00   3.9585022e+00   2.6643225e+00   2.7255965e+00   3.2276957e+00   2.5114125e+00   3.0189556e+00   1.4445652e-01   2.1430297e+00   5.0992678e+00
   2.0000000e+00   3.3439059e+00   3.5899754e+00   1.2954140e+00   1.5801912e+00   2.7296397e+00   4.0685705e+00   3.0770483e+00   2.6726214e+00   3.4050452e+00   3.6067337e+00
   2.0000000e+00   2.7733898e+00   4.5325164e+00   2.3711001e+00   1.9039323e+00   1.9411286e+00   2.2051122e+00   3.3446409e+00   3.1500158e+00   3.2637158e+00   2.7431021e+00
   2.0000000e+00   4.6044396e+00   4.0696671e+00   2.1540964e+00   4.5975080e+00   2.7711824e+00   3.1797760e+00   2.7677020e+00   2.7146067e+00   3.3175734e+00   2.1948050e+00
   1.0000000e+00   4.7525964e+00   2.7573356e+00   3.1301296e+00   2.2477214e+00   2.0974652e+00   2.7185263e+00   3.1604082e+00   1.8138480e+00   4.9049246e+00   2.9503983e+00
   2.0000000e+00   2.8929048e+00   9.4271574e-01   3.4920266e+00   5.1353043e+00   2.1159908e+00   2.5728213e+00   3.3228603e+00   2.4451456e+00   2.7913382e+00   4.7951263e+00
   2.0000000e+00   3.3494344e+00   3.5678721e+00   6.0758178e+00   2.5290376e+00   4.1121126e+00   3.5624507e+00   4.9768274e+00   3.5962006e+00   2.4780874e+00   2.0883179e+00
   2.0000000e+00   3.2963524e+00   1.8945522e+00   2.4354600e+00   4.5054976e+00   1.0845406e+00   2.5709297e+00   2.0780530e+00   2.4181522e+00   3.4289114e+00   2.1562143e+00
   2.0000000e+00   2.2658619e+00   3.1511107e+00   3.5059123e+00   4.6245878e+00   1.6000989e-01   1.1250669e+00   5.2757145e-01   2.1165183e+00   2.4069113e+00   1.6931731e+00
   2.0000000e+00   2.9899265e+00   2.3793393e+00   1.5026573e+00   1.8505045e+00   4.1269308e+00   2.1996241e+00   1.8542509e+00   2.4405720e+00   3.5767286e+00   1.4129709e+00
   2.0000000e+00   3.4724075e+00   3.5646946e+00   1.9674438e+00   3.7582870e+00   2.3817940e+00   3.9999581e+00   3.9695655e+00   4.1051302e+00   4.0962644e+00   2.1012742e+00
   2.0000000e+00   7.6565890e-01   2.7490447e+00   3.4597794e+00   3.8583037e+00   3.5367931e+00   1.8949697e+00   4.4047958e+00   2.1851171e+00   1.3069336e+00   4.5871757e+00
   2.0000000e+00   3.0624512e+00   2.2024716e+00   2.3640391e+00   2.5940568e+00   1.5904316e+00   2.5957641e+00   2.3387004e+00   2.4861992e+00   3.8935014e+00   2.6771816e+00
   1.0000000e+00   4.2092862e+00   3.7448582e+00   3.3817231e+00   2.7295513e+00   3.7519050e+00   3.9938202e+00   3.7528979e+00   3.2044623e+00   4.4853866e+00   3.2513379e+00
   2.0000000e+00   1.9911753e+00   1.3238321e+00   2.7695633e+00   4.4449562e+00   5.2129666e+00   2.1287015e+00   3.7684319e+00   4.0395283e+00   2.8923085e+00   6.1949707e+00
   2.0000000e+00   2.5928168e+00   1.8260315e+00   3.4082333e+00   2.8883968e+00   1.9460054e+00   2.3879545e+00   3.7465825e+00   4.1073280e+00   4.6926273e+00   1.0884663e+00
   2.0000000e+00   3.9844925e+00   4.8056334e+00   2.8228804e+00   1.3630289e+00   2.9094827e+00   4.3661762e+00   2.0604414e+00   1.3873175e+00   2.1236794e+00   2.7020225e+00
   2.0000000e+00   3.6376561e+00   3.4785874e+00   2.0644190e+00   2.0012368e+00   3.3622174e+00   3.3836920e+00   3.2588369e+00   4.0610217e+00   8.7605936e-01   5.0207598e+00
   1.0000000e+00   2.7047028e-01   1.7433832e+00   3.2258952e+00   2.8518910e+00   2.0591079e+00   2.1467390e+00   3.2495407e+00   4.0817788e+00   3.3328779e+00   3.2808655e+00
   2.0000000e+00   4.2105532e+00   3.3129220e+00   2.7223883e+00   2.4515518e+00   4.1316443e+00   1.1540913e+00   3.4812502e+00   3.4343182e+00   3.3190718e+00   3.6229027e+00
   2.0000000e+00   3.4003698e+00   3.6384759e+00   4.0239891e+00   2.4647239e+00   2.6505901e+00   2.3493514e+00   4.6430834e+00   2.9026944e+00   1.2356975e+00   2.8789877e+00
   2.0000000e+00   2.9175136e+00   2.9492421e+00   1.5380886e+00   3.3561407e+00   3.2538726e+00   4.4021769e+00   3.4136178e+00   3.3408512e+00   5.2065603e+00   2.5505948e+00
   2.0000000e+00   1.5230297e+00   5.5049936e+00   4.0208955e+00   1.3634029e+00   1.9618889e+00   3.6903979e+00   3.1533341e+00   4.6381120e+00   3.3602041e+00   3.4100718e+00
   2.0000000e+00   4.3146645e+00   9.6275613e-01   2.7456779e+00   2.3426821e+00   3.8928452e+00   3.0318827e+00   3.9489873e+00   2.8725832e+00   2.9678967e+00   1.9270411e+00
   2.0000000e+00   5.3775328e+00   2.5289915e+00   4.4991688e+00   3.6237852e+00   2.7677361e+00   1.9476341e+00   2.9022036e+00   2.8911917e+00   2.5844472e+00   1.9321587e+00
