   2.0000000e+00   1.6354739e+00   2.6750111e+00   2.9867208e+00   4.8261499e+00   1.8741467e+00   4.7015987e+00   4.1631304e+00   3.5074840e+00   3.8763558e+00   2.9026831e+00
   2.0000000e+00   3.5765386e+00   2.8373912e+00   3.2463348e+00   2.3741846e+00   3.3620454e+00   1.5620983e+00   1.9547343e+00   3.1095942e+00   1.9738597e+00   3.3231279e+00
   2.0000000e+00   2.0471141e+00   4.4945161e+00   3.4552085e+00   3.2487484e+00   3.5831117e+00   3.3779938e+00   1.8848905e+00   3.7398678e+00   3.1983423e+00   2.1807602e+00
   2.0000000e+00   2.9665173e+00   5.6292553e-01   1.8092430e+00   2.9766834e+00   2.9476557e+00   2.7145292e+00   2.5009482e+00   2.8242107e+00   1.8363174e+00   1.3068382e+00
   2.0000000e+00   2.6032748e+00   3.3646898e+00   3.8336658e+00   2.8066563e+00   2.7651860e+00   1.6982764e-01   5.8410799e+00   2.0412678e+00   4.1141405e+00   3.3889154e+00
   2.0000000e+00   3.3223090e+00   4.9805587e+00   4.4664551e+00   1.8868716e+00   2.2286201e+00   3.1229057e+00   4.2135252e+00   2.4221725e+00   3.9616821e+00   4.1325628e+00
   2.0000000e+00   4.9817369e+00   2.1998206e+00   2.0806349e+00   2.5559744e+00   2.8345930e+00   2.0705808e+00   3.5053056e+00   2.6159532e+00   4.1711077e+00   2.8442117e+00
   2.0000000e+00   3.2996317e+00   3.7535709e+00   3.7783261e+00   3.6621228e+00   2.2837460e+00   3.9690318e+00   4.6551964e+00   3.4098628e+00   4.7249048e+00   4.1564813e+00
   2.0000000e+00   1.9051527e+00   2.3724574e+00   2.7121949e+00   3.7542062e+00   3.3659368e+00   3.6517463e+00   3.0587821e+00   2.1737014e+00   3.2582835e+00   3.1860159e+00
   2.0000000e+00   2.8425782e+00   3.8804848e+00   2.7088252e+00   2.0605139e+00   1.4375046e+00   1.3250659e+00   2.6041815e+00   3.1746534e+00   1.5767398e+00   4.2314395e+00
   2.0000000e+00   1.5150122e+00   1.3875308e+00   2.6244372e+00   3.1277352e+00   1.1446665e+00   2.5572946e+00   2.7086396e+00   4.3641974e+00   3.3174722e+00   2.2737487e+00
   2.0000000e+00   2.5646473e+00   1.5823842e+00   2.3867280e+00   3.5379459e+00   5.1147206e+00   3.1652337e+00   3.4075487e+00   1.6357319e+00   4.9996525e+00   2.3737238e+00
   2.0000000e+00   2.3109906e+00   2.1220694e+00   2.8926750e+00   4.3482820e+00   2.4528833e+00   3.2065750e+00   3.7104106e+00   2.5096627e+00   5.2072496e+00   3.4644346e+00
   2.0000000e+00   4.9856272e+00   4.0888843e+00   1.6687928e+00   3.5031743e+00   2.8900064e+00   4.4310251e+00   2.6682670e+00   2.3651409e+00   3.4477931e+00   4.2351192e+00
   2.0000000e+00   2.6014651e+00   4.1215549e+00   2.4512797e+00   9.5629456e-01   2.7515691e+00   2.0178305e+00   2.8183821e+00   1.7470417e+00   4.0928268e+00   3.1516237e+00
   2.0000000e+00   3.3770842e+00   2.3407831e+00   3.0493651e+00   2.3370834e+00   2.0144243e+00   3.0382133e+00   3.2495619e+00   2.3634268e+00   3.0962991e+00   4.1095530e+00
   2.0000000e+00   4.0067759e+00   1.5668650e+00   4.5814015e+00   2.2852248e+00   4.6916526e+00   3.1483000e+00   2.5644666e+00   2.3510222e+00   1.9619873e+00   2.9427830e+00
   2.0000000e+00   2.1915419e+00   3.7098978e+00   2.5558034e+00   2.5582671e+00   3.9612987e+00   2.1139923e+00   1.8158295e+00   4.7731478e+00   3.7531824e+00   1.2405989e+00
   2.0000000e+00   2.6379240e+00   4.4474953e+00   2.0287901e+00   2.5457592e+00   2.5561047e+00   4.1370295e+00   2.4458576e+00   2.6859296e+00   3.1501383e+00   1.7343404e+00
   2.0000000e+00   1.1662359e+00   1.8313799e+00   2.3481660e+00   4.0213899e+00   3.6372707e+00   1.6129288e+00   3.9684022e+00   3.1948019e+00   2.2118361e+00   3.6848544e+00
   2.0000000e+00   1.9357066e+00   2.8384642e+00   1.2537474e+00   3.0818446e+00   3.7664057e+00   3.5822570e+00   6.4918170e+00   2.9689978e+00   2.8241831e+00   3.7639569e+00
   1.0000000e+00   3.5004482e+00   3.6359579e+00   2.2513020e+00   4.9375597e+00   2.0644079e+00   2.1268058e+00   1.9456310e+00   3.4621199e+00   3.5468116e+00   2.9850607e+00
   2.0000000e+00   3.6923534e+00   2.7515039e+00   2.2468295e+00   3.4237852e+00   4.5311217e+00   3.4952960e+00   4.6817121e+00   4.4140431e+00   2.3845936e+00   2.7086751e+00
   2.0000000e+00   2.6352278e+00   2.6907811e+00   3.3804080e+00   2.7562183e+00   3.4182157e+00   2.0454229e+00   3.6486781e+00   1.8087312e+00   5.5782069e+00   3.4878896e+00
   2.0000000e+00   2.2274869e+00   4.0954626e+00   3.6677949e+00   3.8051028e+00   4.0407310e+00   3.3068745e+00   3.4906637e+00   3.3731662e+00   2.3221130e+00   2.2457210e+00
   2.0000000e+00   3.1791157e+00   3.5406925e+00   2.6957241e+00   2.4034535e+00   3.0545850e+00   8.7240786e-01   1.9758518e+00   3.5228935e+00   2.5594186e+00   2.9819074e+00
   2.0000000e+00   3.1574986e+00   1.2656462e+00   4.5938968e+00   2.4787291e+00   3.5943725e+00   1.5110262e+00   3.4172642e+00   2.3989511e+00   4.6658612e+00   1.7020893e+00
   2.0000000e+00   2.8174976e+00   2.4420554e+00   1.6990645e-01   2.8612089e+00   1.4981963e+00   2.3417949e+00   1.5304144e+00   3.4841169e+00   2.4384053e+00   3.3772648e+00
   2.0000000e+00   3.8110080e+00   5.1828444e+00   1.2939323e+00   1.6694936e+00   4.3951596e+00   3.1725071e+00   4.3167228e+00   3.3277466e+00   1.1185114e+00   1.4699329e+00
   2.0000000e+00   2.1253969e+00   2.3577977e+00   3.2934302e+00   2.5649737e+00   8.4909237e-01   3.1457429e+00   4.0446101e+00   4.5378531e+00   4.3247075e+00   3.3579184e+00
   2.0000000e+00   2.8036196e+00   3.9938749e+00   3.8969016e+00   2.0302318e+00   1.3964970e+00   2.9596189e+00   3.7656574e+00   2.5916528e+00   3.6564136e+00   4.4059317e+00
   1.0000000e+00   3.1002285e+00   3.3355217e+00   3.7831937e+00   2.1884745e+00   3.0796532e+00   2.1153481e+00   2.9121684e+00   2.5350601e+00   4.4513211e+00   3.7218361e+00
   1.0000000e+00   5.4006517e+00   3.2257200e+00   4.5086678e+00   2.4671932e+00   2.1000299e+00   2.5136256e+00   3.7260336e+00   5.2093162e+00   2.4748628e+00   2.3733707e+00
   2.0000000e+00   4.2243289e+00   2.1198511e+00   3.8332740e+00   1.3876987e+00   3.0853733e+00   1.5025064e+00   3.5486985e+00   2.5319803e+00   3.2017837e+00   2.2173273e+00
   1.0000000e+00   2.9990257e+00   3.9310254e+00   2.1103387e+00   2.4830427e+00   3.8861078e+00   1.7314366e+00   3.6150669e+00   5.0522803e+00   1.8204816e+00   2.6639065e+00
   2.0000000e+00   2.5842770e+00   2.3741315e+00   1.2979241e+00   3.0045265e+00   3.8403002e+00   3.4145448e-01   8.0434509e-01   4.0564136e+00   3.9594102e+00   5.5844333e+00
   2.0000000e+00   1.8720964e+00   5.4797347e+00   2.9686637e+00   4.5468250e+00   3.4421138e+00   3.1813467e+00   3.4154574e+00   3.5520733e+00   3.5771886e+00   4.8654147e+00
   2.0000000e+00   3.3252767e+00   2.2066572e+00   3.3919903e+00   4.3916584e+00   3.7272306e+00   3.1402865e+00   4.8186407e+00   1.9767218e+00   2.3158461e+00   3.3210992e+00
   1.0000000e+00   2.1149560e+00   3.1176500e+00   2.8419132e+00   2.7394082e+00   3.8269838e+00   3.2256016e+00   2.6881912e+00   3.9170927e+00   1.7708769e+00   3.2156406e+00
   2.0000000e+00   2.8104838e+00   2.4640800e+00   9.5613041e-01   2.7992895e+00   3.8437224e+00   1.7930784e+00   1.9124281e+00   4.4297520e+00   3.9864267e+00   3.3867897e+00
   2.0000000e+00   9.7256847e-02   3.1611585e+00   3.1374079e+00   4.2062721e+00   3.7803487e+00   3.3196693e+00   3.7337690e+00   2.9032906e+00   1.9726111e+00   5.0212412e+00
   1.0000000e+00   3.7509012e+00   3.4803141e+00   4.4161912e+00   3.2583608e+00   3.9486461e+00   3.3621495e+00   2.2426756e+00   2.1635994e+00   2.9450386e+00   3.3637183e+00
   2.0000000e+00   2.9058387e+00   1.5784804e+00   7.6249520e-01   1.8453551e+00   3.6705157e+00   3.1824859e+00   3.7212623e+00   3.2799273e+00   2.5508890e+00   2.6781207e+00
   2.0000000e+00   3.1591259e+00   3.0219467e+00   2.1959699e+00   2.6173443e+00   3.6783063e+00   5.4756800e+00   1.7249911e+00   3.2911148e+00   2.6396775e+00   1.4800839e+00
   2.0000000e+00   2.7421081e+00   3.2645241e+00   4.2369819e+00   2.6689553e+00   3.1741318e+00   2.0918000e+00   2.7992262e+00   5.1271413e+00   8.8883173e-01   4.6282507e+00
   2.0000000e+00   4.3617672e+00   2.0711604e+00   1.1761109e+00   1.5953375e+00   3.0154436e+00   2.8055537e+00   2.9516379e+00   1.4040422e+00   2.2856199e+00   2.9428711e+00
   2.0000000e+00   2.8723032e+00   4.0438375e+00   3.5800261e+00   2.7367360e+00   3.0721687e+00   1.6410282e+00   1.8650008e+00   2.5883699e+00   3.6797904e+00   3.3671596e+00
   1.0000000e+00   3.5401015e+00   3.5981341e+00   2.4577188e+00   4.6080595e+00   2.7976437e+00   4.2362829e+00   3.3905266e+00   3.9632752e+00   3.8994661e+00   3.7805925e+00
   2.0000000e+00   3.1640188e+00   4.0163994e+00   3.2677572e+00   3.8095868e+00   5.3586101e+00   4.6725903e+00   3.1611138e+00   3.5583509e+00   3.1905639e+00   1.4337815e+00
   2.0000000e+00   3.2192740e+00   3.5953045e+00   4.8290207e+00   4.2145700e+00   5.5864304e+00   1.4278869e+00   4.6599840e+00   3.1870342e+00   4.4639155e+00   3.9078183e+00
   2.0000000e+00   3.3246193e+00   2.8805092e+00   3.7765930e+00   3.0862657e+00   2.3155807e+00   2.8682558e+00   2.2148846e+00   4.5949166e+00   2.2589844e+00   3.4034588e+00
   2.0000000e+00   2.3366814e+00   1.4640212e+00   2.8552692e+00   3.0178153e+00   3.7745641e+00   4.9700122e+00   1.1027533e+00   2.3647786e+00   3.4389683e+00   4.8744325e+00
   2.0000000e+00   4.1351911e+00   2.8116291e+00   3.4249054e+00   4.1140003e+00   2.4754238e+00   3.1849507e+00   3.1003322e+00   3.4682626e+00   3.3604752e+00   2.4126459e+00
   2.0000000e+00   7.7066554e-01   1.7745498e+00   2.6286431e+00   2.6551912e+00   2.8730721e+00   3.0558427e+00   3.1055168e+00   2.8604435e+00   2.5965794e+00   2.2864787e+00
   2.0000000e+00   3.3037330e+00   3.2013838e+00   2.9337665e+00   3.3194939e+00   3.7380003e+00   3.6157524e+00   3.6867234e+00   3.6966454e+00   1.0259666e+00   5.5545435e+00
   2.0000000e+00   2.7049759e+00   2.4978603e+00   3.0839519e+00   2.2102985e+00   3.7304540e+00   3.6816819e+00   3.4873804e+00   1.9346240e+00   2.5777788e+00   3.3166076e+00
   2.0000000e+00   3.3587272e+00   2.9634596e+00   2.4820130e+00   1.0654494e+00   4.3068195e+00   1.8925093e+00   3.9835856e+00   3.5014657e+00   2.6909495e+00   3.5067246e+00
   1.0000000e+00   3.1341966e+00   3.0543473e+00   2.9434137e+00   2.4376805e+00   1.2072394e+00   3.2615072e+00   3.5548769e+00   3.7193429e+00   3.3210693e+00   3.7636154e+00
   2.0000000e+00   2.6361388e+00   5.2390384e+00   4.0129906e+00   3.1831723e+00   1.1658359e+00   2.4647854e+00   3.2056135e+00   3.0779827e+00   3.1618244e+00   1.8524849e+00
   2.0000000e+00   1.1395141e+00   2.3743103e+00   3.6424227e+00   3.9983724e+00   4.2128920e+00   1.5107855e+00   3.6039211e+00   3.3217869e+00   4.3840307e+00   3.8613273e+00
   2.0000000e+00   2.6369642e+00   4.1071550e+00   2.5165085e+00   3.1352457e+00   2.8084590e+00   1.8159378e+00   4.7071029e+00   2.5529547e+00   4.8938616e+00   4.1039641e+00
   2.0000000e+00   2.8446915e+00   2.6398088e+00   1.6762786e+00   1.6863858e+00   3.6522438e+00   3.0393363e+00   2.1895512e+00   3.7473344e+00   5.1930262e-01   1.9252047e+00
   2.0000000e+00   1.6136086e+00   1.7453340e+00   2.5095506e+00   3.7931393e+00   4.6134747e+00   2.7025157e+00   2.0488359e+00   3.6736926e+00   1.9982690e+00   3.8944734e+00
   2.0000000e+00   2.6667311e+00   4.1557918e+00   1.9995192e+00   3.0105686e+00   2.5811256e+00   1.8724379e+00   2.5142908e+00  -2.2617448e-01   2.4644320e+00   1.3829768e+00
   2.0000000e+00   3.0842637e+00   1.2726432e+00   2.1403551e+00   2.3413196e+00   2.4891520e+00   3.5465099e+00   4.4001505e+00   2.8294739e+00   2.4906715e+00   3.3345990e+00
   1.0000000e+00   3.9140128e+00   3.5117127e+00   4.5136594e+00   2.3506978e+00   2.8593726e+00   2.1776529e+00   4.0818186e+00   3.3560993e+00   2.4562902e+00   3.5162802e+00
   2.0000000e+00   2.9021075e+00   1.9843425e+00   3.0762533e+00   1.7640311e+00   2.6385416e+00   4.1630673e+00   2.0374755e+00   2.4655036e+00   3.7155588e+00   1.1176569e+00
   1.0000000e+00   2.9161084e+00   3.2522116e+00   9.7268003e-01   3.2813256e+00   4.6153045e+00   3.8767988e+00   2.3881687e+00   1.9282481e+00   5.3506637e+00   2.7474973e+00
   2.0000000e+00   2.5449161e+00   5.3279057e+00   1.1572604e+00   3.6391623e+00   2.0083511e+00   2.6444234e+00   5.5359203e+00   2.7991075e+00   3.4227402e+00   1.8010065e+00
   2.0000000e+00   4.8929930e+00   5.1034381e+00   3.8039715e+00   3.3011377e+00   1.8456454e+00   3.9085689e+00   5.7245806e+00   4.8629785e+00   2.8751721e+00   3.5232066e+00
   1.0000000e+00   1.7547012e+00   3.6041125e+00   3.2312629e+00   3.6937290e+00   3.2332002e+00   3.2317860e+00   1.9163385e+00   3.9157988e+00   2.2010648e+00   3.2478086e+00
   1.0000000e+00   3.9774935e+00   3.5873160e+00   3.5393602e+00   3.1106654e+00   2.9638548e+00   2.8362944e+00   5.1641117e+00   3.4396408e+00   4.2423865e+00   3.0016140e+00
   2.0000000e+00   2.4810790e+00   2.7084448e+00   4.6450472e+00   3.0795923e+00   2.3488496e+00   3.4296283e+00   3.6255276e+00   4.2902638e+00   2.3563411e+00   2.6393098e+00
   2.0000000e+00   3.3274695e+00   2.6205813e+00   2.4922040e+00   2.6416146e+00   2.9078425e+00   2.7367594e+00   3.4105148e+00   3.3777833e+00   2.4047290e+00   2.2849917e+00
   2.0000000e+00   3.1314749e+00   3.8738215e+00   2.7414889e+00   4.6498789e+00   4.5324579e+00   1.6496282e+00   2.0314328e+00   2.5126130e+00   2.5886743e+00   2.1008448e+00
   2.0000000e+00   3.1638485e+00   2.0550840e+00   2.1039477e+00   1.8805541e+00   2.8345509e+00   3.8651966e+00   3.3719732e+00   1.7081978e+00   3.2214665e+00   2.8332641e+00
   2.0000000e+00   2.2844609e+00   2.8283804e+00   1.6932477e+00   3.4872482e+00   4.6990393e+00   3.3612239e+00   2.1071922e+00   4.0195450e+00   2.0994646e+00   2.3002199e+00
   2.0000000e+00   3.9514914e+00   5.2665077e+00   2.0114746e+00   4.2513736e+00   2.4627940e+00   2.3545978e+00   3.9545342e+00   2.4266794e+00   8.2334757e-01   8.1898198e-01
   2.0000000e+00   2.1240151e+00   3.0829370e+00   3.4295448e+00   3.8129742e+00   4.4860346e+00   3.2846561e+00   3.7247807e+00   2.5479794e+00   3.8689226e+00   1.7385579e+00
   2.0000000e+00   2.1118456e+00   2.5505073e+00   3.9334381e+00   4.0116164e+00   3.0601516e+00   3.0385215e+00   3.1233284e+00   3.5904848e+00   6.6926866e-01   2.4349905e+00
   2.0000000e+00   3.3396568e+00   9.1701290e-01   2.4675429e+00   2.9415100e+00   4.4592201e+00   1.4583286e+00   4.4965487e+00   2.4934323e+00   2.5962796e+00   1.6758680e+00
   2.0000000e+00   1.7389258e+00   2.7602365e+00   1.5361750e+00   2.4272525e+00   3.5575559e+00   8.3952579e-01   2.2159097e+00   4.1814031e+00   3.1035084e+00   3.5209265e+00
   2.0000000e+00   3.7929358e+00   2.6039672e+00   3.7013476e+00   2.9612045e+00   4.6909666e+00   2.7998158e+00   1.7274461e+00   4.5167764e+00   1.1920232e+00   2.3980612e+00
   2.0000000e+00   1.7888379e+00   2.5808263e+00   9.3406943e-01   4.1579927e+00   2.7721689e+00   5.2465862e-01   2.6514936e+00   2.8906571e+00   3.9063534e+00   3.6055724e+00
   2.0000000e+00   2.7336573e+00   2.5305996e+00   2.3144879e+00   3.7027726e+00   3.5534721e+00   3.2017672e+00   1.8965743e+00   1.2347356e+00   3.0166282e+00   2.2396360e+00
   1.0000000e+00   2.0494905e+00   3.0231925e+00   1.5822828e+00   2.4633995e+00   3.8892540e+00   1.5495243e+00   2.9005655e+00   4.1715380e+00   1.4253617e+00   2.7649257e+00
   2.0000000e+00   3.0284552e+00   4.2650951e+00   2.2284303e+00   8.6623710e-01   3.5351665e+00   3.3043634e+00   3.1373260e+00   3.0506746e+00   4.5347021e+00   2.7465796e+00
   2.0000000e+00   1.8010451e+00   1.9044672e+00   2.7461398e+00   3.1401794e+00   1.4294456e+00   1.7398915e+00   3.4061951e+00   3.5584256e+00   2.4911931e+00   3.4324193e+00
   1.0000000e+00   2.7727501e+00   3.1353755e+00   4.7029086e+00   4.8938233e+00   2.2320075e+00   1.7749411e+00   3.8741066e+00   1.4800402e+00   2.9763366e+00   2.7330520e+00
   1.0000000e+00   5.4086941e+00   3.0027349e+00   3.8693201e+00   3.7697073e+00   4.1651830e+00   4.2855559e+00   2.4372939e+00   3.3474635e+00   3.1964078e+00   3.9938297e+00
   2.0000000e+00   2.4153825e+00   1.8250308e+00   2.5519120e+00   4.7783764e+00   1.5609041e+00   2.9656997e+00   2.0555616e+00   2.2789752e+00   5.0473462e+00   4.5679573e-01
   2.0000000e+00   2.3986516e+00   4.6285450e+00   3.0033474e+00   3.7732471e+00  -5.8695647e-01   1.8775935e+00   3.2761828e+00   4.8774554e+00   3.3495923e+00   3.4901640e+00
   2.0000000e+00   6.2326841e+00   4.4950467e+00   1.5167135e+00   1.4103779e+00   2.1264278e+00   3.1753582e+00   3.8792900e+00   3.9135667e+00   3.3477127e+00   4.9105789e+00
   1.0000000e+00   3.6456398e+00   3.7486046e+00   2.7877252e+00   2.5528788e+00   4.0720827e+00   2.6084093e+00   2.4652279e+00   1.8806606e+00   1.1222096e+00   3.2893089e+00
   2.0000000e+00   1.8265891e+00   2.7157450e+00   3.1284970e+00   3.2970636e+00   1.8917470e+00   2.5459821e+00   2.7342602e+00   1.7344245e+00   3.0539777e+00   3.0318421e+00
   2.0000000e+00   4.9934822e-01   1.9052463e+00   2.2560916e+00   2.1679205e+00   3.9968016e+00   2.6758745e+00   4.9052987e+00   3.8887131e+00   3.1202977e+00   2.8598196e+00
   2.0000000e+00   2.6155626e+00   3.5591287e+00   2.6484736e+00   3.0564947e+00   3.0385562e+00   7.5507410e-01   1.6139477e+00   2.9381885e+00   3.9782663e+00   3.6077988e+00
   1.0000000e+00   4.1143162e+00   3.6411068e+00   3.7190620e+00   1.7188275e+00   3.3638227e+00   1.3504304e+00   3.4733304e+00   3.3634187e+00   1.3403358e+00   3.1907993e+00
   1.0000000e+00   3.0281396e+00   3.0557404e+00   1.5915881e+00   3.4283426e+00   3.1834501e+00   1.6477296e+00   2.2647351e+00   3.7752239e+00   3.0059708e+00   3.8713014e+00
   2.0000000e+00   2.9964451e+00   1.5998513e+00   4.1433686e+00   4.2898316e+00   1.0804496e+00   3.5049394e+00   2.3947204e+00   2.2760228e+00   3.3555467e+00   4.1523991e+00
