   2.0000000e+00   2.0355605e+00   3.2345820e+00   3.4855483e+00   2.2001139e+00   2.2524877e+00   3.3464435e+00   4.3488801e+00   3.0193425e+00   4.3921737e+00   3.7520065e+00
   2.0000000e+00   2.9963541e+00   1.6532286e+00   2.6918514e+00   1.8628353e+00   3.5370430e+00   1.2843755e+00   2.7265358e+00   3.0389918e+00   2.5688346e+00   4.3817560e+00
   2.0000000e+00   2.5471872e+00   2.9658559e+00   3.7668793e+00   3.5684310e+00   3.8543286e+00   1.6412844e+00   3.9671960e+00   4.2049989e+00   4.0542387e-01   3.6243513e+00
   1.0000000e+00   3.8657066e+00   2.1162878e+00   3.7093187e+00   1.5973725e+00   3.2112051e+00   3.2145791e+00   2.9358936e+00   3.5007006e+00   2.9125989e+00   3.6664210e+00
   2.0000000e+00   3.1824081e+00   2.7393721e+00   3.3916885e+00   3.5357385e+00   5.2748249e+00   2.1526492e+00   2.5063557e+00   4.6354944e+00   2.1773678e+00   2.7509845e+00
   2.0000000e+00   3.6026006e+00   2.1909443e+00   2.9035906e+00   3.4017870e+00   2.2991521e+00   4.4884830e+00   2.3196051e+00   1.5588359e+00   3.3250265e+00   4.0495226e+00
   2.0000000e+00   1.8276371e+00   3.0450093e+00   2.3336482e+00   1.8507870e+00   2.5071320e+00   2.3770745e+00   9.5434368e-01   1.9041433e+00   1.7712827e+00   4.2407836e+00
   2.0000000e+00   2.6550208e+00   4.0132008e+00   2.3429794e+00   4.5024250e+00   3.5888618e+00   3.9276114e+00   1.4800946e+00   4.0953630e+00   1.9306321e+00   3.8325967e+00
   1.0000000e+00   2.8172040e+00   3.9158175e+00   4.9022055e+00   3.3879330e+00   5.1276987e+00   2.4005167e+00   3.1756137e+00   1.5289339e+00   3.9620241e+00   3.5685816e+00
   2.0000000e+00   2.1989510e+00   1.9616320e+00   1.6009707e+00   1.9003937e+00   3.3497026e+00  -6.3603874e-01   1.4798485e+00   2.1530470e+00   3.7810632e+00   3.6287635e+00
   2.0000000e+00   2.8391635e+00   3.3457994e+00   2.0297475e+00   1.0496578e+00   4.8255624e-01   4.1334691e+00   2.3684522e+00   2.0666647e+00   3.6088219e+00   1.6313590e+00
   2.0000000e+00   3.2889064e+00  -5.3496616e-01   2.5182070e+00   2.5364742e+00   4.0964383e+00   3.4354043e+00   3.9345451e+00   3.2496285e+00   1.8487672e+00   3.5673573e+00
   2.0000000e+00   3.0003893e+00   2.7133910e+00   4.1398030e+00   2.7771727e+00   3.0454224e+00   2.8693853e+00   3.2243241e+00   2.8795338e+00   3.2679961e+00   2.6009873e+00
   2.0000000e+00   4.2740679e+00   3.3775109e+00   2.4680337e+00   3.0927382e+00   3.8390832e+00   2.7832122e+00   2.6628021e+00   4.1138414e+00   3.0337449e+00   2.5346719e+00
   2.0000000e+00   2.2865142e+00   3.0807497e+00   1.9792124e+00   3.3120290e+00   4.2208444e+00   4.0825647e+00   3.3834897e+00   3.9424865e+00   1.2649549e+00   3.9909243e+00
   2.0000000e+00   2.7047503e+00   4.9307538e+00   1.9860102e+00   4.7511341e+00   1.6916907e+00   1.4804918e+00   1.0025572e+00   3.6220818e+00   4.2061136e+00   2.8083432e+00
   2.0000000e+00   2.8833882e+00   4.3402733e+00   3.7426148e+00   2.2615830e+00   2.6361589e+00   2.8169572e+00   3.2167859e+00   2.0522392e+00   4.4913417e+00   4.1838461e+00
   2.0000000e+00   3.6907066e+00   4.2071234e+00   3.9143657e+00   3.2758043e+00   3.0610329e+00   4.0152685e+00   3.1171770e+00   2.2758579e+00   2.0397940e+00   4.4364382e+00
   2.0000000e+00   3.4154081e+00   2.5516508e+00   2.5820914e+00   3.0225876e+00   2.5869939e+00   2.1715925e+00   1.2540306e+00   2.6519746e+00   2.6890413e+00   4.1313608e+00
   2.0000000e+00   1.4510729e+00   1.8380130e+00   3.9974475e+00   3.1263543e+00   3.6272775e+00   3.1715778e+00   4.3006800e+00   1.9233685e+00   3.3722109e+00   2.1052974e+00
   2.0000000e+00   1.7852609e+00   3.1882996e+00   2.9297645e+00   1.6936118e+00   3.9958631e+00   2.7426510e+00   1.4320687e+00   1.5719792e+00   2.8523221e+00   5.3180569e+00
   2.0000000e+00   3.3690309e+00   3.2716253e+00   3.9482237e+00   4.0235481e+00   3.5471846e+00   3.5163621e+00   3.7648680e+00   1.9247192e+00   1.4698738e+00   3.8185405e+00
   2.0000000e+00   3.3803878e+00   2.7067051e+00   2.3414954e+00   1.9120530e+00   3.1241403e+00   1.6183492e+00   2.6521745e+00   2.1195433e+00   3.6571392e+00   2.9160341e+00
   1.0000000e+00   3.4666794e+00   4.1623797e+00   5.1210889e+00   1.8490609e+00   2.2124163e+00   3.8314744e+00   2.4733429e+00   3.5269112e+00   4.1381886e+00   3.6447804e+00
   2.0000000e+00   2.9426278e+00   2.8610586e+00   3.6002785e+00   1.3240415e+00   2.1837964e+00   1.3291230e+00   2.4389628e+00   3.3420056e+00   3.1141220e+00   2.6599435e+00
   1.0000000e+00   4.4929302e+00   3.6592723e+00   2.9764034e+00   4.4225076e+00   2.3863653e+00   3.8023639e+00   2.5476287e+00   2.3970110e+00   4.9093864e+00   3.0322583e+00
   2.0000000e+00   3.7147400e+00   5.5874304e+00   3.2402809e+00   3.5807546e+00   3.7913865e+00   3.0608464e+00   1.8854243e+00   1.9705956e+00   1.8131250e+00   3.1297146e+00
   1.0000000e+00   7.6032606e-01   2.9524337e+00   2.0557487e+00   2.9513776e+00   3.5687629e+00   3.2523573e+00   2.1409336e+00   2.9171599e+00   2.0845371e+00   3.1822719e+00
   2.0000000e+00   3.8792104e-01   3.2532554e+00   1.7490948e+00   3.0952738e+00   3.1860113e+00   1.4717349e+00   2.2693840e+00   2.7707320e+00   2.3350807e+00   8.6975736e-01
   2.0000000e+00   1.9681766e+00   2.0608984e+00   1.4983391e+00   3.5442025e+00   1.6512025e+00   3.3253331e+00   3.7097927e+00   2.0635200e+00   3.9971715e+00   1.8013758e+00
   2.0000000e+00   3.8184420e+00   3.3714864e+00   8.6395688e-02   2.0630227e+00   2.9009739e+00   2.9733737e+00   1.7449931e+00   2.5646912e+00   4.9974811e+00   3.6014768e+00
   2.0000000e+00   3.2142288e+00   2.9714989e+00   3.2084554e+00   2.4289009e+00   3.4990664e+00   2.7998975e+00   3.0442416e+00   3.8976155e+00   2.9966891e+00   1.9133827e+00
   1.0000000e+00   2.7815768e+00   3.5987321e+00   4.9561536e+00   2.6079387e+00   1.8906376e+00   1.6767089e+00   3.2853305e+00   2.4759112e+00   3.5505792e+00   3.6602509e+00
   2.0000000e+00   3.7234362e+00   3.5801689e+00   2.1181380e+00   4.1035179e+00   4.3484712e+00   4.6623378e+00   1.5539528e+00   4.5808638e+00   2.8200844e+00   2.7638110e+00
   2.0000000e+00   4.6847256e+00   2.1919340e+00   2.9687549e+00   2.6551150e+00   3.2005985e+00   4.1278707e+00   4.5290071e+00   3.9298902e+00   1.5784725e+00   4.1551719e+00
   2.0000000e+00   2.9073214e+00   2.7781280e+00   2.1402135e+00   2.8257762e+00   1.4361774e+00   4.0260279e+00   1.0429822e+00   3.6687995e+00   2.7226115e+00   3.4484106e+00
   2.0000000e+00   6.1045051e+00   3.5304593e+00   2.5821909e+00   3.7730739e+00   3.1908586e+00   3.9741728e+00   2.9839899e+00   3.2139404e+00   5.6056323e+00   3.4690934e+00
   2.0000000e+00   3.3213516e+00   1.5656989e+00   3.5776416e+00   2.6549825e+00   1.4012552e+00   1.2551517e+00   1.5410613e+00   1.4528733e+00   3.6470571e+00   4.6196482e+00
   1.0000000e+00   3.5915707e+00   3.1421728e+00   3.6371479e+00   3.9194813e+00   2.7914242e+00   2.0868592e+00   3.0314207e+00   2.0914986e+00   2.5633661e+00   3.5150159e+00
   1.0000000e+00   2.1193204e+00   2.6513127e+00   4.4229172e+00   3.3937319e+00   3.9330602e+00   4.1424130e+00   2.5797844e+00   2.9975218e+00   4.3819973e+00   3.3005642e+00
   1.0000000e+00   3.1488641e+00   2.8235392e+00   1.3992782e+00   3.4123199e+00   2.3087790e+00   5.0950094e+00   2.5326854e+00   3.9293688e+00   3.4340345e+00   3.8313716e+00
   2.0000000e+00   3.5951345e+00   2.8886835e+00   3.5020304e+00   2.5287609e+00   1.7737140e+00   3.3952218e+00   2.1932762e+00   3.5676814e+00   3.8970484e+00   2.7854995e+00
   2.0000000e+00   2.2268034e+00   1.3676662e+00   4.1939718e+00   4.5979135e+00   1.9333014e+00   2.9992228e+00   3.3504652e+00   3.5255048e+00   1.2954309e+00   4.5270379e+00
   2.0000000e+00   2.8684382e+00   2.5550698e+00   2.5276385e+00   3.8427828e+00   3.2114537e+00   3.8027898e+00   2.5078259e+00   2.3690395e+00   2.2713701e+00   8.9053090e-01
   2.0000000e+00   3.9366002e+00   3.9803976e+00   3.9567245e+00   2.7075840e+00   1.5171948e+00   2.3498552e+00   2.6414826e+00   1.9334986e+00   2.9030723e+00   3.7738635e-01
   2.0000000e+00   2.9610446e+00   1.1389254e+00   2.2872867e+00   4.6169705e+00   6.1252812e+00   2.6657967e+00   4.0364912e+00   3.2331431e+00   4.6334087e+00   3.9869932e+00
   2.0000000e+00   3.8209823e+00   3.7508126e+00   3.8606376e+00   1.5052310e+00   2.2628449e+00   1.7035169e+00   4.2241941e+00   2.3262321e+00   3.0935248e+00   4.0590550e+00
   2.0000000e+00   3.5001950e+00   4.8281208e+00   2.3382068e+00   1.9213297e+00   3.0581850e+00   3.1674027e+00   3.6883004e+00   2.1879257e+00   2.3279422e+00   2.8923552e+00
   2.0000000e+00   2.7283211e+00   2.6005225e+00   1.9349054e+00   1.5690746e+00   1.6418729e+00   2.7314862e+00   2.7613446e+00   2.3882391e+00   2.8789397e+00   2.3899115e+00
   2.0000000e+00   3.7190356e+00   3.6869617e+00   3.4492644e+00   8.8476095e-01   3.4363432e+00   4.1738614e+00   3.3743403e+00   4.1420080e+00   2.2437798e+00   2.2306120e+00
   2.0000000e+00   2.1758344e+00   9.2751903e-01   4.8604230e+00   3.9679952e+00   2.2139604e+00   4.3730977e+00   2.2214885e+00   3.8248074e+00   3.3205923e+00   1.5563161e+00
   1.0000000e+00   2.1522012e+00   3.9909894e+00   3.2587084e+00   2.5420032e+00   4.2553208e+00   2.2886017e+00   2.5152253e+00   3.0355998e+00   3.0994522e+00   3.5905072e+00
   2.0000000e+00   1.6832006e+00   1.4934393e+00   4.9503520e+00   1.7180366e+00   2.9153389e+00   2.1097450e+00   1.7315340e+00   2.9652822e+00   3.5055309e+00   3.4077594e+00
   2.0000000e+00   2.4759046e+00   3.3171483e+00   5.2081565e+00   2.9374114e+00   2.9782311e+00   3.0770893e+00   2.3199073e+00   3.5611633e+00   2.0810228e+00   2.3469280e+00
   2.0000000e+00   3.4288937e+00   2.6307008e+00   2.9387557e+00   2.2526822e+00   4.0435429e+00   3.2040037e+00   1.9925049e+00   3.1986919e+00   4.3231834e+00   3.4723275e+00
   2.0000000e+00   2.2962285e+00   2.7512609e+00   3.3752941e+00   3.8075643e+00   2.8929637e+00   2.0882866e+00   1.8669489e+00   2.0716709e+00   1.6120925e+00   2.2011371e+00
   2.0000000e+00   2.2245695e+00   4.5256414e+00   5.2635142e+00   3.9061651e+00   3.7950382e+00   2.3479524e+00   2.7518987e+00   2.1303335e+00   2.6811244e+00   2.3789614e+00
   2.0000000e+00   3.2152941e+00   4.7440411e+00   2.4983507e+00   4.1847701e+00   1.7384559e+00   3.1214962e+00   4.2729594e+00   2.6915394e+00   2.2170125e+00   3.3152500e+00
   2.0000000e+00   2.4541620e+00   3.5229516e+00   3.5623358e+00   5.2203038e+00   3.1100828e+00   2.8806762e+00   2.5328563e+00   4.4758625e+00   3.8826828e+00   2.8406801e+00
   2.0000000e+00   2.1589404e+00   2.8518622e+00   3.1791927e+00   4.5768422e+00   3.9846972e+00   3.2199517e+00   4.1292457e+00   2.9593311e+00   2.7019945e+00   2.7076331e+00
   2.0000000e+00   2.1655451e+00   2.7127812e+00   3.1348461e+00   3.8163017e+00   3.3188801e+00   7.3059641e-01   3.4744610e+00   3.4547766e+00   2.7341690e+00   4.1086882e+00
   2.0000000e+00   1.7018030e+00   3.1351824e+00   1.5747393e+00   2.9724267e+00   3.1988998e+00   2.9464902e+00   3.0437248e+00   2.6883993e+00   4.1296832e+00   2.9050375e+00
   2.0000000e+00   3.5901823e+00   1.0368033e+00   3.0848753e+00   1.5954389e+00   3.3141377e+00   2.5186345e+00   2.7530521e+00   3.9464229e+00   2.5930268e+00   2.9279578e+00
   2.0000000e+00   6.3643144e-01   2.6545726e+00   3.1425557e+00   2.5499661e+00   5.4773512e+00   2.5857830e+00   2.9845076e+00   3.3379039e+00   3.4983126e+00   4.5597698e+00
   2.0000000e+00   2.9521614e+00   5.1132104e+00   2.6627874e+00   1.4497291e+00   1.9522633e+00   2.9695022e+00   6.4826974e+00   3.2385300e+00   2.4177533e+00   2.9458696e+00
   2.0000000e+00   3.0789172e+00   1.6661566e+00   4.1370618e+00   2.7945122e+00   3.7262426e+00   2.8534254e+00   4.0936829e+00   1.6758544e+00   2.2009989e+00   1.1844152e+00
   2.0000000e+00   3.8198321e+00   4.4309167e+00   9.4875231e-01   3.0338399e+00   2.7278945e+00   3.3542776e+00   3.7018168e+00   3.5509363e+00   2.9417915e+00   4.3746361e+00
   2.0000000e+00   3.3572286e+00   4.2795058e+00   2.4961993e+00   3.7515948e+00   3.3808928e+00   3.5750275e+00   4.0735543e+00   2.4082854e+00   3.9577228e+00   1.3304427e+00
   2.0000000e+00   3.3201860e+00   3.3064537e+00   3.6980636e+00   3.3309097e+00   2.0321002e+00   2.6420829e+00   2.8600634e+00   4.2719545e+00   2.7470934e+00   2.8105544e+00
   2.0000000e+00   4.4321021e+00   2.7119851e+00   4.5353833e+00   2.0541096e+00   3.1571173e+00   2.6018147e+00   4.5479858e+00   3.0771708e+00   2.6039052e+00   3.0161958e+00
   1.0000000e+00   1.3291892e+00   3.5118721e+00   3.2090581e+00   3.7848976e+00   3.4564882e+00   1.4296907e+00   3.5928140e+00   3.0463029e+00   3.5964289e+00   3.0013355e+00
   1.0000000e+00   2.0585888e+00   5.2596158e+00   3.7257777e+00   1.0718329e+00   2.1513547e+00   3.2530040e+00   3.1997748e+00   2.3399638e+00   3.1532423e+00   3.3776023e+00
   2.0000000e+00   1.9309011e+00   2.8106501e+00   3.2216604e+00   2.4453896e+00   2.7759366e+00   1.8175498e+00   1.8949023e+00   3.6230768e+00   1.3778649e+00   3.8198593e+00
   2.0000000e+00   2.4640005e+00   4.8473325e+00   3.2078642e+00   3.6728481e+00   4.7245396e+00   2.3220231e+00   2.2976891e+00   2.2004252e+00   3.6216996e+00   1.3336393e+00
   2.0000000e+00   1.7284844e+00   3.4823020e+00   3.5465328e+00   3.9451663e+00   4.5597483e+00   2.7801976e+00   2.8563465e+00   4.4866205e+00   2.8506638e+00   4.0590355e+00
   2.0000000e+00   4.0721687e+00   2.9557457e+00   1.7030219e+00   1.4537238e+00   2.3514978e+00   1.8363292e+00   2.3915677e+00   4.4775365e+00   4.0817264e+00   1.9578857e+00
   2.0000000e+00   3.0352336e+00   4.5566913e+00   2.6094489e+00   2.6430719e+00   2.8586805e+00   4.0472234e+00   2.1376513e+00   5.0438214e+00   2.2978415e+00   2.4169554e+00
   1.0000000e+00   2.9958409e+00   2.2761268e+00   2.9603311e+00   1.9697940e+00   4.1289745e+00   3.1020548e+00   2.8661421e+00   1.9540745e+00   3.7614797e+00   3.5992243e+00
   2.0000000e+00   3.3139191e+00   2.9591201e+00   2.1190191e+00   3.8982096e+00   2.8444074e+00   3.5955061e+00   5.5176604e+00   2.9412932e+00   1.7999139e+00   2.9294222e+00
   2.0000000e+00   2.3332129e+00   3.1805433e+00   3.9066611e+00   4.6626763e+00   1.4322371e+00   3.1060347e+00   2.9098880e+00   1.7066732e+00   4.5723879e+00   1.4994374e+00
   2.0000000e+00   1.1692571e+00   3.0899448e+00   3.0999357e+00   2.3539487e+00   3.3421536e+00   3.3155857e+00   4.8964533e+00   3.8066814e+00   8.8793295e-01   4.8000433e+00
   2.0000000e+00   2.7280295e+00   4.3250630e+00   1.8769537e+00   2.0876521e+00   3.2979677e+00   2.6598886e+00   2.7543728e+00   2.5608520e+00   2.5604723e+00   4.3103082e+00
   2.0000000e+00   2.9068418e+00   3.5900861e+00   1.8469204e+00   2.3436779e+00   3.6127487e+00   2.5355725e+00   3.0702319e+00   2.5544806e+00   3.4197061e+00   2.4442865e+00
   2.0000000e+00   2.5714521e+00   2.7738418e+00   1.6196113e+00   4.6579301e+00   1.9743166e+00   4.5381733e+00   2.7045469e+00   2.9319271e+00   4.2648256e+00   4.0073507e+00
   2.0000000e+00   5.7615237e+00   1.9459423e+00   2.0612305e+00   2.4772551e+00   2.4380450e+00   4.2035241e+00   3.9542701e+00   3.6086013e+00   3.7925798e+00   2.1121757e+00
   2.0000000e+00   2.9749027e+00   2.2632752e+00   2.4991920e+00   2.9475285e+00   2.9144664e+00   3.4540643e+00   3.9934075e+00   2.4271326e+00   3.5854902e+00   2.6921151e+00
   1.0000000e+00   2.5028269e+00   3.9153112e+00   2.8316349e+00   1.6002547e+00   3.3737344e+00   2.8300982e+00   3.2285415e+00   1.8341101e+00   4.1680094e+00   3.0661076e+00
   2.0000000e+00   4.8079975e+00   4.1885900e+00   2.6418936e+00   3.7907444e+00   1.4859472e+00   2.1755117e+00   5.2855081e+00   4.3963094e+00   2.6788940e+00   2.2973313e+00
   2.0000000e+00   2.9384796e+00   4.5914649e+00   2.1024225e+00   4.2596451e+00   3.8016396e+00   1.3797202e+00   5.0922112e+00   5.1840154e+00   2.9049847e+00   5.2052070e+00
   2.0000000e+00   3.9685886e+00   2.4631828e+00   4.3879549e+00   3.1554923e+00   3.1515529e+00   4.2306023e+00   2.7850426e+00   4.0330746e+00   3.4166138e+00   2.8859102e+00
   2.0000000e+00   3.1570809e+00   2.2045860e+00   3.1916460e+00   1.2343091e+00   4.4456440e+00   2.8632203e+00   4.3010196e+00   2.7149197e+00   1.6150140e+00   2.9192116e+00
   2.0000000e+00   2.0799493e+00   4.2868693e+00   4.1848441e+00   1.6975487e+00   6.6713528e+00   3.8335886e+00   3.8713314e+00   2.4838940e+00   4.9755516e-01   2.5343629e+00
   2.0000000e+00   4.5317257e+00   2.4803587e+00   2.4382790e+00   2.2657733e+00   2.8735827e+00   4.4761291e+00   1.7609691e+00   2.8947387e+00   4.3991099e+00   2.3464046e+00
   2.0000000e+00   2.7820719e+00   4.2420103e+00   2.2205374e+00   3.2909715e+00   2.1805453e+00   1.5436191e+00   2.8806800e+00   1.3669245e+00   2.7959459e+00   4.0783186e+00
   1.0000000e+00   3.3759212e+00  -4.2867995e-02   3.0031865e+00   1.7274619e+00   1.9804302e+00   2.2254886e+00   3.8085473e+00   3.5427755e+00   3.4366879e+00   3.1501948e+00
   2.0000000e+00   1.2901377e+00   3.2292719e+00   2.6724987e+00   2.3871134e+00   2.6075930e+00   2.7107578e+00   4.4366225e+00   1.3235984e+00   1.3000526e+00   1.9778697e+00
   2.0000000e+00   4.7434804e+00   3.5850342e+00   3.2920623e+00   2.2300567e+00   4.5517696e+00   2.3010542e+00   2.4301496e+00   3.1775457e+00   4.1094355e+00   2.3978029e+00
   2.0000000e+00   3.5823464e+00   2.9599973e+00   4.4519709e+00   2.8826310e+00   1.9687542e+00   1.7952516e+00   2.0428247e+00   3.9941376e+00   1.3893514e+00   2.6581056e+00
   2.0000000e+00   4.8426989e+00   1.8476751e+00   2.7461912e+00   1.9599680e+00   5.7329930e+00   3.0740274e+00   1.4501970e+00   3.0082844e+00   3.4667031e+00   2.4251529e+00
   2.0000000e+00   2.8361701e+00   2.7711910e+00   3.8175648e+00   4.4340246e+00   1.9617373e+00   2.5033166e+00   2.5320247e+00   3.7715013e+00   4.5087507e+00   4.4827099e+00
