   2.0000000e+00   2.6264786e+00   2.6016561e+00   3.5021203e+00   3.8781853e+00   1.3372655e+00   2.4064599e+00   2.2325720e+00   3.7459082e+00   4.2099760e+00   3.0023240e+00
   2.0000000e+00   1.8273739e+00   3.0980337e+00   2.6314899e+00   3.4094964e+00   2.5620529e+00   2.8563279e+00   2.6937378e+00   1.3731350e+00   3.8022769e+00   3.7809492e+00
   2.0000000e+00   2.2501203e+00   3.8368971e+00   6.2804877e-01   3.1300650e+00   3.6269715e+00   3.6776914e+00   3.4780732e+00   2.6825618e+00   4.2110036e+00   3.1076342e+00
   2.0000000e+00   2.5396934e+00   1.6115954e+00   2.6557544e+00   4.0396552e+00   3.6912601e+00   3.7874338e+00   2.1963217e+00   3.4868360e+00   2.5836275e+00   4.1098208e+00
   2.0000000e+00   2.7438525e+00   2.1124406e+00   9.5062691e-01   3.2647796e+00   4.5897284e+00   3.2863756e+00   3.7746255e+00   3.8925655e+00   2.7568255e+00   3.3179834e+00
   2.0000000e+00   6.2013917e-01   4.6684874e+00   1.8816720e+00   4.1154310e+00   2.8895667e+00   1.7225837e+00   4.1352686e+00   2.6153018e+00   3.9158218e+00   3.2485427e+00
   2.0000000e+00   3.6276893e+00   2.8753448e+00   2.7249137e+00   3.8742435e+00   2.3215440e+00   2.6223366e+00   5.4548601e+00   3.2676714e+00   2.5993632e+00   3.1038261e+00
   2.0000000e+00   3.1259007e+00   2.8918369e+00   4.5242521e+00   2.1953623e+00   2.9836046e+00   2.8666938e+00   3.1760243e+00   3.5085869e+00   3.7013881e+00   2.2230689e+00
   2.0000000e+00   4.2705935e+00   2.7445818e+00   3.1732556e+00   1.7606442e+00   1.6121653e+00   3.6659455e+00   2.7658624e+00   3.6808137e+00   3.8212985e+00   5.3189685e+00
   2.0000000e+00   3.0594716e+00   3.1904680e+00   2.7196014e+00   1.7281797e+00   3.5866388e+00   2.9978894e+00   4.5069411e+00   3.2097986e+00   2.8647540e+00   3.3292605e+00
   2.0000000e+00   2.4760950e+00   2.8895596e+00   3.0046335e+00   4.2869550e+00   2.2709021e+00   2.4568075e+00   2.1139868e+00   2.9587703e+00   3.7918200e+00   3.3168769e+00
   2.0000000e+00   1.4237646e+00   1.9319888e+00   2.5153610e+00   2.9390874e+00   3.5562919e+00   3.8135990e+00   2.9226873e+00   3.3527376e+00   2.0202680e+00   2.6643497e+00
   2.0000000e+00   4.9001522e+00   4.1916949e+00   1.7627958e+00   3.4047728e+00   2.2360269e+00   2.3494159e+00   1.4740905e+00   3.9662270e+00   2.3039777e+00   2.9880164e+00
   2.0000000e+00   4.1766715e+00   3.3863662e+00   3.0399942e+00   2.4634262e+00   2.7115911e+00   1.9563971e+00   1.0241607e+00   2.8556362e+00   1.2402365e+00   3.6035793e+00
   2.0000000e+00   2.7815625e+00   2.7330163e+00   2.6824674e+00   3.7823058e+00   3.6743347e+00   3.9816711e+00   2.7439986e+00   3.2917728e+00   3.2291075e+00   3.4646982e+00
   2.0000000e+00   2.4343827e+00   2.5273242e+00   3.3360197e+00   3.4325617e+00   3.2593878e+00   2.8420014e+00   2.9687520e+00   3.9781218e+00   2.6286849e+00   2.3237494e+00
   2.0000000e+00   2.3547452e+00   2.8423287e+00   2.6515418e+00   3.2788564e+00   2.9854869e+00   4.6673465e+00   3.9638401e+00   1.9832437e+00   3.6029145e+00   3.0243924e+00
   2.0000000e+00   2.8819099e+00   2.1842684e+00   1.7498531e+00   3.4615125e+00   3.2821501e+00   3.3484075e+00   3.0837557e+00   2.7987739e+00   2.6298465e+00   1.4168828e+00
   2.0000000e+00   4.9520919e-01   2.1966449e+00   1.0660024e+00   2.3584944e+00   1.7512925e+00   3.8797974e+00   4.6016654e+00   3.0098825e+00   2.7252667e+00   1.9334527e+00
   2.0000000e+00   3.8993420e+00   4.4836183e+00   1.7611691e+00   4.2719996e+00   1.8433034e+00   2.4034613e+00   4.3771922e+00   2.5880139e+00   3.7705408e+00   2.6849566e+00
   2.0000000e+00   1.7380776e+00   3.8251739e+00   3.0275416e+00   2.7545683e+00   2.5975655e+00   2.7531394e+00   4.9163016e+00   2.8402241e+00   4.3446069e+00   3.3115916e+00
   2.0000000e+00   4.6246725e+00   1.8417506e+00   1.7060374e+00   4.7205862e+00   3.0508449e+00   3.6971618e+00   1.8157976e+00   3.2485001e+00   3.8601940e+00   3.8805379e+00
   2.0000000e+00   4.6526580e+00   4.8215610e+00   2.8117066e+00   3.6825504e+00   2.4278239e+00   2.8705524e+00   4.8519279e+00   3.4818162e+00   2.3866386e+00   5.0733319e+00
   2.0000000e+00   1.8269153e+00   3.6136089e+00   4.6546951e+00   2.9065303e+00   1.6724949e+00   1.4273511e+00   1.9578674e+00   2.5550097e+00   3.4539463e+00   2.3355433e+00
   2.0000000e+00   2.1019346e+00   3.4078052e+00   4.0532563e+00   3.7654591e+00   3.8386045e+00   3.7184386e+00   1.9644429e+00   1.6156933e+00   2.6253092e+00   4.9716949e-01
   2.0000000e+00   2.7508830e+00   1.7168348e+00   4.4598676e+00   2.7269600e+00   1.6855045e+00   3.1503514e+00   4.8026109e+00   3.2415698e+00   2.5415577e+00   4.5100619e+00
   2.0000000e+00   3.9746490e+00   4.0953659e+00   4.5754389e+00   2.5754194e+00   2.1451002e+00   3.0367691e+00   2.8123528e+00   3.1604109e+00   2.4536781e+00   3.8539890e+00
   2.0000000e+00   3.2946322e+00   3.0955213e+00   1.7546272e+00   4.3518900e+00   2.5191812e+00   2.7293304e+00   1.2042330e+00   2.7544831e+00   2.7487634e+00   4.0949035e+00
   2.0000000e+00   4.3732932e+00   1.3763229e+00   2.0840132e+00   2.5598436e+00   3.8669596e+00   1.5452555e+00   4.6553369e+00   4.5354675e+00   4.3089081e+00   3.8691100e+00
   2.0000000e+00   3.2940194e+00   3.9052270e+00   4.0719083e+00   3.6992000e+00   1.3393752e+00   2.4556000e+00   1.6029783e+00   2.9782221e+00   2.6299514e+00   4.1241515e+00
   2.0000000e+00   2.2760969e+00   4.3622368e+00   7.9420484e-01   4.1895218e+00   1.5146841e+00   5.5232561e+00   4.6173327e+00   2.9453308e+00   2.6299965e+00   2.5818934e+00
   2.0000000e+00   3.4591561e+00   3.2026621e+00   3.5512223e+00   1.8530312e+00   1.7675300e+00   2.3013562e+00   4.6254461e+00   4.8385883e+00   3.8047755e+00   2.5620331e+00
   2.0000000e+00   2.9440554e+00   1.8984663e+00   3.8403476e+00   2.4875112e+00   2.5882448e+00   4.9624999e+00   2.6697646e+00   2.4241201e+00   3.9111158e+00   2.8662743e+00
   1.0000000e+00   3.3863590e+00   3.3437990e+00   2.4782419e+00   4.6591833e+00   3.8615432e+00   3.8645604e+00   3.2825517e+00   2.5482390e+00   2.8050263e+00   2.0737715e+00
   2.0000000e+00   2.1223825e+00   2.4129014e+00   2.5206015e+00   3.0254637e+00   1.0187639e+00   1.6998582e+00   2.8534497e+00   3.9976039e+00   2.8396733e+00   2.8428515e+00
   2.0000000e+00   1.7411462e+00   2.2138248e+00   1.7025884e+00   2.8248723e+00   3.8359058e+00   3.7042022e+00   1.6714997e+00   3.7014728e+00   4.1484318e+00   4.1162668e+00
   2.0000000e+00   1.2120340e+00   3.3052324e+00   3.4049715e+00   2.6526866e+00   2.3098396e+00   2.6498922e+00   4.0090706e+00   3.8122750e+00   3.5347178e+00   2.9294606e+00
   2.0000000e+00   3.3376320e+00   2.2833086e+00   2.1660118e+00   3.5163828e+00   3.3420016e+00   1.8910739e+00   1.5419779e+00   3.2758040e+00   2.8311744e+00   3.6487699e+00
   2.0000000e+00   3.4552188e+00   2.2019542e+00   3.9447132e+00   1.7885632e+00   1.2287980e+00   3.7790182e+00   3.7033906e+00   5.4503083e+00   2.6530597e+00   2.9327937e+00
   1.0000000e+00   2.8332910e+00   3.6160074e+00   2.2050530e+00   2.2986542e+00   2.1821618e+00   3.6638295e+00   3.4401763e+00   2.3244788e+00   4.3109640e+00   1.9181447e+00
   2.0000000e+00   3.7421265e+00   3.1136720e+00   2.9182326e+00   5.7300299e+00   3.0045394e+00   3.7964710e+00   2.6703376e+00   3.9098951e+00   2.7496955e+00   3.9725894e+00
   2.0000000e+00   2.0387036e+00   2.4534449e+00   4.4865239e+00   4.2929575e+00   2.4551476e+00   3.5819454e+00   3.1617511e+00   2.7043446e+00   4.8017713e-01   2.5199964e+00
   1.0000000e+00   9.3267278e-01   3.9598658e+00   2.9743875e+00   2.8061003e+00   4.4763563e+00   2.7115162e+00   3.8629836e+00   2.0469508e+00   3.6360768e+00   1.9250228e+00
   2.0000000e+00   2.1036059e+00   1.5995790e+00   3.0109119e+00   2.3971813e+00   3.4610634e-01   2.1549035e+00   2.5556042e+00   2.2792278e+00   2.2590621e+00   1.9479047e+00
   2.0000000e+00   1.9207812e+00   2.2113173e+00   3.5313384e+00   2.7179562e+00   3.4079285e+00   4.9834846e+00   2.9155219e+00   5.2457136e+00   1.7858797e+00   3.5204469e+00
   2.0000000e+00   3.4140981e+00   7.9592379e-01   1.4740803e+00   3.2316980e+00   2.4976981e+00   1.6728086e+00   3.0049456e+00   2.6278337e+00   2.1148576e+00   1.9404572e+00
   2.0000000e+00   4.3644912e+00   2.5161447e+00   4.0195827e+00   3.1960371e+00   3.5695521e+00   1.4799865e+00   1.4388195e+00   3.8776862e+00   1.7430926e+00   4.1479562e+00
   2.0000000e+00   1.7390330e+00   3.8388060e+00   4.6740142e+00   2.4631127e+00   3.7448809e+00   3.1230943e+00   3.1790737e+00   2.1956959e+00   3.8390811e+00   2.9867863e+00
   2.0000000e+00   3.3401707e+00   1.8160489e+00   3.9354721e+00   2.5666216e+00   1.6502789e+00   4.2605736e+00   2.8958872e+00   3.5596926e+00   2.6990451e+00   2.9037533e+00
   2.0000000e+00   1.4116442e+00   3.2935385e+00   3.5600715e+00   1.7730486e+00   2.5523928e+00   3.4914416e+00   2.1215199e+00   3.3095006e+00   4.5660394e-01   3.0479397e+00
   2.0000000e+00   3.2974212e+00   2.4035678e+00   3.5027194e+00   2.8735753e+00   2.6107244e+00   3.0901598e+00   1.4972293e+00   3.3992417e+00   4.9434924e+00   3.8558014e+00
   2.0000000e+00   3.1310638e+00   3.8656411e+00   5.2836467e+00   4.3075165e+00   3.5453075e+00   2.0157174e+00   2.5285735e+00   3.5792342e+00   2.6558480e+00   2.0583171e+00
   2.0000000e+00   2.6590382e+00   3.0498939e+00   4.4717461e+00   2.2907299e+00   1.9969747e+00   3.4338218e+00   3.5098784e+00   2.1056319e+00   2.5373613e+00   2.9840142e+00
   1.0000000e+00   3.4356971e+00   1.7909640e+00   2.1431952e+00   2.7625932e+00   4.7867002e+00   3.5121160e+00   3.1695065e+00   1.9046928e+00   3.5225081e+00   4.3454453e+00
   2.0000000e+00   2.8692579e+00   3.8093470e+00   3.8406101e+00   2.1669474e+00   3.0152996e+00   3.7209519e+00   1.9171541e+00   3.4300440e+00   3.6782887e+00   3.3843030e+00
   2.0000000e+00   3.1366915e+00   3.5660965e+00   4.0335166e+00   3.7126691e+00   3.2947875e+00   4.3200462e+00   3.6227466e+00   3.0442610e+00   3.5404770e+00   3.0596490e+00
   2.0000000e+00   2.8915915e+00   2.2775045e+00   2.9339252e+00   3.1433491e+00   3.0968142e+00   2.0204844e+00   2.9123104e+00   3.3178498e+00   1.5249945e+00   3.1483729e+00
   2.0000000e+00   2.4306373e+00   3.4579536e+00   5.1731530e+00   4.0624294e+00   2.7673767e+00   2.4563195e+00   4.1731246e+00   4.3968252e+00   3.7959098e+00   1.8907238e+00
   2.0000000e+00   3.3083167e+00   3.4058715e+00   3.0725528e+00   1.6742259e+00   2.5872541e+00   3.1091933e+00   2.1738719e+00   2.5991310e+00   2.1441690e+00   2.8684124e+00
   2.0000000e+00   2.8825990e+00   3.3955840e+00   3.9131747e+00   3.9881826e+00   2.2729415e+00   3.9210033e+00   2.6612503e+00   2.7742972e+00   3.6475183e+00   3.6675481e+00
   1.0000000e+00   1.8367729e+00   3.2948915e+00   3.4994617e+00   2.5544993e+00   2.3297768e+00   1.7706686e+00   3.8288207e+00   4.0489307e+00   4.1727288e+00   4.5040194e+00
   2.0000000e+00   2.4369377e+00   8.9582022e-01   4.9818131e+00   3.8151524e+00   3.1728670e+00   3.8261237e+00   4.6588111e+00   2.4137649e+00   4.5859577e+00   2.5617073e+00
   2.0000000e+00   2.7531070e+00   2.7948012e+00   3.7786631e+00   2.7111077e+00   4.1007231e+00   1.1821970e+00   2.8755530e+00   3.4222087e+00   3.8426264e+00   2.2935534e+00
   2.0000000e+00   1.9827316e+00   4.1603847e+00   3.4615745e+00   4.1160154e+00   1.0714460e+00   2.5544956e+00   2.3363269e+00   3.5297743e+00   4.2383977e+00   2.3250321e+00
   2.0000000e+00   3.3658861e+00   3.5700086e+00   2.4366214e+00   2.8703296e+00   2.8713312e+00   2.5267463e+00   3.9514194e+00   1.7494703e+00   3.1255727e+00   2.9995133e+00
   2.0000000e+00   2.0064789e+00   4.3128044e+00   4.7011437e+00   3.6084185e+00   2.7636216e+00   4.1762736e+00   1.7444258e+00   3.2938337e+00   4.4460705e+00   4.0599321e+00
   2.0000000e+00   1.4240571e+00   5.0323531e+00   1.8157490e+00   2.3640325e+00   1.7056289e+00   1.7985966e+00   2.4013046e+00   4.7118398e+00   1.8556847e+00   3.3601424e+00
   2.0000000e+00   3.7327767e+00   3.1563356e+00   2.7539177e+00   4.0850228e+00   1.7704487e+00   3.5824373e+00   5.1923530e+00   1.3797387e+00   1.9500803e+00   3.6391071e+00
   2.0000000e+00   3.8874281e+00   2.8598829e+00   3.8854624e+00   3.2769626e+00   2.9183709e+00   4.2001171e+00   1.7626073e+00   2.2873769e+00   3.5772892e+00   1.7594277e+00
   2.0000000e+00   2.7402318e+00   4.5123411e+00   3.6316675e+00   3.6641844e+00   2.7091647e+00   2.4105427e+00   3.9759280e+00   1.8004894e+00   1.0871863e+00   2.7953393e+00
   2.0000000e+00   5.0852235e+00   3.3108628e+00   3.0382899e+00   1.7782665e+00   2.6170696e+00   4.2177210e+00   1.3807770e+00   2.7070489e+00   3.4492308e+00   4.0822882e+00
   2.0000000e+00   3.3012418e+00   2.3163185e+00   4.8879765e+00   2.7498631e+00   3.4596034e+00   4.8543217e+00   3.7295381e+00   1.6421631e+00   4.4942868e+00   2.4449592e+00
   2.0000000e+00   2.7272100e+00   2.9159849e+00   1.5189243e+00   3.1391103e+00   3.2761784e+00   2.9073856e+00   3.1638954e+00   2.9073429e+00   2.4996117e+00   3.1477112e+00
   2.0000000e+00   3.3138155e+00   3.0943016e+00   4.0352625e+00   3.0918170e+00   2.7836830e+00   2.8172758e+00   2.1988553e+00   3.3236250e+00   3.2149547e+00   1.9949584e+00
   2.0000000e+00   3.6318450e+00   2.0703958e+00   3.2723287e+00   5.1401748e+00   2.3499215e+00   1.0186670e+00   2.5403938e+00   2.8111970e+00   2.7188145e+00   1.7129399e+00
   2.0000000e+00   3.0593510e+00   2.9003698e+00   2.4412485e+00   3.1917480e+00   2.1624983e+00   2.6723235e+00   2.4805708e+00   3.0533797e+00   2.5404178e+00   3.0111154e+00
   2.0000000e+00   1.5124270e+00   1.9884514e+00   1.7302293e+00   3.0037743e+00   2.8416014e+00   2.3985014e+00   2.7496958e+00   1.8270681e+00   3.6103678e+00   2.7454835e+00
   2.0000000e+00   1.3203904e+00   3.2031245e+00   5.0668677e+00   1.9996264e+00   2.6055743e+00   4.2646617e+00   2.6112814e+00   3.4076909e+00   3.6019356e+00   4.6842631e+00
   2.0000000e+00   2.1113935e+00   4.0068917e+00   2.3114996e+00   2.6431356e+00   2.5818630e+00   2.4578283e+00   2.3907914e+00   2.7636631e+00   2.5200037e+00   3.4516085e+00
   2.0000000e+00   3.9639477e+00   3.4043371e+00   2.0658176e+00   4.2503290e+00   2.7082312e+00   1.7224651e+00   4.6670751e+00   4.3850085e+00   2.8029917e+00   2.7566355e+00
   2.0000000e+00   3.3979181e+00   2.1760323e+00   3.1174553e+00   3.0569847e+00   2.0509821e+00   4.4088774e+00   2.3398806e+00   3.3745880e+00   2.0622606e+00   2.4293012e+00
   2.0000000e+00   3.7622285e+00   3.6492678e+00   2.7289488e+00   3.2725637e+00   2.1918888e+00   2.6656121e+00   5.8832735e+00   2.1554145e+00   2.6019319e+00   3.1952926e+00
   2.0000000e+00   3.5172885e+00   3.6106302e+00   3.1009027e+00   3.3688810e+00   2.1085845e+00   3.1059599e+00   4.1313476e+00   3.9783957e+00   2.9918763e+00   3.1039475e+00
   2.0000000e+00   3.9734154e+00   2.0408447e+00   3.9854644e+00   3.4773374e+00   3.0693496e+00   4.6847477e+00   3.2799417e+00   4.2052251e+00   3.6677605e+00   4.2829595e+00
   1.0000000e+00   3.5206782e+00   3.5613782e+00   2.2910663e+00   5.1934384e+00   4.1525413e+00   1.6878310e+00   3.3109134e+00   3.2578293e+00   1.0863375e+00   4.4794991e+00
   2.0000000e+00   1.7243687e+00   9.1959390e-01   9.7384079e-01   3.9903315e+00   4.6707382e+00   2.4559916e+00   2.7324415e+00   3.1114134e+00   4.9950931e+00   3.3395322e+00
   2.0000000e+00   2.3660499e+00   4.0397952e+00   2.6263476e+00   3.3523966e+00   3.5721439e+00   2.0528499e+00   2.9625923e+00   2.8975299e+00   4.6625104e+00   4.1014896e+00
   2.0000000e+00   2.6895396e+00   3.4573821e+00   3.3992764e+00   3.3731276e+00   1.1662213e+00   4.1126369e+00   2.9847565e+00   1.0259620e+00   3.9115298e+00   2.6072202e+00
   2.0000000e+00   2.5793253e+00   1.4238988e+00   2.0180185e+00   3.3401634e+00   1.7729622e+00   1.1709259e+00   4.0932872e+00   2.8545649e+00   2.5723624e+00   3.8182612e+00
   2.0000000e+00   5.7121393e+00   2.2363508e+00   1.5895798e+00   3.6263718e+00   3.3263259e+00   2.9745656e+00   2.8201044e+00   3.4779331e+00   3.7300390e+00   2.8133132e+00
   1.0000000e+00   3.2483480e-01   1.7995284e+00   3.0589461e+00   3.8959434e+00   2.3303075e+00   3.4313337e+00   3.4124675e+00   2.5952726e+00   3.9449756e+00   1.5939004e+00
   1.0000000e+00   3.7085455e+00   2.4809835e+00   2.6800907e+00   3.4303908e+00   3.6930070e+00   3.4288116e+00   3.5348634e+00   2.2806658e+00   4.3183328e+00   2.4088531e+00
   1.0000000e+00   3.0044669e+00   4.8325996e+00   3.5717384e+00   2.2115365e+00   3.2390074e+00   2.5365891e+00   3.0384905e+00   1.7675036e+00   2.6492243e+00   3.8518204e+00
   2.0000000e+00   3.0552373e+00   3.9750988e+00   3.2037296e+00   4.8216654e+00   3.8161189e+00   2.3268134e+00   2.7882464e+00   1.7366030e+00   2.8297072e+00   3.8540538e+00
   2.0000000e+00   2.9263740e+00   4.2551398e+00   3.7137354e+00   3.8954111e+00   3.1997421e+00   3.0035627e+00   3.7152412e+00   1.8980945e+00   5.0079115e+00   3.4321693e+00
   2.0000000e+00   3.6920022e+00   4.6830773e+00   3.2826371e+00   3.2344992e+00   4.3641323e+00   1.9066288e+00   2.7239489e+00   2.2168053e+00   3.5006761e+00   2.0344997e+00
   2.0000000e+00   2.9139008e+00   3.2458484e+00   1.1480667e+00   1.2616330e+00   1.9600309e+00   2.6219716e+00   2.4389639e+00   3.3245479e+00   1.3362358e+00   3.7825133e+00
   1.0000000e+00   3.5478726e+00   3.3325306e+00   2.8103530e+00   3.4978850e+00   4.2635846e+00   3.2504065e+00   3.7396300e+00   5.0926287e+00   3.6745986e+00   2.5986643e+00
   2.0000000e+00   2.8320147e+00   2.9929712e+00   2.3014975e+00   3.3409186e+00   2.6594010e+00  -3.5853062e-01   1.6585301e+00   4.3661830e+00   3.5716920e+00   3.1831588e+00
   2.0000000e+00   1.1241381e+00   5.7455612e+00   4.2429913e+00   3.5098316e+00   4.4301263e+00   3.8896912e+00   2.6473545e+00   4.4378730e+00   3.7791996e+00   2.1781651e+00
