   2.0000000e+00   4.5933973e+00   3.9164618e+00   2.2521056e+00   4.3925479e+00   3.9166508e+00   2.8337248e+00   1.3544253e+00   4.2934197e+00   2.8325019e+00   2.7881604e+00
   2.0000000e+00   3.1500130e+00   5.1633414e+00   2.9367926e+00   2.6326225e+00   4.2889938e+00   9.3996466e-01   4.6476934e+00   2.6488906e+00   4.6443519e+00   3.2019635e+00
   2.0000000e+00   2.8847547e+00   2.6467199e+00   1.0629675e+00   2.2045731e+00   3.5831695e+00   3.1919322e+00   2.7805318e+00   4.9127470e+00   4.1334502e+00   2.6849696e+00
   2.0000000e+00   3.7135365e+00   2.2179265e+00   2.7810120e+00   2.7816019e+00   3.1269850e+00   3.9506406e+00   2.8615614e+00   3.8475398e+00   1.8366053e+00   3.5137178e+00
   2.0000000e+00   2.6573124e+00   1.7918903e+00   5.2318618e+00   4.0819980e+00   4.2959541e+00   4.2716353e+00   1.5691186e+00   4.7299247e+00   3.5619557e+00   2.4984913e+00
   2.0000000e+00   2.2776109e+00   4.1413465e+00   2.4356575e+00   2.4330017e+00   1.7275864e+00   3.2305748e+00   2.9983655e+00   1.9933049e+00   1.9286686e+00   1.7007014e+00
   2.0000000e+00   7.7610934e-01   3.5696741e+00   3.3708911e+00   2.9045006e+00   4.2208358e+00   4.4866915e+00   2.9294559e+00   2.4957138e+00   1.9617569e+00   3.9096152e+00
   2.0000000e+00   2.7910688e+00   3.8436299e+00   3.5176475e+00   1.5220238e+00   8.7185776e-01   3.6953731e+00   1.7902543e+00   3.9360534e+00   2.6400289e+00   3.9767119e+00
   2.0000000e+00   3.1529469e+00   2.7667664e+00   3.4079884e+00   3.1221069e+00   1.7224891e+00   5.1164141e+00   3.5986212e+00   3.6677612e+00   1.5341043e+00   3.8391436e+00
   2.0000000e+00   4.5124007e+00   2.0979993e+00   3.0787792e+00   2.6168838e+00   2.5676569e+00   3.2672093e+00   5.0194693e+00   4.3481068e+00   1.8595024e+00   1.3977075e+00
   1.0000000e+00   3.6941851e+00   2.4111333e+00   2.3518570e+00   2.5510502e+00   2.9136314e+00   3.4820023e+00   4.1948856e+00   3.3414555e+00   3.1484635e+00   3.4418308e+00
   2.0000000e+00   4.0408120e+00   2.3810672e+00   3.3661646e+00   3.1445533e+00   1.3513158e+00   3.4380963e+00   2.9368382e+00   3.3632662e+00   1.7032735e+00   1.9146225e+00
   2.0000000e+00   2.7846560e+00   2.1143143e+00   3.2552209e+00   3.0270613e+00   3.7852080e+00   3.5603420e+00   3.5597437e+00   2.6807895e+00   1.4129927e+00   3.8931051e+00
   2.0000000e+00   4.3935350e+00   3.0133955e+00   3.1748727e+00   2.9974650e+00   2.9228767e+00   3.8356729e+00   3.2150015e+00   2.4511726e+00   4.4176433e+00   3.9457665e+00
   2.0000000e+00   3.9236865e+00   2.7174686e+00   3.6232552e+00   6.0073496e+00   1.8916222e+00   4.0707195e+00   3.4220386e+00   3.6448373e+00   4.0392455e+00   4.0142658e+00
   2.0000000e+00   2.6533278e+00   4.1015644e+00   2.8298645e+00   4.0467306e+00   1.7953707e+00   2.0097826e+00   9.2836973e-01   3.1873047e+00   4.1342050e+00   4.8177369e+00
   1.0000000e+00   3.0947931e+00   2.5060310e+00   1.8075498e+00   4.6897330e+00   2.0283917e+00   1.7003438e+00   2.0903555e+00   2.9637944e+00   3.5277710e+00   1.5732299e+00
   2.0000000e+00   1.5453544e+00   3.8024952e+00   2.2297141e+00   4.6665272e+00   2.1543395e+00   4.3419407e+00   2.7147250e+00   3.5014155e+00   2.9292586e+00   3.3869795e+00
   2.0000000e+00   2.1365657e+00   1.9920338e+00   3.7131701e+00   2.7124985e+00   2.8720328e+00   3.9707907e+00   3.6363487e+00   2.2479910e+00   4.3204856e+00   4.5780750e+00
   2.0000000e+00   3.3578080e+00   4.9220602e+00   4.0504404e+00   2.5129945e+00   2.9453136e+00   2.1502048e+00   3.3662333e+00   1.9924843e+00   4.6701900e+00   3.0318418e+00
   2.0000000e+00   2.1883084e+00   3.1681288e+00   2.3643148e+00   1.3308184e+00   2.4074695e+00   2.9506121e+00   2.8975632e+00   3.6616864e+00   2.4828868e+00   3.0272999e+00
   2.0000000e+00   2.7971474e+00   2.9738143e+00   1.6499404e+00   2.0247350e+00   2.9144014e+00   4.8572482e+00   8.3276160e-01   3.2849790e+00   5.0304408e+00   2.2988574e+00
   2.0000000e+00   4.2303591e+00   2.5953445e+00   1.9669926e+00   2.7142031e+00   2.3450740e+00   1.8390924e+00   1.5697282e+00   1.2412275e+00   1.3341939e+00   4.1091989e+00
   2.0000000e+00   2.3047477e+00   2.4631503e+00   4.0312234e+00   2.9078091e+00   3.1786423e+00   3.3304966e+00   4.3435930e+00   2.2543530e+00   1.4052566e+00   3.2658603e+00
   2.0000000e+00   2.8866745e+00   2.5142653e+00   3.9370947e+00   3.3252777e+00   4.5656637e+00   1.6096477e+00   3.1380472e+00   9.9892148e-01   2.4151585e+00   4.2117969e+00
   2.0000000e+00   1.9237802e+00   2.6464273e+00   3.8031271e+00   3.1537865e+00   3.8705896e+00   3.1739832e+00   3.0174991e+00   3.6848057e+00   2.4777656e+00   1.9676673e+00
   2.0000000e+00   3.7345311e+00   4.2911640e+00   3.9930434e+00   1.8066150e+00   2.5862920e+00   3.3090814e+00   2.6615046e+00   3.4665023e+00   3.5103554e+00   2.1691990e+00
   1.0000000e+00   3.5546393e+00   3.5352676e+00   2.9708975e+00   2.6696560e+00   3.1470996e+00   2.8171561e+00   5.9153450e+00   3.1529700e+00   3.7161143e+00   3.0421264e+00
   2.0000000e+00   1.4977597e+00   3.0082747e+00   3.1613107e+00   4.7382949e+00   2.8385714e+00   3.9468821e+00   2.3130653e+00   3.4844741e+00   2.2898166e+00   3.1937496e+00
   2.0000000e+00   2.1378042e+00   1.9933036e+00   3.7340933e+00   2.6972357e+00   2.5680909e+00   2.8632736e+00   2.8576362e+00   2.3325304e+00   3.9511205e+00   2.0512036e+00
   2.0000000e+00   2.4451029e+00   1.3027419e+00   3.9416754e+00   2.0765451e+00   2.6829562e+00   4.1922425e+00   3.5387618e+00   2.5246483e+00   3.6979765e+00   3.3695749e+00
   2.0000000e+00   3.5186949e-01   4.8162178e+00   5.6037131e+00   2.7444335e+00   4.1236781e+00   4.1014286e+00   4.3282234e+00   3.0492255e+00   1.5461901e+00   2.7218441e+00
   1.0000000e+00   1.7317673e+00   2.8547623e+00   2.0168042e+00   3.3367931e+00   2.4483565e+00   2.7232545e+00   2.8689598e+00   4.0712371e+00   3.5854959e+00   4.2718530e+00
   2.0000000e+00   2.2127326e+00   2.8603723e+00   3.1147034e+00   2.6108337e+00   3.1923834e+00   3.2617005e+00   3.9701323e+00   3.5491846e+00   4.0772378e+00   3.0553632e+00
   2.0000000e+00   3.5510049e+00   1.8681473e+00   3.4490054e+00   2.5708542e+00   3.6229013e+00   3.2115221e+00   3.9985712e+00   2.9452381e+00   1.9817385e+00   3.2632456e+00
   2.0000000e+00   2.7715347e+00   3.6126209e+00   1.8188616e+00   2.6546261e+00   1.9555668e+00   3.9714383e+00   3.2628505e+00   4.1217776e+00   2.4466727e+00   2.1050875e+00
   2.0000000e+00   1.8631521e+00   2.0938631e+00   1.4852872e+00   4.1947576e+00   1.4772288e+00   4.2501602e+00   1.6816651e+00   2.9537220e+00   3.9987100e+00   1.3249848e+00
   2.0000000e+00   2.7401165e+00   3.8844360e+00   3.1663656e+00   3.8447583e+00   3.7785006e+00   3.7976619e+00   3.8064703e+00   2.4078038e+00   5.1957958e+00   6.7539949e-01
   2.0000000e+00   3.7431209e+00   6.3991497e-01   2.2797876e+00   2.2452486e+00   3.3900128e+00   3.0278998e+00   3.1043441e+00   3.9074399e+00   2.6530335e+00   5.0092164e+00
   2.0000000e+00   2.8683342e+00   3.4208889e+00   2.9999239e+00   2.2494489e+00   2.4604053e+00   2.1095942e+00   4.5567019e+00   3.3152369e+00   2.6757965e+00   3.5954903e+00
   1.0000000e+00   1.6813464e+00   3.1834548e+00   2.0260976e+00   1.2489117e+00   4.1422192e+00   1.7105461e+00   2.1582141e+00   1.9003042e+00   3.5293762e+00   4.4857513e+00
   2.0000000e+00   6.0071277e+00   3.5008082e+00   2.9004321e+00   4.1342118e+00   3.3201722e+00   4.1050777e+00   2.9965163e+00   1.9069977e+00   2.7424940e+00   2.8532023e+00
   2.0000000e+00   3.2467574e+00   2.6698141e+00   3.1034403e+00   2.8918364e+00   2.5882711e+00   5.0056996e+00   2.4949366e+00   2.2683324e+00   2.1396537e+00   1.4382065e+00
   2.0000000e+00   4.5170185e+00   5.8644441e-01   7.3445022e-01   2.7563194e+00   2.5542398e+00   3.2723792e+00   1.1548771e+00   3.9039412e+00   1.7510263e+00   1.8619804e+00
   2.0000000e+00   5.6926577e+00   2.0371581e+00   3.7747554e+00   3.1802078e+00   2.4928374e+00   2.9314517e+00   1.9474729e+00   3.6023079e+00   1.3408285e+00   1.8181156e+00
   2.0000000e+00   4.2445192e+00   5.7150485e+00   9.4131334e-01   1.6917211e+00   1.8946540e+00   3.9405584e+00   1.0371636e+00   3.0555519e+00   4.8749013e+00   5.9558053e-01
   2.0000000e+00   2.8870848e+00   3.9784782e+00   3.2607884e+00   2.0726917e+00   5.7596315e+00   1.3135855e+00   4.6968672e+00   2.8212528e+00   3.4124790e+00   3.6854455e+00
   1.0000000e+00   9.5045449e-01   2.2005655e+00   3.0221922e+00   3.1847396e+00   7.0402411e-01   2.7398451e+00   3.2426437e+00   3.1928180e+00   3.3150763e+00   2.0485123e+00
   1.0000000e+00   1.4645770e+00   3.4839876e+00   3.2367987e+00   2.6765753e+00   3.2760019e+00   9.9463170e-01   3.6026973e+00   4.3504385e+00   3.3374126e+00   3.2970664e+00
   2.0000000e+00   2.5322053e+00   3.4652378e+00   4.5572384e+00   9.3035580e-01   3.0057124e+00   3.4297571e+00   3.2067718e+00   3.7530698e+00   2.2043422e+00   3.1450504e+00
   2.0000000e+00   3.1491088e+00   5.3267813e-01   1.4258182e+00   2.2230909e+00   1.7053321e+00   3.0293746e+00   4.1232577e+00   2.4635932e+00   3.5346112e+00   2.3323466e+00
   2.0000000e+00   4.8213609e+00   2.6804450e+00   2.2978351e+00   3.2662681e+00   2.8527766e+00   3.3301514e+00   4.5197555e+00   2.8158749e+00   4.1919352e+00   4.2689995e+00
   2.0000000e+00   5.3982027e+00   9.7085129e-01   2.2210101e+00   4.0776113e+00   3.3939613e+00   2.5707690e+00   2.5938547e+00   3.5350919e+00   1.3716586e+00   3.3114722e+00
   2.0000000e+00   3.8579134e+00   4.1620256e+00   4.5847471e+00   3.0890244e+00   4.0369279e+00   1.1289895e+00   2.0338338e+00   2.6215084e+00   3.3627082e+00   1.4689090e+00
   1.0000000e+00   1.7468847e+00   3.9491196e+00   4.3448152e+00   3.1459782e+00   3.1139409e+00   3.9981684e+00   4.1088181e+00   4.1253087e+00   3.1653583e+00   2.9127166e+00
   2.0000000e+00   2.8035544e+00   4.4856515e+00   3.7231500e+00   2.5168598e+00   3.5873770e+00   2.3439409e+00   5.2532815e+00   3.3517288e+00   3.3011788e+00   3.2965666e+00
   2.0000000e+00   5.2339222e+00   5.0440262e+00   1.4086891e+00   3.2112548e+00   4.7693424e+00   3.1804606e+00   2.7801161e+00   4.4346317e+00   2.9892782e+00   2.4980385e+00
   1.0000000e+00   3.0229445e+00   3.0800267e+00   2.5294254e+00   3.5457046e+00   2.8900313e+00   3.9550315e+00   2.2389169e+00   2.7613576e+00   3.3964711e+00   3.3348380e+00
   2.0000000e+00   2.9358495e+00   2.4722653e+00   3.5371326e+00   2.0913507e+00   2.4214010e+00   3.5754554e+00   3.3344818e+00   2.5964734e+00   1.8953370e+00   4.2732431e+00
   2.0000000e+00   2.0147203e+00   3.2960498e+00   3.3604170e+00   4.0596933e+00   1.5568054e+00   2.1705198e+00   2.0558881e+00   4.9988571e+00   3.4994652e+00   3.4436068e+00
   1.0000000e+00   3.3423949e+00   3.2199846e+00   2.3363083e+00   1.3276331e+00   3.8576095e+00   2.7395353e+00   2.2201337e+00   1.4250908e+00   3.1945170e+00   4.1035161e+00
   2.0000000e+00   2.4563470e+00   2.8335597e+00   4.5413658e+00   2.9538784e+00   2.4859292e+00   2.7834634e+00   3.6784478e+00   2.2496896e+00   2.6431199e+00   4.9212764e+00
   1.0000000e+00   3.4351962e+00   2.8191228e+00   2.4103785e+00   2.7671350e+00   4.4365343e+00   3.9952966e+00   2.7800353e+00   3.8356644e+00   3.4885472e+00   4.6630420e+00
   2.0000000e+00   4.1367490e+00   1.9793597e+00   3.3959506e+00   4.6579591e+00   3.0728910e+00   4.2916626e+00   3.5286480e+00   4.2987574e+00   2.4690693e+00   3.3513240e+00
   2.0000000e+00   4.7657257e+00   3.0457184e+00   5.0445007e+00   2.6848954e+00   2.8642303e+00   1.9345790e+00   2.4961928e+00   1.8280252e+00   2.5260745e+00   4.6305756e+00
   2.0000000e+00   2.9832514e+00   1.6497485e+00   4.7727362e+00   6.2528110e+00   2.4313586e+00   1.9805619e+00   3.5874188e+00   3.8174762e+00   3.4532668e+00   1.4637683e+00
   2.0000000e+00   5.4608703e+00   3.2640886e+00   2.7994898e+00   2.7248152e+00   2.4797508e+00   3.1313849e+00   3.3440504e+00   3.8049088e+00   2.5652353e+00   3.0392892e+00
   2.0000000e+00   4.8079725e+00   3.6187350e+00   3.7723237e+00   2.2784269e+00   1.7260908e+00   2.9987962e+00   3.5195536e+00   4.3297684e+00   1.4496068e+00   3.6306676e+00
   2.0000000e+00   2.1535811e+00   3.6701802e+00   4.7200044e+00   5.3459280e+00   3.6053401e+00   3.2021942e+00   4.1771975e+00   3.7728849e+00   1.3960972e+00   3.3404040e+00
   2.0000000e+00   4.6672207e+00   3.8992304e+00   2.0278934e+00   2.9813766e+00   2.5761933e+00   1.9474810e+00   3.8752163e+00   3.3571599e+00   2.2131758e+00   2.7281982e+00
   2.0000000e+00   3.4873312e+00   3.5290520e+00   3.9855976e+00   2.7419481e+00   3.6451736e+00   1.6547696e+00   1.4559505e+00   2.1924586e+00   4.8678759e+00   8.9326546e-01
   2.0000000e+00   2.0815347e+00   3.8804517e+00   4.9088541e+00   3.1467408e+00   1.2944581e+00   2.9207210e+00   4.8288448e+00   4.3036191e+00   5.2972230e+00   3.0365119e+00
   2.0000000e+00   4.2705401e+00   2.9870573e+00   4.0316617e+00   1.9906348e+00   3.3475600e+00   4.2416265e+00   1.7546626e+00   3.7385808e+00   2.9331473e+00   1.7501806e+00
   2.0000000e+00   3.9492041e+00   2.6167358e+00   4.2658263e+00   1.5294330e+00   2.0777167e+00   3.6356711e+00   1.2319839e+00   2.0734097e+00   1.4447827e+00   2.3816152e+00
   2.0000000e+00   3.5908460e+00   4.3958087e+00   3.0014645e+00   2.3507959e+00   1.4219338e+00   2.8812161e+00   3.9591650e+00   3.6437505e+00   3.0050223e+00   3.8311901e+00
   2.0000000e+00   3.1054796e+00   1.1553198e+00   1.6866160e+00   3.0705484e+00   2.7629390e+00   2.6154379e+00   2.2173263e+00   2.2609446e+00   3.6899705e+00   2.1499768e+00
   2.0000000e+00   1.9251806e+00   1.8910760e+00   2.2574142e+00   4.1510160e+00   3.6210614e+00   1.8736778e+00   1.1006195e+00   1.6767670e+00   5.5733311e+00   3.8430752e+00
   2.0000000e+00   5.4078590e+00   2.2032699e+00   4.5845620e+00   4.2214678e+00   4.0408284e+00   3.9038337e+00   2.9567190e+00   2.5634075e+00   4.7257476e+00   2.2317576e+00
   2.0000000e+00   4.2941860e+00   3.5866655e+00   3.0737185e+00   3.4858666e+00   4.2435989e+00   3.8588180e+00   4.8434865e+00   3.0502376e+00   2.5992162e+00   4.9464174e+00
   2.0000000e+00   4.7014524e+00   1.6301946e+00   3.8464712e+00   4.2084332e+00   2.6183590e+00   2.8337679e+00   3.8977537e+00   4.1833663e+00   1.8021370e+00   4.0478513e+00
   2.0000000e+00   3.4908571e+00   2.9557980e+00   1.9621554e+00   5.6448846e+00   2.0325606e+00   3.3894210e+00   3.6949980e+00   2.7797816e+00   2.5068832e+00   1.8857001e+00
   2.0000000e+00   2.5922578e+00   3.5017795e+00   1.1852475e+00   3.6571939e+00   6.0586915e+00   3.2739694e+00   1.9294830e+00   3.1220527e+00   1.8674472e+00   3.7408622e+00
   2.0000000e+00   4.1909916e+00   2.6655476e+00   9.0291861e-01   3.9721356e+00   2.4458971e+00   3.9315031e+00   2.1920804e+00   3.3487407e+00   4.3293019e+00   5.2696286e+00
   2.0000000e+00   1.6198775e+00   3.6756598e+00   3.2855187e+00   2.6966110e+00   2.2895933e+00   4.6483895e+00   3.9245978e+00   1.8319477e+00   2.5763869e+00   3.5115179e-01
   2.0000000e+00   3.4584441e+00   3.6366189e+00   8.2099371e-01   4.2094771e+00   3.4784870e+00   1.2334550e+00   4.3292460e+00   2.7046468e+00   2.8215851e+00   2.5127724e+00
   2.0000000e+00   2.2772901e+00   5.3866861e+00   4.4552318e+00   1.8635800e+00   1.9172604e+00   2.6915652e+00   4.1161258e+00   2.6672232e+00   2.1253176e+00   1.7195552e+00
   2.0000000e+00   3.0305038e+00   1.5908390e+00   4.1656071e+00   2.6665455e+00   2.3281972e+00   2.9191182e+00   3.5577236e+00   2.2780278e+00   3.6596062e+00   3.3378666e+00
   2.0000000e+00   3.6663155e+00   2.4644118e+00   3.3079513e+00   2.1340252e+00   1.4619798e+00   1.7184074e+00   1.9776043e+00   1.8069926e+00   2.0770373e+00   3.8791572e+00
   2.0000000e+00   3.9327289e+00   3.9796234e+00   4.0470861e+00   2.4368467e+00   2.7989608e+00   2.7085547e+00   2.8145847e+00   1.8928312e+00   3.7263098e+00   3.1953047e+00
   2.0000000e+00   2.6481146e+00   2.8494095e+00   2.8930924e+00   5.0094235e+00   1.8662816e+00   3.8162487e+00   4.2346408e+00   2.6622389e+00   2.0023698e+00   3.0074084e+00
   1.0000000e+00   2.7032999e+00   2.7444843e+00   1.1642792e+00   2.7935860e+00   3.3914871e+00   2.2394498e+00   4.4159910e+00   2.3485103e+00   3.2786618e+00   3.3318942e+00
   2.0000000e+00   4.8485228e-01   2.2941384e+00   2.8738710e+00   2.5702580e+00   3.1898460e+00   8.9077707e-01   3.4044278e+00   4.4599507e+00   2.5159116e+00   1.9360710e+00
   2.0000000e+00   1.5259284e+00   4.1672165e+00   2.3219509e+00   4.0437269e+00   2.2762835e+00   1.9766962e+00   3.1139950e+00   2.2843799e+00   3.7390222e+00   1.9880737e+00
   2.0000000e+00   5.0699174e+00   3.7724874e+00   4.2650400e+00   2.6819415e+00   2.6137080e+00   3.2886104e+00   3.3514120e+00   3.0260820e+00   2.2699661e+00   3.7764535e+00
   2.0000000e+00   3.3563841e+00   3.8735628e+00   3.3481431e+00   3.3240331e+00   2.4250760e+00   2.2349964e+00   2.5315092e+00   2.6265135e+00   2.2767244e+00   2.4599154e+00
   2.0000000e+00   3.5553677e+00   3.1996395e+00   3.4134897e+00   3.5579405e+00   3.1698733e+00   3.9512765e+00   3.8660879e+00   4.5871681e+00   1.9967288e+00   4.5081790e+00
   2.0000000e+00   1.7304114e+00   1.2114734e+00   2.6254856e+00   2.1253952e+00   2.3403975e+00   2.4400255e+00   3.2356369e+00   4.4439181e+00   2.8706909e+00   4.0147125e+00
   2.0000000e+00   2.5932774e+00   5.1275536e+00   2.1057476e+00   2.6425361e+00   3.2729369e+00   3.2322736e+00   3.4819788e+00   2.4393952e+00   2.5007611e+00   2.0407306e+00
   2.0000000e+00   9.7958211e-01   2.2017585e+00   3.2803534e+00   4.9401291e+00   2.1464521e+00   2.4014133e+00   2.8612208e+00   3.7211767e+00   2.4453670e+00   3.3704930e+00
   2.0000000e+00   1.3978910e+00   3.5587649e+00   2.5617444e+00   3.1385889e+00   3.5902261e+00   3.6341317e+00   3.3302941e+00   2.3555065e+00   3.9335142e+00   3.7260592e+00
