   2.0000000e+00   2.4703781e+00   2.2870608e+00   4.5001754e+00   3.0819040e+00   2.6168175e+00   2.8217476e+00   2.4888734e+00   4.2017138e+00   2.7887105e+00   3.2337342e+00
   2.0000000e+00   4.2906351e+00   4.3262415e+00   3.6624398e+00   3.4958852e+00   4.0820522e+00   3.6545499e+00   4.1782731e+00   2.8474738e+00   3.5002915e+00   3.5774670e+00
   2.0000000e+00   2.4080919e+00   1.9985451e+00   4.4341109e+00   3.6972449e+00   3.1083627e+00   3.4136663e+00   3.4392025e+00   9.9900181e-01   4.6044496e+00   5.1559350e+00
   2.0000000e+00   3.2852369e+00   3.2373141e+00   1.8332787e+00   3.9013221e+00   4.2293073e+00   2.5746204e+00   1.9628756e+00   2.1083859e+00   2.1509010e+00   2.6302774e+00
   2.0000000e+00   4.2031807e+00   4.6449095e+00   7.8841296e-01   4.7499889e+00   4.3555074e+00   2.5231516e+00   3.5898175e+00   1.2567930e+00   4.8486801e+00   2.7055346e+00
   2.0000000e+00   3.5265297e+00   1.8627340e+00   2.6419857e+00   2.1624150e+00   3.9080363e+00   3.6976630e+00   2.3080456e+00   1.5728747e+00   3.5329007e+00   1.6837144e+00
   2.0000000e+00   4.4131806e+00   4.1631785e+00   1.7546811e+00   2.1539906e+00   2.6597807e+00   7.0103971e-01   1.8196625e+00   3.4094643e+00   1.6091232e+00   3.4693674e+00
   1.0000000e+00   2.3769590e+00   2.9080535e+00   3.2418265e+00   4.1506227e+00   3.2536211e+00   4.1737954e+00   3.0909961e+00   2.1082962e+00   1.5072909e+00   2.5135344e+00
   2.0000000e+00   3.9169438e+00   2.0644321e+00   1.6300266e+00   4.4234350e+00   3.0667791e+00   3.6553853e+00   2.5670288e+00   4.3521866e+00   2.2541480e+00   2.2477041e+00
   1.0000000e+00   1.4884720e+00   1.8156890e+00   3.4361804e+00   2.5542996e+00   3.2155461e+00   1.8092604e+00   2.8258645e+00   3.6282557e+00   2.4088803e+00   3.6531436e+00
   2.0000000e+00   3.5155574e+00   3.6087336e+00   2.5043060e+00   2.3205242e+00   2.3543526e+00   5.0384777e+00   2.0209702e+00   2.3402706e+00   4.9281445e+00   1.6202590e+00
   1.0000000e+00   3.4163147e+00   5.9345972e+00   3.3134321e+00   2.4897019e+00   3.0786355e+00   2.9305018e+00   3.0108751e+00   2.9602695e+00   1.4946013e+00   4.2010214e-01
   2.0000000e+00   2.5996797e+00   3.7428987e+00   2.8338217e+00   1.5452890e+00   2.9868364e+00   4.1148939e+00   2.2721240e+00   3.9386998e+00   5.9965784e+00   4.6765690e+00
   2.0000000e+00   3.6095705e+00   2.5878567e+00   4.3898375e+00   3.2515103e+00   4.3468486e+00   5.9185381e+00   1.9166611e+00   3.2581885e+00   2.3777094e-01   4.3341247e+00
   2.0000000e+00   6.3077479e-01   5.0941867e+00   1.8962451e+00   3.6569468e+00   3.2215939e+00   2.2902782e+00   3.9567992e+00   2.2972286e+00   2.7234065e+00   3.6731071e+00
   2.0000000e+00   4.8319552e+00   2.2965351e+00   2.6751402e+00   5.3162199e+00   1.2632744e+00   3.1509751e+00   2.9888614e+00   4.6584661e+00   2.6173922e+00   1.1598947e+00
   2.0000000e+00   2.0622407e+00   2.6725216e+00   1.5458445e+00   2.6340928e+00   2.1030101e+00  -5.9726902e-03   1.7324473e+00   3.2378783e+00   3.2686156e+00   2.5947471e+00
   2.0000000e+00   3.4296412e+00   3.9200562e+00   1.3589509e+00   2.8378180e+00   3.2593130e+00   1.9379054e+00   4.3450262e+00   4.7778004e+00   3.4302309e+00   5.2869234e+00
   2.0000000e+00   3.6124484e+00   8.3444662e-01   4.3146558e+00   3.3707888e+00   1.8269131e+00   2.4304550e+00   2.2140619e+00   4.2008915e+00   2.1086582e+00   3.8186702e+00
   2.0000000e+00   1.3695855e+00   1.9586934e+00   2.6628218e+00   3.2825712e+00   2.6748456e+00   3.9621907e+00   3.0935004e+00   3.1973034e+00   3.4159007e+00   2.2799274e+00
   2.0000000e+00   2.5265324e+00   3.1722003e+00   3.0717278e+00   5.2661015e+00   4.1080760e+00   2.4697063e+00   1.8773639e+00   2.7291846e+00   1.2801188e+00   2.4407375e+00
   2.0000000e+00   1.3523110e+00   3.4229805e+00   2.3626711e+00   3.3389047e+00   3.6137153e+00   3.1737636e+00   4.9587050e+00   2.0509191e+00   2.1440152e+00   2.6382180e+00
   2.0000000e+00   3.7781046e+00   2.0332350e+00   3.3065946e+00   5.0243151e+00   2.6106481e+00   2.7556253e+00   4.9587724e+00   4.4236612e+00   4.5157067e+00   2.6950907e+00
   2.0000000e+00   3.0783784e+00   3.2168212e+00   2.8078775e+00   3.8796209e+00   3.7418678e+00   3.7111681e+00   2.9809896e+00   4.3761442e+00   3.9344242e+00   2.0164821e+00
   1.0000000e+00   4.2136128e+00   3.1430319e+00   3.1456073e+00   4.4813181e+00   2.4059318e+00   5.6785209e+00   2.2805375e+00   3.0367132e+00   1.9611912e+00   4.9990380e+00
   2.0000000e+00   2.0088758e+00   3.0390705e+00   2.0776995e+00   2.0157005e+00   2.0653384e+00   2.8973592e+00   3.9861117e+00   2.4428357e+00   4.5258925e+00   3.9758905e+00
   2.0000000e+00   3.8944253e+00   3.9014020e+00   2.6608664e+00   4.5387168e+00   3.7130658e+00   2.0931493e+00   3.3531972e+00   3.1354710e+00   2.8179057e+00   3.3832526e+00
   2.0000000e+00   3.2504569e+00   2.6578923e+00   4.4941065e+00   2.1155232e+00   3.9949990e+00   2.4609911e+00   2.9209952e+00   2.2655467e+00   3.0424706e+00   4.5310793e+00
   2.0000000e+00   2.8460675e+00   3.3657689e+00   3.7502056e+00   4.3256866e+00   1.0962752e+00   2.4655701e+00   4.6123745e+00   2.6146697e+00   3.4759040e+00   2.0547076e+00
   1.0000000e+00   4.1179861e+00   2.4445237e+00   3.1951612e+00   1.8325685e+00   3.7391178e+00   2.3787734e+00   4.2130076e+00   2.7010670e+00   3.1722177e+00   3.0479847e+00
   2.0000000e+00   1.4772296e+00   1.9082959e+00   2.1339468e+00   5.7476844e+00   1.4565183e+00   5.1259234e+00   3.1742519e+00   3.1230208e+00   5.3154494e+00   3.1020720e+00
   1.0000000e+00   2.4443473e+00   3.3969156e+00   3.2383855e+00   3.7001858e+00   3.3818545e+00   3.0188599e+00   3.6078128e+00   2.9399781e+00   3.0683743e+00   1.8293588e+00
   2.0000000e+00   2.5942336e+00  -9.1568953e-01   8.7396428e-01   3.2389653e+00   4.6567417e+00   3.1047059e+00   2.9837151e+00   4.0731595e+00   3.1377625e+00   3.6739633e+00
   2.0000000e+00   2.1086768e+00   2.5315583e+00   3.9868715e+00   2.8351039e+00   3.2262689e+00   2.1449695e+00   3.3890972e+00   2.1410028e+00   2.7116040e+00   2.8023889e+00
   2.0000000e+00   2.5029389e+00   2.3972934e+00   2.7193190e+00   3.0674856e+00   3.8599023e+00   2.4514415e+00   3.8072496e+00   4.1846052e+00   1.5664766e+00   4.2731241e+00
   1.0000000e+00   5.2743105e+00   3.4118986e+00   3.0391270e+00   3.1332546e+00   2.3996650e+00   3.7585740e+00   4.1559843e+00   4.1324068e+00   3.3875978e+00   3.6967314e+00
   2.0000000e+00   3.5632593e+00   3.3253210e+00   5.1300854e+00   3.1277463e+00   2.0528410e+00   3.0861638e+00   2.1276089e+00   3.5757911e+00   3.5559868e+00   2.4259409e+00
   2.0000000e+00   3.2671770e+00   4.0885392e+00   3.5728538e+00   3.3348482e+00   1.4329162e+00   3.8159442e+00   3.1172202e+00   3.3073589e+00   3.5478080e+00   4.4318048e+00
   2.0000000e+00   3.1936411e+00   2.4625066e+00   4.1385438e+00   1.9388922e+00   3.8840792e+00   3.0873857e+00   3.6760060e+00   1.7344730e+00   3.6208858e+00   4.1603106e+00
   2.0000000e+00   2.7373686e+00   3.0706784e+00   3.9794830e+00   2.5838820e+00   2.5346370e+00   2.4385957e+00   1.6932293e+00   3.7664070e+00   4.0038942e+00   3.9033457e+00
   2.0000000e+00   3.1081734e+00   2.5997180e+00   2.6504602e+00   3.4551571e+00   3.9557141e+00   4.5339769e+00   2.8908376e+00   3.0627314e+00   2.2263100e+00   3.8773777e+00
   2.0000000e+00   3.6874032e+00   4.7385048e+00   2.9411831e+00   3.0482130e+00   3.1005964e+00   3.1389052e+00   2.3471266e+00   2.5819720e+00   3.5591426e+00   2.6163082e+00
   2.0000000e+00   2.8683877e+00   2.8685900e+00   3.0446638e+00   2.6065970e+00   1.8573246e+00   5.6721630e+00   2.7076432e+00   3.6396672e+00   3.6045897e+00   1.5306792e+00
   2.0000000e+00   1.5187813e+00   2.0957418e+00   2.6335712e+00   3.7081380e+00   3.8447863e+00   4.1033750e+00   3.2653805e+00   3.6918162e+00   2.5564282e+00   3.6666102e+00
   2.0000000e+00   3.6295484e+00   4.6323231e+00   2.7684503e+00   3.9056951e+00   3.4602863e+00   1.5445979e+00   2.2781147e+00   5.0929730e+00   2.9726355e+00   3.8805342e+00
   2.0000000e+00   1.5423687e+00   1.2090886e+00   1.1263680e+00   2.6693964e+00   3.0786224e+00   1.8684581e+00   3.8158142e+00   3.2022906e+00   2.1863708e+00   4.0101242e+00
   1.0000000e+00   3.2597044e+00   2.3530569e+00   3.0598738e+00   2.0062015e+00   2.1560859e+00   2.0378067e+00   3.1568830e+00   1.4116534e+00   3.3893572e+00   1.9516715e+00
   2.0000000e+00   3.7250431e+00   2.0584404e+00   2.8473482e+00   4.0630401e+00   1.6697212e+00   2.6168966e+00   4.5490763e+00   1.4392124e+00   2.6588424e+00   2.4158443e+00
   2.0000000e+00   2.5243836e+00   2.3474420e+00   1.3847822e+00   2.7441858e+00   4.0150599e+00   3.0051543e+00   2.9252776e+00   1.7454893e+00   4.9171779e+00   3.8050588e+00
   2.0000000e+00   3.4708743e+00   2.4011525e+00   2.4292104e+00   2.4008840e+00   3.7736079e+00   3.7326011e+00   2.7256889e+00   1.7258523e+00   3.4661069e+00   3.7338418e+00
   2.0000000e+00   4.7371467e+00   4.4257228e+00   1.6617885e+00   4.7617242e+00   5.1383658e+00   4.4854266e+00   3.2262337e+00   2.4511642e+00   2.6946207e+00   3.8543809e+00
   2.0000000e+00   3.1122159e+00   3.2828569e+00   3.1768143e+00   4.0793562e+00   4.1005067e+00   3.1979376e+00   3.5632157e+00   3.9477101e+00   2.2736134e+00   2.1275279e+00
   2.0000000e+00   2.8742400e+00   5.5973907e+00   1.9473564e+00   2.0920812e+00   2.8555719e+00   3.0787215e+00   4.1281744e+00   2.3939102e+00   3.3509363e-01   3.8324660e+00
   2.0000000e+00   4.2408848e+00   2.4835948e+00   3.4144698e+00   4.7371820e+00   1.4273463e+00   2.1859884e+00   1.9154709e+00   2.2637789e+00   3.2241253e+00   3.3947314e+00
   2.0000000e+00   2.3969980e+00   2.9226826e+00   2.8428374e+00   1.3184656e+00   2.5657166e+00   3.1426598e+00   3.5501601e+00   1.3799239e+00   2.2158041e+00   3.7238787e+00
   2.0000000e+00   4.6615752e+00   2.9573812e+00   3.4985565e+00   3.5879278e+00   4.9945907e+00   3.2784916e+00   1.6605636e+00   3.4292385e+00   3.2323529e+00   5.3586382e-01
   1.0000000e+00   4.8989832e+00   4.2197573e+00   3.7285655e+00   4.0505785e+00   3.4375787e+00   3.4204075e+00   3.6993799e+00   3.1087654e+00   1.4952975e+00   2.0925185e+00
   2.0000000e+00   3.2231212e+00   3.2253976e+00   1.8970977e+00   2.7549467e+00   3.4384014e+00   4.4189933e+00   1.8420213e+00   2.6524675e+00   3.7827118e+00   4.5408243e+00
   2.0000000e+00   3.6086786e+00   2.9436086e+00   2.8318721e+00   1.3883869e+00   4.6790879e+00   1.8529075e+00   2.9884623e+00   2.9899431e+00   2.3328884e+00   4.1160414e+00
   2.0000000e+00   1.9979728e+00   2.8414512e+00   1.3006722e+00   2.3552036e+00   2.1287529e+00   3.5534954e+00   4.5421709e+00   2.5182697e+00   3.4060425e+00   1.3165048e+00
   2.0000000e+00   2.9174832e+00   4.3368332e+00   2.1220379e+00   2.4433551e+00   2.5193621e+00   1.6055725e+00   3.1589132e+00   3.6034329e+00   2.2347135e+00   2.2616535e+00
   2.0000000e+00   4.7398941e+00   3.4406555e+00   3.0111698e+00   3.6464922e+00   1.8429656e+00   4.2580425e+00   2.3261893e+00   5.1274562e+00   2.9299868e+00   6.4024991e-01
   2.0000000e+00   3.3009291e+00   2.7235541e+00   2.4211944e+00   2.9573078e+00   4.2048778e+00   5.6407289e+00   2.4291274e+00   3.4334403e+00   4.2103686e+00   3.1935129e+00
   2.0000000e+00   2.8534986e+00   3.1146445e+00   3.8536024e+00   3.0191267e+00   4.8107777e+00   3.9684323e+00   3.0683506e+00   4.1492541e+00   3.0683946e+00   2.8803464e+00
   2.0000000e+00   4.8641863e+00   5.2233584e+00   1.7751277e+00   3.9636759e+00   4.1161976e+00   1.7199809e+00   3.5268164e+00   3.5085191e+00   3.3234821e+00   2.3041571e+00
   2.0000000e+00   2.5708820e+00   4.5205114e+00   2.3328389e+00   2.3511704e+00   1.6570198e+00   3.1473103e+00   2.2558250e+00   3.0983584e+00   4.2511333e+00   2.1129856e+00
   2.0000000e+00   2.9385441e+00   2.6181716e+00   4.5341614e+00   2.1855475e+00   3.7477497e+00   2.5965359e+00   3.4350071e+00   5.2297450e+00   2.5560707e+00   2.1388266e+00
   1.0000000e+00   2.9784754e+00   2.7176906e+00   3.7759374e+00   2.7198164e+00   2.5343050e+00   1.6507256e+00   2.2917115e+00   1.3121442e+00   3.4597048e+00   1.2320974e+00
   2.0000000e+00   4.5305702e+00   3.5140005e+00   1.0908038e+00   1.6598769e+00   3.2027824e+00   2.0745190e+00   3.0296986e+00   2.5011563e+00   4.0666550e+00   1.5782322e+00
   2.0000000e+00   3.7111740e+00   2.0972826e+00   2.9256995e+00   1.8200652e+00   2.4297527e+00   1.0392094e+00   3.2689809e+00   4.3665879e+00   4.1405396e+00   3.4833740e+00
   1.0000000e+00   2.5684849e+00   2.7518613e+00   3.0974020e+00   2.7619618e+00   3.8583146e+00   2.3529837e+00   2.6949054e+00   2.7489457e+00   3.6335430e+00   3.2196655e+00
   2.0000000e+00   3.7485266e+00   1.8968176e+00   1.8206615e+00   2.2340448e+00   2.0201095e+00   4.0968876e+00   2.9400386e+00   3.5365297e+00   5.6787184e+00   4.1141384e+00
   2.0000000e+00   2.5000098e+00   1.1261275e+00   4.9142787e+00   2.1408745e+00   3.3932471e+00   3.3784246e+00   3.8233678e+00   2.5657412e+00   1.7273376e+00   3.5221204e+00
   2.0000000e+00   4.8699179e+00   2.5758193e+00   2.3092277e+00   2.6148387e+00   4.6518162e+00   5.2357105e-01   2.6786355e+00   4.4466408e+00   2.1571926e+00   2.8664437e+00
   2.0000000e+00   7.5483633e-01   2.8808554e+00   3.7705613e+00   4.2790121e+00   1.9700601e+00   4.1599691e+00   8.9537153e-01   3.8924618e+00   3.2933920e+00   2.6779838e+00
   2.0000000e+00   3.4199965e+00   3.5265364e+00   4.0224167e+00   4.2481948e+00   4.3627746e+00   3.8969439e+00   3.6013512e+00   2.4662812e+00   2.5465526e+00   1.6366726e+00
   2.0000000e+00   4.1113152e+00   2.9032384e+00   3.5243328e+00   3.2384012e+00   1.6820588e+00   1.7823276e+00   1.8902239e+00   2.7251032e+00   3.4917131e+00   2.3663414e+00
   2.0000000e+00   3.0341436e+00   1.2519036e+00   3.1799236e+00   3.2149488e+00   1.7098022e+00   2.2862418e+00   3.3924334e+00   2.3808766e+00   1.6252101e+00   2.8263312e+00
   1.0000000e+00   1.8129634e+00   3.6142272e+00   3.5666187e+00   2.2367309e+00   3.8171817e+00   3.3613973e+00   2.4503074e+00   3.6738163e+00   3.0795649e+00   2.6407319e+00
   2.0000000e+00   3.9352013e+00   2.2514886e+00   1.9846223e+00   1.9753307e+00   2.5956429e+00   1.6494742e+00   4.0550773e+00   6.3239945e-01   3.8550526e+00   1.1790575e+00
   2.0000000e+00   2.4810998e+00   1.7541418e+00   1.9769500e+00   2.3258568e+00   4.7042334e+00   1.9233455e+00   1.5102971e+00   3.8863652e+00   1.9898535e+00   2.1544467e+00
   2.0000000e+00   3.7430711e+00   4.3239578e+00   2.6786833e+00   4.1141484e+00   3.5585906e+00   1.9628321e+00   2.3294873e+00   1.3374805e+00   2.6585357e+00   1.9038211e+00
   2.0000000e+00   2.7418856e+00   3.4696661e+00   7.1211796e-01   3.9519082e+00   3.9716590e+00   3.5079946e+00   3.3697227e+00   8.9193476e-01   9.7880872e-01   3.3353608e+00
   2.0000000e+00   3.5972186e+00   3.0518626e+00   2.6027508e+00   3.8439934e+00   2.0601685e+00   3.0564745e+00   3.6641410e+00   2.7232638e+00   2.1663058e+00   2.9222784e+00
   2.0000000e+00   2.8138057e+00   3.1661772e+00   5.4370202e+00   2.6246290e+00   2.3391056e+00   2.3582025e+00   2.9331358e+00   4.3014698e+00   3.3052521e+00   2.4504453e+00
   2.0000000e+00   3.8970267e+00   4.6954720e+00   3.3442278e+00   3.9902741e+00   5.0935968e+00   1.8229692e+00   2.5010847e+00   4.6711338e+00   4.2926437e+00   1.9529570e+00
   1.0000000e+00   2.3949783e+00   2.4812906e+00   3.2851923e+00   3.0412785e+00   3.6162807e+00   2.6535410e+00   1.8405937e+00   4.3712357e+00   4.2544563e+00   1.9842566e+00
   2.0000000e+00   5.3872094e+00   2.4166122e+00   2.7953214e+00   1.8833007e+00   1.4970871e+00   2.0544430e+00   3.1486327e+00   1.5777548e+00   3.2568648e+00   7.3526004e-01
   2.0000000e+00   4.2802726e+00   1.3638541e+00   2.8956624e+00   4.0742122e+00   1.4953485e+00   4.3889655e+00   1.7269916e+00   3.9284612e+00   2.3961348e+00   4.3662887e+00
   2.0000000e+00   3.7722776e+00   4.0926194e+00   2.2760584e+00   2.3198135e+00   1.2984740e+00   1.0334980e+00   5.2860454e+00   2.4574279e+00   1.5673293e+00   2.0249852e+00
   2.0000000e+00   2.3541580e+00   3.5351301e+00   4.3746933e+00   2.4058801e+00   2.7448935e+00   2.3713961e+00   2.7551974e+00   4.8389742e-01   3.7909520e+00   5.1700892e-01
   2.0000000e+00   3.7773341e+00   3.4618750e+00   2.6337596e+00   2.4083125e+00   5.6513074e+00   1.6422222e+00   3.5537917e+00   4.1352869e+00   3.3781196e+00   2.6168214e+00
   2.0000000e+00   2.6751245e+00   1.9856862e+00   3.3180191e+00   4.1630695e+00   1.1643142e+00   4.3027584e+00   3.5874084e+00   1.8936161e+00   2.4383386e+00   3.5671832e+00
   2.0000000e+00   4.7513450e+00   2.6239964e+00   2.0993393e+00   1.7695841e+00   3.1400372e+00   3.7024536e+00   3.8341741e+00   1.7427401e+00   2.7548048e+00   2.1182632e+00
   2.0000000e+00   3.7450762e+00   3.2095850e+00   2.1151186e+00   3.3064828e+00   4.9174468e+00   2.1548623e+00   2.5261218e+00   1.2834556e+00   3.0717385e+00   2.7236714e+00
   2.0000000e+00   4.3916575e+00   3.5450317e+00   2.3916294e+00   3.1748902e+00   3.9751761e+00   2.5767979e+00   4.7236809e+00   2.6743306e+00   2.2345233e+00   3.0947956e+00
   2.0000000e+00   2.8232696e+00   2.6217754e+00   2.3383797e+00   3.6873573e+00   5.1885668e+00   3.4584983e+00   3.2435495e+00   4.3157492e+00   2.3197465e+00   3.0820152e+00
   2.0000000e+00   2.5233502e+00   1.0896490e+00   1.5075908e+00   3.5954258e+00   1.2520095e+00   3.2449104e+00   3.2107705e+00   1.5515465e+00   2.7161827e+00   4.1306110e+00
   2.0000000e+00   3.2605143e+00   2.0432814e+00   2.9389945e+00   4.0164204e+00   2.9233961e+00   2.6604226e-01   3.2575942e+00   4.8532069e+00   2.4331900e+00   1.4979224e+00
   2.0000000e+00   2.5659181e+00   3.2304797e+00   1.5404135e+00   4.0548927e+00   2.3279471e+00   1.0054110e+00   4.1407999e+00   2.4543960e+00   4.3873911e+00   4.2437349e+00
