   1.0000000e+00   3.0242462e+00   3.8274594e+00   2.5510238e+00   3.0100532e+00   3.5433437e+00   3.0824863e+00   3.0965135e+00   3.0968365e+00   5.0024755e+00   4.1586813e+00
   1.0000000e+00   2.2436025e+00   3.1287183e+00   3.0287387e+00   1.2429538e+00   2.9314701e+00   1.5468894e+00   3.1844488e+00   3.0851805e+00   4.2140929e+00   2.9767030e+00
   2.0000000e+00   3.8813110e+00   2.3536459e+00   2.7399671e+00   3.2978733e+00   2.5657424e+00   1.6346925e+00   2.4495390e+00   2.4015859e+00   2.6350877e+00   1.2446017e+00
   2.0000000e+00   2.5994745e+00   1.9119862e+00   3.2795874e+00   2.9623557e+00   4.4479928e+00   3.0407752e+00   3.5821558e+00   3.0311717e+00   3.5192974e+00   2.3728444e+00
   2.0000000e+00   3.4418116e+00   2.5439948e+00   2.4642373e+00   3.9993191e+00   3.0935012e+00   1.6600602e+00   3.7145561e+00   1.9809313e+00   2.9160152e+00   2.6502982e+00
   2.0000000e+00   2.4329207e+00   3.0022708e+00   3.3061072e+00   1.2991855e+00   3.2212714e+00   2.1012902e+00   4.0490689e+00   9.8580750e-01   3.3780050e+00   3.5816350e+00
   1.0000000e+00   3.4045283e+00   2.2441362e+00   3.5439341e+00   1.8946415e+00   3.7868058e+00   2.3017297e+00   2.4705982e+00   3.0721210e+00   2.1335003e+00   2.7568832e+00
   2.0000000e+00   3.2964554e+00   2.9003844e+00   4.0572733e+00   3.6903441e+00   2.8105411e+00   3.1121471e-01   2.0060326e+00   4.2038007e+00   2.0407398e+00   2.7934088e+00
   1.0000000e+00   3.3914773e+00   1.2281010e+00   3.4286011e+00   1.9206711e+00   3.7245927e+00   3.4578705e+00   1.0366451e+00   3.1067255e+00   2.8382354e+00   2.1851848e+00
   2.0000000e+00   3.0130856e+00   2.4639123e+00   2.1882103e+00   4.3165461e+00   3.1192072e+00   2.6789641e+00   2.4862686e+00   2.0659494e+00   3.7999422e+00   3.3399079e+00
   2.0000000e+00   2.6343168e+00   2.7432228e+00   3.7642853e+00   3.5306529e+00   2.2744452e+00   4.7430174e+00   3.0016910e+00   2.6398383e+00   2.0830057e+00   4.2291953e+00
   2.0000000e+00   3.1819349e+00   2.5889661e+00   5.6885996e+00   4.3418426e+00   1.9950782e+00   2.4323241e+00   4.0950018e+00   2.0577068e+00   8.5447087e-01   2.8110643e+00
   2.0000000e+00   3.5216622e+00   3.3819803e+00   3.0926268e+00   3.4034459e+00   1.7322051e+00   3.1024006e+00   2.7058524e+00   3.9630195e+00   2.9797283e+00   2.4670032e+00
   1.0000000e+00   1.8146573e+00   2.2888410e+00   4.5660522e+00   2.9194212e+00   3.3259002e+00   2.5786508e+00   2.9916307e+00   3.5764757e+00   4.0866333e+00   5.7635020e+00
   2.0000000e+00   2.5881853e+00   1.9972462e+00   1.6632198e+00   2.6546534e+00   4.0991616e+00   2.7113938e+00   2.4209366e+00   1.4717037e+00   2.1919007e+00   3.9382759e+00
   2.0000000e+00   1.7788114e+00   3.0648301e+00   2.0524428e+00   4.3005600e+00   1.9533782e+00   4.1282222e+00   3.2572077e+00   2.1392458e+00   4.3405907e+00   3.5080547e+00
   2.0000000e+00   4.9626783e+00   3.0038825e+00   3.6334759e+00   2.5217259e+00   3.0514328e+00   2.2599778e+00   3.4867400e+00   4.3939576e+00   2.5021758e+00   1.1533932e+00
   2.0000000e+00   3.4809263e+00   1.5803331e+00   3.1214642e+00   3.9856064e+00   3.6397217e+00   2.1713939e+00   3.1327558e+00   4.2205658e+00   3.6318738e+00   1.5197284e+00
   2.0000000e+00   3.1495190e+00   4.5353155e+00   2.9190982e+00   2.8644673e+00   2.1280763e+00   2.7514935e+00   1.4824489e+00   3.7663040e+00   2.3967305e+00   4.2366994e+00
   2.0000000e+00   2.1966376e+00   8.4943525e-01   2.6562736e+00   1.6910575e+00   3.0998288e+00   3.7040940e+00   3.6731072e+00   4.4207355e+00   2.3674339e+00   3.4760716e+00
   2.0000000e+00   3.2328474e+00   2.9080357e+00   2.7319207e+00   4.4645921e+00   4.5951172e+00   2.1329577e+00   1.9824596e+00   2.0309876e+00   2.3420154e+00   3.7974298e+00
   1.0000000e+00   3.7346119e+00   2.8414539e+00   2.3011605e+00   3.4457008e+00   2.9031975e+00   3.8898874e+00   3.1845996e+00   3.5527914e+00   2.0906121e+00   3.4361277e+00
   2.0000000e+00   2.8912238e+00   1.8000423e+00   3.0612444e+00   3.8526361e+00   2.9177188e+00   2.7558673e+00   3.0076994e+00   1.4750576e+00   3.1769018e+00   3.1513323e+00
   2.0000000e+00   2.9105722e+00   2.7824887e+00   2.9148072e+00   4.9197659e+00   3.4322002e+00   3.2154325e+00   3.0984186e+00   1.2295477e+00   3.6759682e+00   2.4720154e+00
   2.0000000e+00   3.2641502e+00   4.4122508e+00   2.1942701e+00   1.5621161e+00   3.1507124e+00   2.8621778e+00   4.4634799e+00   2.9677878e+00   1.6383185e+00   2.3166992e+00
   2.0000000e+00   2.3919416e+00   3.9849303e+00   2.9637918e+00   3.9637923e+00   3.6989506e+00   2.5916693e+00   2.2108043e+00   2.4531342e+00   2.0424805e+00   3.6354809e+00
   2.0000000e+00   2.5267142e+00   3.5937501e+00   2.3209361e+00   2.5518970e+00   3.0992918e+00   2.4492048e+00   4.3582058e+00   2.7304921e+00   3.3831064e+00   4.2973328e+00
   2.0000000e+00   3.6842396e+00   3.3056261e+00   2.5722977e+00   1.6518740e+00   1.8557297e+00   2.7578744e+00   4.5351177e+00   2.5773703e+00   1.2065492e+00   2.6622126e+00
   1.0000000e+00   2.7573162e+00   3.6352241e+00   3.1592104e+00   4.4469036e+00   3.6321809e+00   2.9480560e+00   3.4678209e+00   3.5773096e+00   3.1005376e+00   2.5218385e+00
   2.0000000e+00   4.3953404e+00   2.5671865e+00   2.4608419e+00   2.7600243e+00   2.7928479e+00   3.6182441e+00   3.2990670e+00   2.8103173e+00   2.4024125e+00   1.8521368e+00
   2.0000000e+00   4.0619414e+00   2.6222764e+00   4.3173411e+00   2.9079187e+00   2.5445915e+00   1.9630429e+00   2.7861346e+00   2.9315685e+00   4.2563168e+00   3.2122567e+00
   2.0000000e+00   3.7464539e+00   2.8125436e+00   3.3404784e+00   2.7067168e+00   2.3428613e+00   3.9172855e+00   5.0996973e+00   4.6072480e+00   2.3520103e+00   5.5878406e+00
   2.0000000e+00   2.8679619e+00   3.1329462e+00   2.6549526e+00   1.0380781e+00   3.5733212e+00   4.1504742e+00   1.7056860e+00   8.3150669e-01   1.7637374e+00   3.2339981e+00
   2.0000000e+00   1.6410697e+00   3.1972425e+00   3.6290383e+00   3.7032380e+00   2.4211852e+00   3.9374594e+00   1.9202848e+00   2.7287636e+00   2.0412270e+00   2.0700096e+00
   2.0000000e+00   2.9426251e+00   3.2072252e+00   1.2632858e+00   2.0633020e+00   2.6952859e+00   4.2679870e+00   4.3044890e+00   2.8932458e+00   3.8542728e+00   1.6249634e+00
   2.0000000e+00   3.4099163e+00   2.6480087e+00   2.3036622e+00   3.2763967e+00   3.8680546e+00   2.9984447e+00   2.2421865e+00   1.1316258e+00   4.2687326e+00   2.3181353e+00
   1.0000000e+00   1.8526656e+00   5.6097116e+00   2.8856097e+00   1.9015961e+00   3.1632229e+00   2.1104510e+00   2.5871497e+00   3.7736428e+00   1.4938425e+00   2.9289456e+00
   1.0000000e+00   2.5531237e+00   5.2145114e+00   3.3296443e+00   3.8557967e+00   3.7922614e+00   2.2501055e+00   1.6151639e+00   3.2838780e+00   2.7088549e+00   1.4161803e+00
   2.0000000e+00   3.0172887e+00   2.8310055e+00   1.4973623e+00   3.0278135e+00   4.6006163e+00   2.6848379e+00   5.0289138e+00   5.1964305e+00   2.6100963e+00   2.0070134e+00
   1.0000000e+00   3.4507133e+00   2.8854453e+00   3.7463517e+00   2.1364608e+00   3.4511504e+00   2.6970408e+00   2.8697434e+00   3.1875267e+00   1.7946780e+00   3.4172573e+00
   2.0000000e+00   3.0555146e+00   1.9060097e+00   3.6141403e+00   2.8634193e+00   2.6418710e+00   2.8847317e+00   3.6078558e+00   4.0162249e+00   2.8858696e+00   3.5125830e+00
   2.0000000e+00   4.6548269e+00   2.6046313e+00   3.3676799e+00   3.0600703e+00   3.2987787e+00   3.4939624e+00   1.9791060e+00   4.1118743e+00   2.7061982e+00   4.0410298e+00
   2.0000000e+00   3.7660040e+00   2.0659806e+00   2.7650043e+00   3.5105627e+00   3.5764571e+00   3.0120959e+00   2.2396850e+00   4.3369464e+00   2.7567860e+00   2.2503228e+00
   2.0000000e+00   3.8132026e+00   3.3585518e+00   3.9050438e+00   4.3683716e+00   1.3904199e+00   2.0057039e+00   3.6960109e+00   3.0959332e+00   3.8409059e+00   1.7928186e+00
   2.0000000e+00   3.7372936e+00   3.5895395e+00   2.1128152e+00   2.6090619e+00   2.0389905e+00   4.2088577e+00   3.2730521e+00   2.8163765e+00   3.2261426e+00   3.4594072e+00
   2.0000000e+00   2.8797547e+00   1.6075434e+00   4.3380537e+00   7.7530610e-01   4.4727909e+00  -1.9195282e-01   3.1171857e+00   2.6119065e+00   3.0380666e+00   2.7367433e+00
   1.0000000e+00   1.2762050e+00   2.6010627e+00   3.2429356e+00   2.4151647e+00   3.6694225e+00   1.1211210e+00   3.0279933e+00   3.1213703e+00   1.8191770e+00   4.6455329e+00
   2.0000000e+00   4.5146552e+00   3.2933488e+00   1.5929024e+00   1.9629360e+00   2.9123796e+00   2.8452928e+00   2.7244834e+00   2.1009219e+00   2.3499959e+00   3.5894671e+00
   2.0000000e+00   2.7111926e+00   3.4837462e+00   2.9280901e+00   2.8204003e+00   4.2846168e+00   3.9524919e+00   1.5575316e+00   2.4501772e+00   4.1052324e+00   3.8172988e+00
   1.0000000e+00   3.6428061e+00   2.7909677e+00   3.6436079e+00   1.8586897e+00   2.3946029e+00   2.8930683e+00   1.3554246e+00   3.6009971e+00   3.6009201e+00   4.4480886e+00
   2.0000000e+00   2.7283430e+00   6.6799377e-01   4.6535193e+00   2.1733827e+00   3.3414283e+00   2.7292683e+00   4.3694181e+00   1.3099897e+00   2.6313919e+00   2.1148045e+00
   2.0000000e+00   3.3148365e+00   4.1324744e+00   5.0994398e+00   2.1665735e+00   3.5901937e+00   3.1071975e+00   2.8122525e+00   1.8313809e+00   3.2262437e+00   3.1538524e+00
   2.0000000e+00   2.4500185e+00   2.5802171e+00   2.9624089e+00   4.4718855e+00   4.1554967e+00   3.9173436e+00   2.1030093e+00   4.4967467e+00   5.0493049e+00   2.9556884e+00
   2.0000000e+00   2.7523894e+00   1.7218589e+00   2.8929040e+00   3.0422466e+00   4.5261119e+00   3.8626791e+00   3.5510826e+00   4.6560125e+00   2.1098430e+00   2.1779853e+00
   2.0000000e+00   2.1243651e+00   4.6428245e+00   2.3615977e+00   4.3676027e+00   1.4929026e+00   2.2058596e+00   4.2080154e+00   3.8849588e+00   3.6564289e+00   3.7865324e+00
   2.0000000e+00   4.4323523e+00   5.4717113e+00   1.8133769e+00   3.6273256e+00   2.7705233e+00   3.5829168e+00   3.5611588e+00   8.2121826e-01   4.6583616e+00   2.8037839e+00
   2.0000000e+00   1.0556026e+00   1.5606598e+00   2.9232755e+00   1.7647365e+00   2.2834504e+00   2.3637823e+00   2.4856151e+00   5.1174127e+00   3.7024151e+00   3.9086978e+00
   1.0000000e+00   2.4309503e+00   2.9093091e+00   3.4720304e+00   3.0284521e+00   3.4839161e+00   3.9392411e+00   2.0203084e+00   3.2500416e+00   4.0767927e+00   3.8339236e+00
   1.0000000e+00   3.2537498e+00   2.8558675e+00   2.3994315e+00   2.3612338e+00   3.2235496e+00   3.1525820e+00   3.1620165e+00   3.1280643e+00   4.3173277e+00   2.7535375e+00
   1.0000000e+00   2.9617836e+00   4.6021371e+00   2.8808134e+00   2.5987076e+00   3.0264506e+00   1.0217995e+00   1.9582033e+00   3.2934158e+00   3.0523961e+00   5.0345184e+00
   1.0000000e+00   3.6140564e+00   4.3188585e+00   2.2044368e+00   3.7619954e+00   3.3586900e+00   2.9675055e+00   3.8574757e+00   3.2516088e+00   4.1313555e+00   3.6365249e+00
   2.0000000e+00   3.6129244e+00   2.1981338e+00   2.8881535e+00   2.2101995e+00   4.4948265e+00   2.6779084e+00   3.8485521e+00   3.3596834e+00   4.9506912e+00   4.1268420e+00
   2.0000000e+00   2.8716933e+00   2.9031697e+00   2.2657971e+00   2.5466471e+00   2.8333604e+00   4.5188223e+00   2.7516560e+00   1.9043152e+00   3.0389967e+00   3.1752012e+00
   2.0000000e+00   2.3813464e+00   2.6245270e+00   2.7631973e+00   2.4210010e+00   3.1083544e+00   2.4454208e+00   3.4066707e+00   2.1431060e+00   2.1193084e+00   4.3158352e+00
   2.0000000e+00   3.3010729e+00   3.7988056e+00   3.0148019e+00   1.7850062e+00   2.6279607e+00   3.0725113e+00   2.6878705e+00   2.1906044e+00   1.3692547e+00   3.4681510e+00
   1.0000000e+00   3.3034846e+00   3.0820627e-01   4.3865717e+00   2.9900183e+00   2.6419132e+00   2.0395342e+00   4.8360843e+00   3.5338591e+00   1.4345705e+00   4.3280049e+00
   2.0000000e+00   2.5100895e+00   2.0157395e+00   1.9422794e+00   2.9180686e+00   3.1856106e+00   2.1483090e+00   3.3427580e+00   2.3508965e+00   3.3259825e+00   1.7065359e+00
   2.0000000e+00   1.9370107e+00   2.2180840e+00   3.5957845e+00   1.7886358e+00   2.6775373e+00   2.3009338e+00   2.8566840e+00   2.3416597e+00   3.3691347e+00   4.3717363e+00
   1.0000000e+00   3.9841333e+00   3.7458857e+00   2.9768089e+00   3.4107739e+00   2.4550143e+00   2.6147126e+00   3.5936526e+00   3.0782600e+00   3.2924811e+00   3.4186015e+00
   2.0000000e+00   5.8629091e-01   3.6408428e+00   4.5031444e-01   3.2058007e+00   2.8352662e+00   2.9152562e+00   2.2937721e+00   1.8851738e+00   3.7268993e+00   3.0093433e-01
   2.0000000e+00   3.1375961e+00   2.9103379e+00   3.5524667e+00   4.8864355e+00   4.6952637e+00   8.4399206e-01   3.5830890e+00   2.9587703e+00   2.6932090e+00   3.6850382e+00
   2.0000000e+00   2.1325671e+00   3.9610247e+00   4.3029475e+00   2.8625938e+00   2.9692660e+00   2.6271839e+00   3.5387370e+00   4.2240977e+00   4.1679773e+00   3.8344904e+00
   2.0000000e+00   2.4738370e+00   1.8130444e+00   4.1361834e+00   3.9402252e+00   2.6811533e+00   3.6439961e+00   4.2035487e+00   2.2473674e+00   2.7305468e+00   2.3365635e+00
   2.0000000e+00   3.1608179e+00   3.0367254e+00   4.2623827e+00   2.7426116e+00   1.7336042e+00   2.8433675e+00   3.3394908e+00   3.8953911e+00   3.7990588e+00   2.1004511e+00
   2.0000000e+00   2.4184218e+00   1.7406169e+00   1.1359874e+00   3.5514041e+00   2.6743487e+00   2.2070477e+00   3.7990656e+00   3.9601777e+00   3.6832816e+00   1.7039849e+00
   2.0000000e+00   2.5907282e+00   1.8378911e+00   3.1212377e+00   2.9013730e+00   4.9492301e+00   2.9722395e+00   2.9625988e+00   3.2041233e+00   3.9586258e+00   1.7245434e+00
   1.0000000e+00   3.0420276e-01   4.0538422e+00   2.2228579e+00   2.1274424e+00   3.1917177e+00   3.6978580e+00   2.3617094e+00   3.9138247e+00   3.0238607e+00   1.8695194e+00
   2.0000000e+00   2.1069165e+00   3.8797715e+00   2.2575730e+00   3.6442766e+00   4.3893338e+00   4.3527923e+00   2.7428956e+00   2.5944594e+00   3.0715920e+00   2.8959292e+00
   2.0000000e+00   2.8686616e+00   2.3839641e+00   2.1124474e-01   2.4779618e+00   3.2906665e+00   2.4561864e+00   2.5362539e+00   2.1390234e+00   4.9473197e+00   3.0147158e+00
   2.0000000e+00   2.3416144e+00   4.1895085e+00   2.2506696e+00   2.5123544e+00   4.0644540e+00   3.4131765e+00   2.9218626e+00   3.0965891e+00   3.1442404e+00   3.5674459e+00
   2.0000000e+00   3.3886734e+00   2.6740793e+00   3.4984018e+00   2.3432874e+00   1.8978663e+00   2.1317056e+00   5.7366610e-01   2.5067446e+00   2.3877293e+00   3.5895999e+00
   2.0000000e+00   2.8324466e+00   4.1247336e+00   4.0596497e+00   3.9127325e+00   5.5990473e-01   3.6799615e+00   2.7075745e+00   4.3080086e+00   3.0997029e+00   1.3113459e+00
   2.0000000e+00   2.4743830e+00   3.1368017e+00   4.2080074e+00   3.1265341e+00   2.8216721e+00   4.6985790e+00   1.8215863e+00   2.4810280e+00   2.6114393e+00   4.1645262e+00
   2.0000000e+00   2.8663668e+00   3.0171811e+00   1.9577314e+00   1.0177830e+00   2.4468900e+00   4.6437143e+00   1.9879134e+00   2.5203367e+00   2.3649461e+00   3.8174833e+00
   2.0000000e+00   1.8385458e+00   2.6499314e+00   3.8309390e+00   3.5518567e+00   2.2811957e+00   3.4006334e+00   6.1284578e+00   3.8850006e+00   2.0615569e+00   4.1646550e+00
   2.0000000e+00   2.0888708e+00   4.5133693e+00   3.4436691e+00   3.7267389e+00   6.6676307e-01   2.8888452e+00   1.6099010e+00   2.0604805e+00   3.3190893e+00   2.1060071e+00
   2.0000000e+00   3.8782671e+00   3.7427433e+00   7.6825764e-01   3.6110186e+00   6.3792138e+00   1.8693783e+00   2.8684093e+00   3.5049686e+00   3.9911857e+00   3.2503590e+00
   2.0000000e+00   2.8534207e+00   3.2778372e+00   3.7753546e+00   2.7789832e+00   1.7486867e+00   2.2608767e+00   3.6776871e+00   4.5699203e+00   3.3440240e+00   2.2382052e+00
   2.0000000e+00   3.3619269e+00   3.8948300e+00   1.8522961e+00   4.0861003e+00   2.5980344e+00   2.1254913e+00   4.7056258e+00   2.7655045e+00   2.3788003e+00   2.6202652e+00
   2.0000000e+00   3.2882447e+00   3.6113194e+00   3.5098742e+00   3.3151959e+00   2.8089597e+00   2.6125201e+00   5.2079967e+00   2.0251200e+00   5.6373094e+00   3.4160327e+00
   2.0000000e+00   3.7643279e+00   2.5723856e+00   3.4342536e+00   4.0114131e+00   3.2181142e+00   3.2451576e+00   2.5538131e+00   1.7482443e+00   4.3364153e+00   2.2338920e+00
   2.0000000e+00   2.9530549e+00   1.7329107e+00   2.1553904e+00   4.0181741e+00   3.3273805e+00   3.0820226e+00   5.0338316e+00   1.4537225e+00   3.8595656e+00   2.9324503e+00
   2.0000000e+00   2.2550725e+00   4.4018070e+00   2.3648143e+00   9.1370751e-01   1.9337942e+00   3.8102182e+00   3.8280922e+00   3.6237943e+00   2.8775463e+00   3.6070591e+00
   2.0000000e+00   1.5628545e+00   1.1532138e+00   2.6323820e+00   1.8049130e+00   1.2208034e+00   3.0638785e+00   2.8362149e+00   3.9408630e+00   3.9320513e+00   2.9612622e+00
   2.0000000e+00   4.4916586e+00   2.8621190e+00   2.2419907e+00   3.6545220e+00   3.5704438e+00   1.9425315e+00   3.3972861e+00   4.5368923e+00   3.2700704e+00   1.5463896e+00
   1.0000000e+00   4.1683985e+00   3.5515360e+00   2.1266276e+00   3.4209374e+00   3.4882507e+00   2.8018473e+00   2.5900409e+00   3.2993961e+00   1.3753205e+00   3.5066182e+00
   1.0000000e+00   1.5438902e+00   3.9416134e+00   2.9740519e+00   1.6169555e+00   2.1873152e+00   4.8604720e+00   3.5322332e+00   3.2986160e+00   3.4858963e+00   2.7905147e+00
   2.0000000e+00   3.2670466e+00   3.7900786e+00   2.4458466e+00   2.7573103e+00   1.3159296e+00   3.1687021e+00   3.4438644e+00   3.9313960e+00   2.3655350e+00   3.1479846e+00
   2.0000000e+00   2.7074216e+00   3.4646006e+00   4.3842207e+00   4.3963450e+00   2.9039980e+00   2.8959881e+00   3.5996574e+00   2.1302312e+00   3.5610975e+00   4.8895553e+00
   2.0000000e+00   2.8263812e+00   3.6352408e+00   2.7161100e+00   5.4942624e+00   3.8306098e+00   1.2203978e+00   3.3856185e+00   1.4514763e+00   2.7864310e+00   2.3474702e+00
