   2.0000000e+00   9.7572265e-01   3.8738452e+00   2.8629567e+00   3.7082860e+00   2.5112172e+00   3.9159045e+00   3.1241220e+00   2.5389165e+00   4.5505358e+00   1.3981667e+00
   2.0000000e+00   2.0984757e+00   1.8201905e+00   2.7819342e+00   3.5866886e+00   4.4342717e+00   3.1532210e+00   3.0325819e+00   2.5104427e+00   2.5312139e+00   2.8771721e+00
   2.0000000e+00   3.8672537e+00   8.8258976e-01   1.5142517e+00   3.2345291e+00   3.4806077e+00   3.8091489e+00   3.5932066e+00   2.4155935e+00   3.7111845e+00   2.3231858e+00
   2.0000000e+00   2.0222912e+00   3.2812425e+00   2.0632348e+00   1.7802327e+00   3.1065947e+00   2.0040907e+00   2.7916150e+00   2.1521905e+00   2.9344468e+00   3.3019690e+00
   2.0000000e+00   4.1130277e+00   2.6355992e+00   3.9544925e+00   3.0796583e+00   4.2322321e+00   4.0696544e+00   2.4727391e+00   1.7952333e+00   2.6034179e+00   5.1977516e-01
   2.0000000e+00   2.4554780e+00   3.7781493e+00   2.5255729e+00   5.7270380e-01   3.3443421e+00   1.4647887e+00   3.4773141e+00   2.8110083e+00   3.5730640e+00   2.9356057e+00
   2.0000000e+00   4.0680210e+00   4.1197214e+00   2.4248893e+00   3.0316802e+00   2.8812818e+00   5.3527244e+00   6.8853027e-01   4.1037616e+00   2.5382238e+00   2.3713823e+00
   2.0000000e+00   2.7350574e+00   1.8819531e+00   2.1432269e+00   3.3927875e+00   1.0947050e+00   3.5289647e+00   1.6468910e+00   3.1622417e+00   3.8564497e+00   2.9502918e+00
   2.0000000e+00   4.6365899e+00   2.8227487e+00   1.9961485e+00   5.0851515e+00   2.7357383e+00   2.6694983e+00   3.7105239e+00   2.9463450e+00   3.5343717e+00   3.1504453e+00
   1.0000000e+00   4.4127861e+00   3.9869815e+00   3.2478639e+00   1.4489127e+00   1.2687218e+00   4.1175257e+00   3.3830058e+00   1.9495766e+00   3.2327060e+00   2.7454135e+00
   2.0000000e+00   9.2988019e-01   1.7211265e+00   2.7624092e+00   3.3715480e+00   3.2867955e+00   8.1810034e-01   4.8279479e+00   2.0842724e+00   3.4744275e+00   3.3833033e+00
   2.0000000e+00   3.2603324e+00   1.8267178e+00   3.0717872e+00   1.7809772e+00   4.4558524e+00   1.1692336e+00   3.5821576e+00   5.3904513e-01   4.4510126e+00   2.6396210e+00
   1.0000000e+00   3.5832281e+00   3.7584565e+00   3.7619557e+00   1.7345030e+00   4.0218512e+00   2.1918854e+00   3.1555663e+00   3.5837720e+00   2.3818925e+00   3.6513541e+00
   2.0000000e+00   2.1037508e+00   4.3361727e+00   5.2706865e+00   4.3374828e+00   3.9232282e+00   2.8313891e+00   4.4996128e+00   2.3540550e+00   1.6266426e+00   3.6114381e+00
   2.0000000e+00   3.0713382e+00   3.2497297e+00   1.2740608e+00   3.6634597e+00   2.3752221e+00   2.3277089e+00   2.5761072e+00   2.8741384e+00   2.5507918e+00   3.8753653e+00
   2.0000000e+00   4.2516393e+00   3.7184249e+00   1.9257613e+00   3.4652895e+00   2.7395050e+00   5.3167647e+00   3.3468082e+00   3.7855759e+00   2.1240930e+00   5.0248465e+00
   2.0000000e+00   2.6100053e+00   3.1776794e+00   5.8272670e+00   2.2547839e+00   1.7185850e+00   3.1917622e+00   3.6527505e+00   2.4016036e+00   3.4133657e+00   2.7182607e+00
   2.0000000e+00   4.8393069e+00   3.4377591e+00   5.4894738e+00   3.0019623e+00   2.7391032e+00   2.0638683e+00   1.8479466e+00   1.7223062e+00   5.4316440e+00   4.8066186e+00
   2.0000000e+00   2.8522085e+00   3.1316804e+00   2.3073068e+00   2.7636698e+00   3.5383274e+00   3.7007780e+00   4.3332571e+00   3.6686736e+00   2.1113963e+00   3.0217676e+00
   1.0000000e+00   3.9258384e+00   6.5394404e-01   3.5249529e+00   4.1119583e+00   8.6190991e-01   2.1003658e+00   2.9492949e+00   2.7680232e+00   3.2883984e+00   3.0887571e+00
   2.0000000e+00   7.9557013e-01   3.9024917e+00   2.0478356e+00   3.5940608e+00   1.7986286e+00   2.6112878e+00   2.5682794e+00   3.0441329e+00   2.7320011e+00   3.9563977e+00
   2.0000000e+00   3.0352163e+00   3.7724633e+00   4.3523126e+00   2.6198283e+00   2.1571308e+00   2.9812605e+00   2.9625906e+00   3.0707885e+00   2.8626075e+00   2.0708867e+00
   2.0000000e+00   3.4388644e+00   4.0981751e+00   3.4377644e+00   3.2955057e+00   1.6373752e+00   2.5430014e+00   4.1350607e+00   2.6797652e+00   3.9943740e+00   1.4493969e+00
   2.0000000e+00   2.0353930e+00   3.8730400e+00   3.6298077e+00   2.5524702e+00   3.7487340e+00   2.6666237e+00   3.9066978e+00   1.4884666e+00   4.1051597e+00   2.8994315e+00
   2.0000000e+00   2.9972058e+00   3.3982735e+00   3.2279029e+00   3.2848854e+00   3.4787520e+00   3.3533451e+00   3.5558237e+00   3.1278324e+00   4.2733264e+00   1.9337720e+00
   1.0000000e+00   4.2355724e+00   1.7065852e+00   3.5702706e+00   2.1956779e+00   1.4263483e+00   2.2798053e+00   3.0370154e+00   1.0877757e+00   2.6183164e+00   2.6278768e+00
   2.0000000e+00   2.8183860e+00   9.3525411e-01   3.2851504e+00   3.6042280e+00   4.7154227e+00   3.6153027e+00   1.8013016e+00   4.5821913e+00   3.9908616e+00   1.2207888e+00
   2.0000000e+00   2.9645412e+00   1.8599215e+00   3.2153510e+00   2.4573403e+00   7.4554666e-01   2.5765126e+00   3.4650536e+00   4.1046396e+00   1.7346919e+00   1.8819924e+00
   2.0000000e+00   4.0136674e+00   4.0495757e+00   4.6724069e+00   3.3931194e+00   6.1628674e-01   4.1980169e+00   2.0558975e+00   1.8258250e+00   1.6850287e+00   3.3305926e+00
   2.0000000e+00   2.3378660e+00   3.3964278e+00   1.2612406e+00   2.7827202e+00   2.7256904e+00   3.4783811e+00   4.4982060e+00   2.0857788e+00   4.2240400e+00   1.7825943e+00
   2.0000000e+00   3.0641295e+00   2.4870713e+00   2.0513717e+00   1.5365728e+00   3.2509445e+00   1.3370356e+00   3.1366276e+00   3.4397955e+00   3.4152173e+00   3.4322644e+00
   2.0000000e+00   3.3153885e+00   3.7301525e+00   4.6803562e+00   2.4991004e+00   2.7193921e+00   2.7448877e+00   3.6198063e+00   3.6185014e+00   3.7227131e+00   2.0722645e+00
   2.0000000e+00   3.4680710e+00   1.2346847e+00   2.9030514e+00   5.5788895e+00   2.7480488e+00   2.3894598e+00   3.7496413e+00   3.0791123e+00   3.2649560e+00   3.4678465e+00
   1.0000000e+00   3.1401918e+00   2.8009844e+00   3.1823431e+00   2.3417857e+00   3.2621650e+00   2.6434246e+00   2.4596719e+00   1.7416734e+00   2.2172670e+00   2.4025002e+00
   2.0000000e+00   3.3235402e+00   2.7193409e+00   1.9749650e+00   3.8084342e+00   2.4729414e+00   2.1895688e+00   3.7152878e+00   3.2212361e+00   2.1518062e+00   2.3551135e+00
   2.0000000e+00   2.5289670e+00   2.7132567e+00   5.5727151e+00   1.5960857e+00   3.6097350e+00   2.4479547e+00   3.0637051e+00   3.1807647e+00   2.3954932e+00   2.2750347e+00
   2.0000000e+00   2.8545409e+00   1.1033248e+00   4.2850133e+00   2.3991800e+00   4.2062007e+00   1.4769402e+00   2.0777205e+00   3.2677613e+00   4.6838921e+00   3.1403472e+00
   2.0000000e+00   2.4401218e+00   2.9872739e+00   3.0177386e+00   2.5806339e+00   4.2474393e+00   5.0906483e+00   1.9717711e+00   3.5212828e+00   4.2369774e+00   2.9542439e+00
   1.0000000e+00   4.8004229e+00   2.8947429e+00   3.1488727e+00   1.2334115e+00   4.8441630e+00   3.8105437e+00   3.0411790e+00   2.9828027e+00   2.9153867e+00   2.4118648e+00
   2.0000000e+00   3.8667055e+00   3.2304913e+00   1.0042078e+00   2.1990394e+00   2.2189091e+00   3.4657737e+00   1.3377722e+00   1.1729274e+00   4.4740941e+00   2.0498165e+00
   2.0000000e+00   2.7724610e+00   2.7248228e+00   3.9134160e+00   3.0106435e+00   3.8459343e+00   3.0996826e+00   2.9006374e+00   3.0571311e+00   2.3899826e+00   2.7087175e+00
   2.0000000e+00   2.3757707e+00   3.7470485e+00   3.4098819e+00   1.8007512e+00   4.2866676e+00   3.5809325e+00   2.9617759e+00   2.3152136e+00   1.7333420e+00   3.9100852e+00
   2.0000000e+00   3.0260711e+00   3.0743580e+00   2.4568439e+00   3.8046971e+00   3.1658618e+00   3.0509813e+00   3.7599702e+00   4.4516965e+00   2.0666178e+00   3.0721030e+00
   1.0000000e+00   5.2953459e+00   2.2781264e+00   3.4698266e+00   2.8678966e+00   2.9683912e+00   1.8185447e+00   2.8491577e+00   5.5280942e-01   3.7331175e+00   3.6526900e+00
   2.0000000e+00   2.8146822e+00   2.9375502e+00   3.8461651e+00   3.3109317e+00   4.0848361e+00   2.9821440e+00   2.8526864e+00   2.6738420e+00   2.4224180e+00   2.8988490e+00
   2.0000000e+00   3.5837918e+00   4.6988554e+00   7.7522320e-01   2.4692411e+00   2.2023283e+00   2.5120917e+00   2.8337942e+00   3.2815423e+00   3.0789029e+00   3.7418228e+00
   1.0000000e+00   2.6128220e+00   3.7649788e+00   3.0882907e+00   4.7271074e+00   3.9692853e+00   1.4609896e+00   3.8542774e+00   4.4655627e-01   3.4487608e+00   2.7610761e+00
   1.0000000e+00   3.3529584e+00   4.2603868e+00   3.2853979e+00   4.2496576e+00   6.3955279e+00   3.1941262e+00   4.6472641e+00   2.4940131e+00   3.0804472e+00   3.5656536e+00
   2.0000000e+00   2.6204813e+00   4.5707948e+00   4.0138432e+00   2.0497083e+00   1.5536343e+00   1.3505017e+00   3.7283702e+00   3.2523835e+00   4.5903934e+00   2.5863995e+00
   1.0000000e+00   1.9386450e+00   3.7024351e+00   3.1825893e+00   2.0056746e+00   3.8675286e+00   3.4112503e+00   4.0155233e+00   2.2626560e+00   3.0504396e+00   4.5906605e+00
   2.0000000e+00   3.0861326e+00   4.3583194e+00   1.9963424e+00   1.7416992e+00   2.3463081e+00   3.4003627e+00   3.8378333e+00   3.2634722e+00   4.6194192e+00   2.7543835e+00
   2.0000000e+00   2.7302599e+00   3.5983587e+00   2.5477720e+00   4.4406707e+00   2.9429680e+00   3.3613293e+00   2.4541188e+00   2.9487916e+00   4.3211656e+00   3.0665720e+00
   1.0000000e+00   3.5893265e+00   7.9536648e-01   3.2622180e+00   3.2478113e+00   5.2878914e+00   2.5217708e+00   3.5488166e+00   5.0845121e+00   3.6512525e+00   2.1351422e+00
   2.0000000e+00   4.5462679e+00   1.9378988e+00   2.5314067e+00   2.3517993e+00   1.2149473e+00   1.6297460e+00   3.9448634e+00   1.5725332e+00   4.7368314e+00   3.5477230e+00
   2.0000000e+00   3.0677415e+00   3.5053373e+00   3.5014802e+00   2.6339212e+00   3.7004779e+00   3.0328595e+00   3.8407317e+00   3.5213019e+00   5.2241716e+00   3.6484611e+00
   2.0000000e+00   1.5768579e+00   2.5537860e+00   4.0652847e+00   3.4560927e+00   4.2438925e+00   2.9570934e+00   4.2570854e+00   1.6934010e+00   1.5887709e+00   3.8816531e+00
   2.0000000e+00   1.0857902e+00   3.7413226e+00   4.9597962e+00   3.1425082e+00   1.1512370e+00   3.3927152e+00   3.9121266e+00   4.1817698e+00   3.6470235e+00   2.3452385e+00
   2.0000000e+00   3.3667072e+00   3.8374092e+00   4.1337223e+00   1.5810604e+00   2.9839695e+00   4.0515219e+00   4.0163370e+00   1.8941367e+00   2.1225480e+00   3.2989229e+00
   2.0000000e+00   3.4499196e+00   2.9178861e+00   3.2851152e+00   2.7585525e+00   2.1561716e+00   3.8601123e+00   2.5733277e+00   3.4888275e+00   1.4411223e+00   2.8872973e+00
   2.0000000e+00   3.7047364e+00   1.5970204e+00   1.5842604e+00   3.6816489e+00   3.6845976e+00   4.0402680e+00   2.2002752e+00   2.0032311e+00   5.0974175e+00   2.5112191e+00
   2.0000000e+00   3.5911862e+00   4.9177190e+00   5.1890817e+00   3.5809973e+00   4.0515345e+00   3.1175233e+00   3.7465463e+00   4.0309507e+00   3.2919582e+00   2.1902739e+00
   1.0000000e+00   2.0425471e+00   4.1277369e+00   3.4410927e+00   2.0809575e+00   3.7470894e+00   3.9630707e+00   3.0080277e+00   2.7295892e+00   3.2956882e+00   4.0445480e+00
   2.0000000e+00   2.7716876e+00   2.8421210e+00   5.6628316e+00   1.8833296e+00   2.2944668e+00   4.3852884e+00   3.6962817e+00   4.2806616e+00   4.9449975e+00   1.4241506e+00
   2.0000000e+00   2.4233768e+00   4.4886171e+00   6.2639207e+00   2.1874656e+00   1.4923381e+00   1.9116817e+00   4.0980579e+00   2.4070823e+00   3.8008267e+00   1.9132133e+00
   2.0000000e+00   2.8622940e+00   2.6578032e+00   1.7625328e+00   2.8281206e+00   2.3500775e+00   4.3396102e+00   3.2511266e+00   1.6871870e+00   3.7277826e+00   3.4805887e+00
   2.0000000e+00   1.0917361e+00   2.8803638e+00   4.4058199e+00   2.8387316e+00   4.0363351e+00   3.1674410e+00   3.3953725e+00   2.7978524e+00   2.9141714e+00   3.4741913e+00
   2.0000000e+00   4.4075261e+00   1.1899578e+00   4.3970220e+00   2.6844088e+00   3.5712096e+00   3.5284367e+00   1.8511069e+00   3.4238924e+00   4.3503582e+00   4.1692807e+00
   2.0000000e+00   2.2022294e+00   2.1195257e+00   2.1881504e+00   2.3780438e+00   4.5399262e+00   3.1797257e+00   4.1090615e+00   1.7918590e+00   3.1649319e+00   5.1456356e+00
   1.0000000e+00   1.9857160e+00   2.0853495e+00   3.0402116e+00   2.7787854e-01   2.8188689e+00   3.5897655e+00   2.1779596e+00  -3.5631837e-01   2.8036598e+00   3.3029344e+00
   1.0000000e+00   1.6445133e+00   2.4802046e+00   3.3652288e+00   2.1338598e+00   2.2282392e+00   1.8519457e+00   2.6431456e+00   3.1678717e+00   2.0979182e+00   3.1916117e+00
   2.0000000e+00   2.8022733e+00   2.0353423e+00   2.0199356e+00   3.2642149e+00   2.4350688e+00   3.2217141e+00   4.5773974e+00   3.7909875e+00   3.3825517e+00   2.7583646e+00
   2.0000000e+00   2.7773908e+00   2.2869554e+00   3.7727444e+00   2.5537007e+00   2.1547132e+00   1.6778344e+00   3.4002328e+00   3.6358304e+00   4.4511703e+00   2.8781290e+00
   2.0000000e+00   3.8548185e+00   1.3968340e+00   1.9040520e+00   2.5350313e+00   3.0603941e+00   1.9188168e+00   1.4266241e+00   3.4265413e+00   1.8458021e+00   2.2879016e+00
   2.0000000e+00   1.3037186e+00   2.1568366e+00   2.1342524e+00   2.4283044e+00   3.0449989e+00   4.0372332e+00   4.5534144e+00   2.9160105e+00   3.5841843e+00   3.4397821e+00
   1.0000000e+00   4.2295682e+00   2.2196827e+00   3.1462697e+00   3.8454444e+00   3.6902311e+00   1.6070591e+00   3.1823307e+00   3.8754137e+00   2.9350534e+00   2.4723475e+00
   2.0000000e+00   1.9672071e+00   8.1959174e-01   4.0609821e+00   2.0264413e+00   2.5196515e+00   2.1921314e+00   2.8554870e+00   6.9265140e-01   1.8630531e+00   2.5091974e+00
   2.0000000e+00   3.0363323e+00   3.7541551e+00   3.3596952e+00   2.1358359e+00   3.6939964e+00  -1.6804197e-01   3.7531140e+00   1.2430986e+00   4.1384083e+00   3.4486121e+00
   2.0000000e+00   1.9542905e+00   2.2947220e+00   1.4409980e+00   2.2047953e+00   3.1307462e+00   3.5664845e+00   3.0377277e+00   1.6367735e+00   3.0634060e+00   2.4777305e+00
   2.0000000e+00   2.0783588e+00   3.1244408e+00   2.3414756e+00   3.7694485e+00   2.9570898e+00   3.0238784e+00   4.3283085e+00   1.3855386e+00   3.1019501e+00   3.8976842e+00
   1.0000000e+00   3.9785637e+00   3.3374707e+00   3.6245604e+00   4.0824107e+00   2.2414901e+00   3.0871456e+00   3.3789785e+00   3.1035158e+00   3.6518904e+00   9.3184440e-01
   1.0000000e+00   1.3473249e+00   1.6091196e+00   3.3979937e+00   2.6602240e+00   3.6146307e+00   3.2355503e+00   3.6824139e+00   3.6998218e+00   2.8409320e+00   1.3811363e+00
   2.0000000e+00   1.8234750e+00   2.6749494e+00   1.5816143e+00   2.6154977e+00   5.0810352e+00   3.3199558e+00   1.5791415e+00   1.1627724e+00   1.8122007e+00   2.1446425e+00
   2.0000000e+00   5.3334292e+00   3.2290369e+00   4.5247564e+00   4.7235993e+00   2.4749482e+00   2.7790410e+00   3.1211421e+00   3.6948698e+00   2.1006536e+00   3.4429326e+00
   2.0000000e+00   3.0550912e+00   4.2673097e+00   2.0322819e+00   2.8693258e+00   3.0416354e+00   4.4172757e+00   2.0072376e+00   5.4532525e+00   3.9785853e+00   2.4065627e+00
   2.0000000e+00   9.2951022e-01   1.6690217e+00   2.5578612e+00   4.8130780e+00   2.3538135e+00   9.8358762e-01   2.5986461e+00   3.4667112e+00   3.0706020e+00   1.4860686e+00
   2.0000000e+00   4.1774544e+00   3.2229676e+00   2.9787618e+00   4.1120122e+00   2.8187522e+00   3.8613001e+00   2.8733486e+00   2.2195368e+00   3.9122399e+00   9.9261017e-01
   2.0000000e+00   2.6075721e+00   3.2663304e+00   6.2981514e+00   3.4829864e+00   2.8371671e+00   3.3160876e+00   1.7125206e+00   3.7914921e+00   3.3393884e+00   2.9826095e+00
   2.0000000e+00   2.3399706e+00   4.1958369e+00   3.1350242e+00   3.8487010e+00   2.2582687e+00   4.0463076e+00   2.4634685e+00   3.6817684e+00   5.0318283e+00   1.5760304e+00
   2.0000000e+00   2.4371183e+00   3.4539019e+00   3.3184147e+00   3.4903900e+00   2.1480729e+00   2.1009581e+00   4.5595358e+00   3.6933018e+00   1.5542240e+00   3.5788234e+00
   2.0000000e+00   2.2976043e+00   2.8545996e+00   2.5127329e+00   4.4850372e+00   3.8619103e+00   3.2807776e+00   3.7600972e+00   5.7851093e+00   3.3780583e+00   4.1372679e+00
   2.0000000e+00   4.2593627e+00   3.7186384e+00   3.7368238e+00   3.7545655e+00   3.4414355e+00   1.2469965e+00   4.0645145e+00   4.8442699e+00   1.6272547e+00   2.6119050e+00
   2.0000000e+00   3.8845402e+00   2.7268787e+00   2.5343321e+00   3.1118417e+00   4.6494020e+00   2.0098126e+00   3.5857668e+00   1.3702742e+00   4.5305594e+00   4.2168279e+00
   1.0000000e+00   2.8452402e+00   3.4269863e+00   3.8756096e+00   2.9557373e+00   2.5538178e+00   1.8371496e+00   2.5186654e+00   3.8083610e+00   3.4429151e+00   4.6302725e+00
   2.0000000e+00   4.0456511e+00   1.5919395e+00   2.8638364e+00   2.4122831e+00   2.8890664e+00   2.2014076e+00   3.5000875e+00   4.7401510e+00   2.1450953e+00   2.1289299e+00
   2.0000000e+00   3.0544850e+00   2.5572496e+00   2.0518275e+00   2.9585476e+00   5.0372948e+00   3.7992031e+00   4.9858179e+00   2.0242756e+00   3.7328710e+00   2.9304772e+00
   2.0000000e+00   2.0396817e+00   3.6563287e+00   2.0268388e+00   2.9362050e+00   2.4213976e+00   3.7672769e+00   1.0801475e+00   2.5743968e+00   3.0763754e+00   1.8986940e+00
   2.0000000e+00   4.0864235e+00   4.2852522e+00   4.2770226e+00   3.3624314e+00   2.8492197e+00   3.0090008e+00   2.7714415e+00   3.9569405e+00   1.7091622e+00   2.8282817e+00
   2.0000000e+00   2.1632125e+00   3.2716818e+00   2.8721933e+00   1.9526088e+00   2.7973153e+00   8.7275530e-01   1.9801985e+00   3.5598988e+00   3.6445871e+00   2.9410602e+00
   2.0000000e+00   2.5078751e+00   2.6656877e+00   4.3609205e+00   7.6508569e-01   5.0329058e+00   3.8585255e+00   3.2532656e+00   4.4081327e+00   3.1044556e+00   1.3075126e+00
   2.0000000e+00   2.7801639e+00   2.9883293e+00   4.8296547e+00   5.8082865e+00   3.7235450e+00   2.4558205e+00   2.7077233e+00   4.8357132e+00   1.6067697e+00   1.4543026e+00
