   1.0000000e+00   4.5558345e+00   2.5883580e+00   9.6038388e-01   3.1900961e+00   3.4939627e+00   3.6049643e+00   3.2713579e+00   4.2419052e+00   1.8180679e+00   2.4161639e+00
   2.0000000e+00   3.1631621e+00   1.4452068e+00   2.5573448e+00   4.7820176e+00   3.4071449e+00   3.0160629e+00   2.7143600e+00   3.2919723e+00   3.9596546e+00   2.4165780e+00
   2.0000000e+00   3.6707394e+00   4.4847663e+00   4.7494492e+00   4.6659208e+00   2.2669259e+00   4.8586801e+00   2.0828422e+00   2.8917972e+00   3.8018177e+00   2.1705994e+00
   2.0000000e+00   1.6637738e+00   2.5207051e+00   3.8592533e+00   4.6277616e+00   1.5016686e+00   1.4434436e+00   1.1186085e+00   1.7455925e+00   2.4104773e+00   2.3686309e+00
   2.0000000e+00   2.6392102e+00   5.2125586e+00   2.9176128e+00   3.8990507e+00   4.2397923e+00   3.5967570e+00   1.8854398e+00   2.0960235e+00   3.7388296e+00   4.4449272e+00
   2.0000000e+00   4.7867920e+00   2.7843657e+00   3.2356789e+00   2.3348612e+00   2.2445138e+00   3.6945450e+00   3.6359837e+00   2.6589968e+00   3.5106274e+00   3.0410890e+00
   1.0000000e+00   3.6436676e+00   2.2787297e+00   1.8935541e+00   3.2345282e+00   3.5283042e+00   3.6113184e+00   2.2779828e+00   1.9705696e+00   1.9316936e+00   2.3181109e+00
   2.0000000e+00   3.3612462e+00   4.3427642e+00   2.0928403e+00   2.6137793e+00   2.6371996e+00   2.2093003e+00   4.9278152e+00   2.0377952e+00   2.2141562e+00   3.4361639e+00
   2.0000000e+00   3.1503743e+00   3.9873924e+00   2.5582547e+00   3.1421327e+00   2.7090312e+00   4.0270775e+00   2.3687132e+00   2.7984915e+00   2.5011484e+00   4.3055976e+00
   2.0000000e+00   2.5470384e+00   3.9199622e+00   3.6526766e+00   2.1385785e+00   2.0705999e+00   2.2698102e+00   2.5857485e+00   3.4900193e+00   3.0779450e+00   2.8953893e+00
   2.0000000e+00   4.6655949e+00   3.2520708e+00   3.1528705e+00   4.0458544e+00   3.0071334e+00   2.2053568e+00   5.2454415e-01   2.8271104e+00   4.1056222e+00   3.8385434e+00
   2.0000000e+00   2.7339773e+00   2.8744467e+00   5.7516901e+00   3.5034454e+00   1.9156570e+00   1.8360005e+00   4.6202812e+00   2.1355936e+00   2.3252525e+00   3.3187289e+00
   1.0000000e+00   1.6247230e+00   1.4658794e+00   4.1982563e+00   3.2239161e+00   2.6326846e+00   3.3090900e+00   1.1639247e+00   3.4166745e+00   3.5337246e+00   1.4091758e+00
   2.0000000e+00   2.8986017e+00   3.3062253e+00   3.2493962e+00   1.4823322e+00   1.2566507e+00   2.6956677e+00   3.8757682e+00   4.5193279e+00   3.9430813e+00   3.6368227e+00
   2.0000000e+00   3.6009222e+00   1.9113426e+00   3.0385560e+00   1.6723112e+00   2.3236150e+00   4.6110049e+00   1.8362052e+00   5.1203947e+00   1.7451969e+00   3.1856406e+00
   2.0000000e+00   1.9590279e+00   4.1155697e+00   1.6871288e+00   2.8610796e+00   2.8217998e+00   4.9493297e+00   1.2278184e+00   4.0287540e+00   3.4195979e+00   2.3820996e+00
   2.0000000e+00   4.4582299e+00   3.1953553e+00   5.0757213e-01   2.7600371e+00   3.3617711e+00   2.5170385e+00   2.6290068e+00   3.1102909e+00   3.0063293e+00   3.6153768e+00
   2.0000000e+00   2.1837399e+00   3.7546019e+00   7.1605638e-01   4.6717957e+00   2.9216481e+00   2.0608445e+00   3.5816390e+00   8.5966687e-01   4.4019402e+00   2.4162531e+00
   1.0000000e+00   2.8481634e+00   3.4216202e+00   4.0274920e+00   3.3355175e+00   3.4981369e+00   3.7866111e+00   1.5568179e+00   1.6232190e+00   4.0244637e+00   4.1433703e+00
   2.0000000e+00   1.6938411e+00   3.2051941e+00   2.2714756e+00   5.1275459e+00   3.7381742e+00   2.8424610e+00   1.3796099e+00   3.9088444e-02   1.9469220e+00   4.6710478e+00
   2.0000000e+00   4.0123263e+00   3.1445000e+00   1.2197158e+00   3.5308851e+00   4.8106758e+00   1.2976970e+00   1.3340416e+00   1.7388047e+00   2.4736236e+00   3.1273570e+00
   2.0000000e+00   3.1929774e+00   2.5932708e+00   1.9514959e+00   2.3872480e+00   3.3289330e+00   4.7509942e+00   3.2559389e+00   1.5601395e+00   2.3682173e+00   3.7564543e+00
   2.0000000e+00   2.8595520e+00   2.7570569e+00   2.6817100e+00   4.2221575e+00   1.5203405e+00   2.5901031e+00   3.7766396e+00   3.2446551e+00   3.5119881e+00   3.8586582e+00
   1.0000000e+00   2.5772589e+00   1.0909978e+00   3.8055994e+00   3.1402639e+00   3.5316063e+00   2.8429525e+00   2.4580422e+00   4.0292356e+00   3.5961815e+00   2.6903616e+00
   1.0000000e+00   3.0103709e+00   3.8064063e+00   4.4275724e+00   3.1344363e+00   2.2150215e+00   2.1626418e+00   3.3032765e+00   3.5955824e+00   2.8350450e+00   3.6417433e+00
   2.0000000e+00   2.9520279e+00   3.6612133e+00   3.6674963e+00   4.0904808e+00   2.7970250e+00   2.5048925e+00   2.4224139e+00   3.2506844e+00   3.1888797e+00   3.1528478e+00
   2.0000000e+00   3.5187775e+00   2.9496746e+00   3.7317087e+00   2.6602772e+00   4.0050831e+00   3.1971591e+00   2.2720728e+00   3.7750731e+00   2.8241247e+00   2.1726667e+00
   1.0000000e+00   2.3694638e+00   3.3363927e+00   2.5976530e+00   3.9088733e+00   4.1059642e+00   3.2594500e+00   6.9458999e-01   4.2144234e+00   2.7641347e+00   3.1257007e+00
   2.0000000e+00   4.2907968e+00   3.1296813e+00   3.1567221e+00   2.3376171e+00   3.0206104e+00   1.9814911e+00   3.7518538e+00   2.1794003e+00   4.4116155e+00   2.6785488e+00
   1.0000000e+00   3.1309630e+00   3.5382415e+00   3.9835437e+00   3.3248386e+00   3.4221643e+00   3.5317269e+00   2.9279319e+00   2.9871718e+00   3.4396804e+00   3.1240891e+00
   2.0000000e+00   2.9760794e+00   5.4420489e+00   3.8494747e+00   3.2770031e+00   2.9651761e+00   9.2615193e-01   3.9868741e+00   2.5317058e+00   3.8443358e+00   2.5291432e+00
   2.0000000e+00   4.4982297e+00   3.3548426e+00   3.1134590e+00   1.7846413e+00   2.4388189e+00   1.8946184e+00   2.7229863e+00   4.8118617e-01   3.2080798e+00   3.9741139e+00
   2.0000000e+00   2.2564714e+00   3.3427872e+00   2.7342568e+00   3.9945487e+00   1.0206051e+00   2.6421030e+00   2.3215404e+00   3.8270780e+00   2.4339029e+00   1.6644041e+00
   1.0000000e+00   3.9729560e+00   3.0651056e+00   1.7786244e+00   3.0203474e+00   3.6870101e+00   3.3674858e+00   2.0565198e+00   4.1115086e+00   3.4353352e+00   3.4598732e+00
   2.0000000e+00   3.2938479e+00   5.1132302e+00   4.3597863e+00   2.2132728e+00   2.8761854e+00   3.7334339e+00   4.6326152e+00   1.7000963e+00   1.7384549e+00   2.7888647e+00
   2.0000000e+00   2.1338702e+00   3.6814411e+00   2.4498070e+00   2.9000930e+00   4.3523137e+00   2.7127327e+00   4.6658538e+00   2.8908265e+00   3.9977186e+00   2.9419532e+00
   1.0000000e+00   3.4093183e+00   3.8736800e+00   2.2526221e+00   3.5130166e+00   3.1748100e+00   2.8855455e+00   3.1850563e+00   3.9963890e+00   2.3354846e+00   3.7130059e+00
   2.0000000e+00   4.9169264e+00   1.5565346e+00   3.4930940e+00   5.3415639e+00   2.1376697e+00   2.8059004e+00   1.4038511e+00   3.7784511e+00   4.6918326e+00   3.9105698e+00
   2.0000000e+00   3.2411527e+00   2.7175783e+00   2.0445383e+00   1.9444817e+00   9.2908660e-01   2.3190910e+00   3.0241722e+00   4.7578455e+00   3.2027145e+00   2.1296345e+00
   2.0000000e+00   3.1594292e+00   5.1775400e+00   2.5686402e+00   3.9641435e+00   2.0020320e+00   3.6756001e+00   3.9413837e+00   1.5285966e+00   2.1711679e+00   3.2013018e+00
   2.0000000e+00   1.5645792e+00   2.4687921e+00   2.3532604e+00   2.5853611e+00   4.1925887e+00   3.0452278e+00   3.3403423e+00   3.7613724e+00   3.1101227e+00   4.3239609e+00
   2.0000000e+00   4.7080536e+00   2.3281587e+00   2.5688570e+00   1.3557693e+00   3.4999930e+00   3.6384078e+00   4.8304915e+00   1.5206883e+00   3.3334229e+00   1.4647778e+00
   2.0000000e+00   3.3292274e+00   3.5778958e+00   2.9482246e+00   2.9370008e+00   1.8740102e+00   2.2691965e+00   2.4567762e+00   4.9183997e+00   3.5849034e+00   4.5854695e+00
   2.0000000e+00   2.3449905e+00   4.0024886e+00   4.0266094e+00   4.5389263e+00   2.8832471e+00   2.6673222e+00   2.7211553e+00   5.0997518e+00   4.3531586e+00   3.8268197e+00
   1.0000000e+00   1.6898394e+00   3.2740762e+00   3.8527347e+00   3.5252467e+00   3.5807177e+00   3.3463173e+00   9.6685387e-02   1.8203518e+00   9.2221442e-01   2.0210733e+00
   2.0000000e+00   3.1796337e+00   2.8614842e+00   3.0462522e+00   3.4930015e+00   3.9441844e+00   3.8788103e+00   4.5720716e+00   4.9668035e+00   1.5596339e+00   2.3984361e+00
   2.0000000e+00   4.1399829e+00   2.3207661e+00   4.4820562e+00   2.6433203e+00   3.4066257e+00   2.9573370e+00   5.3445377e+00   3.3853370e+00   6.4791993e-01   4.1591320e+00
   2.0000000e+00   2.4636130e+00   4.5922309e+00   3.6189183e+00   4.3888710e+00   2.5149103e+00   1.7058814e+00   4.3895929e+00   3.3229067e+00   1.3691123e+00   3.6952447e+00
   2.0000000e+00   1.7014102e+00   7.6753994e-01   2.9645997e+00   1.8437052e+00   2.7172283e+00   3.5197793e+00   3.2222557e+00   3.6772711e+00   2.7932894e+00   2.2950260e+00
   1.0000000e+00   2.3367814e+00   1.7128576e+00   2.9222041e+00   3.2188318e+00   9.7132827e-01   3.0849178e+00   4.1480931e+00   3.1277752e+00   1.5699757e+00   3.7713110e+00
   1.0000000e+00   4.6265684e+00   4.9045180e+00   3.3106185e+00   3.4034705e+00   2.8757633e+00   2.7759273e+00   3.1247578e+00   3.7574282e+00   2.2102052e+00   3.4717292e+00
   2.0000000e+00   9.9216395e-01   3.9812684e+00   3.3081238e+00   4.8311932e+00   1.6674678e+00   1.2243735e+00   2.1425576e+00   5.0280217e+00   4.8298789e+00   1.0177216e+00
   2.0000000e+00   3.5041326e+00   2.5383373e+00   4.1170404e+00   2.4341292e+00   2.3380148e+00   3.2427036e+00   2.4239589e+00   3.3245325e+00   3.2008491e+00   3.4528947e+00
   2.0000000e+00   2.5229746e+00   3.8433207e+00   4.1934872e+00   2.7857055e+00   2.6619289e+00   3.8166343e+00   1.8829869e+00   2.3256655e+00   1.6692080e+00   1.6939357e+00
   2.0000000e+00   2.6560349e+00   4.6035947e+00   2.4076810e+00   2.9137881e+00   3.8113587e+00   3.7611838e+00   3.1885168e+00   2.5253252e+00   3.4243366e+00   3.5734449e+00
   2.0000000e+00   3.8073540e+00   1.9792986e+00   3.4030277e+00   1.8998523e+00   2.1046149e+00   3.4280129e+00   1.9794623e+00   2.4391704e+00   3.1742557e+00   2.3665478e+00
   2.0000000e+00   2.7036472e+00   1.9354924e+00   3.0392358e+00   2.6026761e+00   3.0559308e+00   3.0039194e+00   2.1840110e+00   3.2374174e+00   4.3410871e+00   3.3718675e+00
   2.0000000e+00   2.5563093e+00   3.1735779e+00   4.1083887e+00   2.3474654e+00   2.6430388e+00   2.2324622e+00   2.9527794e+00   3.3804406e+00   3.0986762e+00   3.7641875e+00
   2.0000000e+00   3.1491024e+00   3.8668369e+00   2.6984606e+00   8.1838651e-01   3.0258408e+00   4.3684753e+00   3.6401123e+00   3.5814438e+00   3.9936677e+00   3.4375473e+00
   2.0000000e+00   4.0944227e+00   2.9377826e+00   4.9436076e+00   2.7970209e+00   3.6360886e+00   2.1041333e+00   1.6036154e+00   2.6488485e+00   5.0283627e+00   2.6642196e+00
   2.0000000e+00   2.1463934e+00   3.0083329e+00   3.2907076e+00   3.1390158e+00   2.0842240e+00   2.2090708e+00   3.6872222e+00   2.7308830e+00   4.3661432e+00   5.0931492e+00
   2.0000000e+00   2.3987495e+00   3.6277239e+00   2.9804130e+00   4.1999207e+00   1.8697669e+00   4.2231921e+00   1.7224547e+00   4.2230884e+00   2.6486475e+00   3.9037174e+00
   1.0000000e+00   3.1444995e+00   2.0115122e+00   3.8276911e+00   3.0329602e+00   1.8779156e+00   3.0602550e+00   3.9443697e+00   2.1800393e+00   2.5824285e+00   1.9396916e+00
   2.0000000e+00   7.3349661e-01   2.5176539e+00   2.4459663e+00   2.0548283e+00   2.5902951e+00   2.7228530e+00   4.5756681e+00   2.4774246e+00   2.3302920e+00   1.9780385e+00
   2.0000000e+00   4.0907250e+00   1.5077451e+00   1.4007254e+00   2.6555040e+00   4.4731027e+00   2.6581593e+00   6.2743022e+00   2.5331140e+00   2.6203638e+00   3.0246232e+00
   2.0000000e+00   2.4265461e+00   1.4225454e+00   3.3177379e+00   2.9450755e+00   2.2952348e+00   2.6109881e+00   2.2738866e+00   4.3814482e+00   3.9608401e+00   3.8570450e+00
   2.0000000e+00   4.5636702e+00   2.9747504e+00   3.7818102e+00   2.4838490e+00   2.6098360e+00   2.5001606e+00   4.6469064e+00   2.8448591e+00   4.8496779e+00   4.1104331e+00
   2.0000000e+00   3.2340921e+00   2.1739587e+00   3.6317296e+00   2.8908761e+00   2.6745047e+00   3.5016888e+00   4.1480889e+00   4.3555289e+00   2.6759683e+00   3.6419689e+00
   2.0000000e+00   3.0065214e+00   2.1102587e+00   2.6525564e+00   2.0364171e+00   2.8735624e+00   2.1482450e+00   3.8456016e+00   1.6817005e+00   4.1968007e+00   3.7214046e+00
   2.0000000e+00   3.3590119e+00   8.8833575e-01   2.9996875e+00   4.8021853e+00   2.3860369e+00   3.7725514e+00   3.2539888e+00   1.3163958e+00   1.5584722e+00   3.4475917e+00
   2.0000000e+00   2.2188685e+00   1.8971582e+00   2.0463932e+00   2.0262005e+00   2.2800481e+00   1.9789604e+00   3.5714278e+00   3.8501933e+00   3.4208201e+00   3.6493695e+00
   2.0000000e+00   1.2757565e+00   1.7397500e+00   3.6898171e+00   1.6291799e+00   2.2408737e+00   3.4167921e+00   3.1606057e+00   2.0476948e+00   2.4218449e+00   2.4460050e+00
   2.0000000e+00   2.5305941e+00   2.9959655e+00   4.7422530e+00   2.6009770e+00   1.7619465e+00   3.9708304e+00   4.8006875e+00   2.8976781e+00   2.8275374e+00   2.9365514e+00
   1.0000000e+00   3.2817406e+00   3.7951030e+00   2.9563752e+00   3.1782058e+00   2.6392690e+00   2.9081943e+00   1.1994920e+00   2.6773202e+00   3.9641543e+00   2.1291843e+00
   2.0000000e+00   3.0010078e+00   2.6077653e+00   2.3118470e+00   2.6373351e+00   4.4372488e+00   3.4825678e+00   6.3935552e-01   3.1472321e+00   3.9742549e+00   2.2426290e+00
   2.0000000e+00   2.5344387e+00   4.0149564e+00   4.1823975e+00   2.9491451e+00   3.2911439e+00   1.8796854e+00   4.4435194e+00   2.8242506e+00   3.8115183e+00   3.6339355e+00
   1.0000000e+00   2.1541065e+00   3.5898383e+00   1.8874369e+00   3.1190954e+00   3.6305576e+00   2.2753240e+00   1.7705066e+00   3.3065138e+00   3.1110429e+00   1.7924841e+00
   2.0000000e+00   1.2633851e+00   2.5300010e+00   2.6474620e+00   1.8545714e-01   1.8125138e+00   3.2457276e+00   4.0523830e+00   2.1493743e+00   2.7492745e+00   3.2070920e+00
   2.0000000e+00   2.3890342e+00   3.5711710e+00   3.1573010e+00   2.0249525e+00   2.5389370e+00   3.0795960e+00   4.7903606e+00   3.5496779e+00   2.4293352e+00   4.6867383e+00
   2.0000000e+00   2.5065111e+00   4.5920098e+00   1.8866956e+00   1.8615581e+00   2.3981605e+00   3.3937202e+00   2.4124996e+00   3.2891354e+00   2.5057935e+00   3.3327552e+00
   2.0000000e+00   2.8321019e+00   4.3665321e+00   4.1996164e+00   3.8197602e+00   4.2831882e+00   2.3647586e+00   2.8046834e+00   1.0972520e+00   6.4658420e-01   2.7623727e+00
   2.0000000e+00   4.1651778e+00   3.4694178e+00   3.3716125e+00   4.3092028e+00   2.9197215e+00   1.0783771e+00   2.3397216e+00   3.3766420e+00   2.2419713e+00   2.0127000e+00
   1.0000000e+00   2.6823569e+00   1.2596442e+00   1.7551537e+00   3.8739578e+00   2.1189343e+00   3.0785195e+00   2.3068004e+00   4.3449097e+00   4.1936384e+00   2.7248498e+00
   2.0000000e+00   1.9964446e+00   2.0351803e+00   2.5815911e+00   2.4163320e+00   3.1687096e+00   1.6293761e+00   2.8722743e+00   3.0178754e+00   2.9245617e+00   4.8052122e+00
   2.0000000e+00   3.4535533e+00   2.8869461e+00   2.3244952e+00   2.0224615e+00   3.9347518e+00   3.1783128e+00   5.2026234e+00   2.8866722e+00   2.9040784e+00   3.5414169e+00
   2.0000000e+00   3.7199891e+00   1.3887600e+00   2.9599605e+00   4.1179808e+00   3.7446707e+00   1.9213318e+00   2.2548573e+00   1.2794530e+00   2.1562813e+00   2.8557705e+00
   2.0000000e+00   2.9491228e+00   2.9858695e+00   2.3836728e+00   2.5973846e+00   4.0059498e+00   3.7292213e+00   3.4442502e+00   3.3615884e+00   2.6922953e+00   3.4145112e+00
   2.0000000e+00   1.8982116e+00   2.0285135e+00   2.1401541e+00   3.5617159e+00   3.4808401e+00   2.8433117e+00   3.1582393e+00   2.6377941e+00   3.8036765e+00   4.9735276e+00
   2.0000000e+00   4.0587692e+00   3.4412895e+00   1.5847795e+00   2.3794059e+00   2.8145725e+00   1.9788217e+00   3.2176648e+00   3.2716705e+00   4.4380625e+00   3.8794306e+00
   2.0000000e+00   2.7904439e+00   3.3641519e+00   2.8240897e+00   2.3279474e+00   2.3393930e+00   2.2441196e+00   2.0637117e+00   1.3437520e+00   3.4442660e+00   1.5926032e+00
   2.0000000e+00   2.4825891e+00   2.7304413e+00   3.2101876e+00   1.3345798e+00   5.1047930e+00   5.2726647e+00   3.6006298e+00   3.1283517e+00   4.9458650e+00   1.9432696e+00
   2.0000000e+00   1.9231718e+00   2.8812211e+00   1.7806182e+00   2.9238251e+00   3.2558299e+00   3.5224745e+00   5.0177790e+00   1.6296311e+00   2.8341796e+00   2.2310639e+00
   2.0000000e+00   1.4835481e+00   3.4666031e+00   2.8110376e+00   2.6477035e+00   3.7589980e+00   3.0546894e+00   4.7249096e+00   2.8082201e+00   2.9394602e+00   3.0617186e+00
   2.0000000e+00   2.7186172e+00   2.2733376e+00   2.4823366e+00   2.3957811e+00   2.9541678e+00   2.1278058e+00   2.4477306e+00   3.9851528e+00   4.1360348e+00   2.3988612e+00
   2.0000000e+00   4.1670613e+00   3.5101195e+00   4.6727683e+00   3.5796629e+00   3.0772673e+00   4.5618998e+00   2.4807837e+00   2.7773021e+00   3.4144199e+00   3.2204434e+00
   2.0000000e+00   2.5571209e+00   2.0763860e+00   3.3009156e+00   1.6656889e+00   2.5187806e+00   3.2672204e+00   1.5695055e+00   3.4171225e+00   4.1511414e+00   4.0872139e+00
   1.0000000e+00   6.2711712e+00   2.4714084e+00   4.8638975e+00   3.0075010e+00   3.4392514e+00   3.7411386e+00   2.1805655e+00   1.7000093e+00   3.5114015e+00   1.9284179e+00
   2.0000000e+00   4.8701956e+00   2.7600758e+00   2.5933752e+00   3.5318158e+00   2.8906534e+00   2.0514000e+00   1.7201097e+00   3.0118243e+00   3.2162402e+00   4.0236284e+00
   2.0000000e+00   4.4822532e+00   2.8394828e+00   4.3298245e+00   2.6959198e+00   3.2667310e+00   2.2100218e+00   4.4916909e+00   3.6027078e+00   3.7213720e+00   3.3779628e+00
   2.0000000e+00   2.9929579e+00   1.6169954e+00   3.9524662e+00   1.8985167e+00   1.3202845e+00   3.0365993e+00   3.5249185e+00   1.7789723e+00   3.1888244e+00   1.9679354e+00
