   2.0000000e+00   4.0060395e+00   3.0607611e+00   2.5334723e+00   2.5484458e+00   2.4910022e+00   4.8676041e+00   2.2766634e+00   4.3525386e+00   2.5321529e+00   3.3106218e+00
   1.0000000e+00   3.1264515e+00   4.3649457e+00   3.2778050e+00   3.1777294e+00   1.6140029e+00   1.9477011e+00   4.1783873e+00   2.9196588e+00   3.4965822e+00   2.9092196e+00
   2.0000000e+00   2.2908253e+00   2.1044595e+00   3.3561323e+00   3.8144696e+00   1.0338543e+00   3.8036487e+00   2.7019375e+00   4.5894504e+00   2.7670689e+00   2.6030768e+00
   2.0000000e+00   2.7991517e+00   4.2600922e+00   5.9285681e+00   3.8798378e+00   2.0646277e+00   2.9273324e+00   2.9582175e+00   2.6482976e+00   6.0620991e-01   3.5946767e+00
   2.0000000e+00   2.8556619e+00   1.2330679e+00   4.3997402e+00   5.5059596e+00   1.6869104e+00   1.0479930e+00   1.9266172e+00   1.9332562e+00   3.7230829e+00   3.2201932e+00
   2.0000000e+00   3.0019629e+00   2.7711555e+00   2.4930011e+00   3.4727880e+00   3.0534376e+00   5.4996562e+00   3.0313117e+00   2.5443641e+00   1.6315816e+00   2.2834949e+00
   2.0000000e+00   3.1417203e+00   4.4281999e+00   3.6643530e+00   1.8320183e+00   2.6250931e+00   1.7934394e+00   4.5002243e+00   2.3929404e+00   1.7372879e+00   3.0117420e+00
   2.0000000e+00   2.8644963e+00   3.5506363e+00   4.4213738e+00   5.3186483e+00   3.4360988e+00   2.2925843e+00   1.8874672e+00   2.8753167e+00   3.4256348e+00   2.0449958e+00
   2.0000000e+00   2.5553502e+00   2.9947991e+00   2.9507427e+00   2.0021429e+00   2.0662728e+00   2.5490654e+00   3.7211765e+00   2.9313143e+00   2.7570214e+00   2.2216572e+00
   2.0000000e+00   4.2325031e+00   3.2577691e+00   5.7198344e-01   2.2950126e+00   3.3398009e+00   2.6245805e+00   1.5352932e+00   3.8261933e+00   2.2206195e+00   4.5287605e+00
   2.0000000e+00   4.4470701e+00   2.0935519e+00   2.6929416e+00   3.9071641e+00   3.1953779e+00   3.2128703e+00   3.5360523e+00   2.2950067e+00   1.4203674e+00   1.1316531e+00
   1.0000000e+00   3.5451063e+00   1.5033498e+00   1.7009182e+00   3.1755375e+00   1.3602032e+00   3.3292755e+00   4.5380488e+00   4.0002216e+00   2.3776902e+00   1.7790454e+00
   2.0000000e+00   3.0698407e+00   9.1321740e-01   3.5847336e+00   3.0682443e+00   1.0410435e+00   5.0920668e+00   3.1240764e+00   2.6936262e+00   8.1273060e-01   5.6501575e+00
   2.0000000e+00   4.4221701e+00   3.6051366e+00   2.8915882e+00   3.0059163e+00   6.6633666e-01   4.4217750e+00   1.8448967e+00   3.5118187e+00   3.3547418e+00   3.0949252e+00
   2.0000000e+00   2.6312028e+00   1.0787025e+00   4.0490084e+00   1.6604227e+00   2.3449706e+00   3.9632235e+00   4.7188754e+00   4.8386823e+00   2.9246728e+00   3.3962336e+00
   2.0000000e+00   2.6986336e+00   3.3943287e+00   1.9853027e+00   1.7145491e+00   3.0837190e+00   2.3425990e+00   1.9499664e+00   3.1359485e+00   1.6943148e+00   4.3575368e+00
   2.0000000e+00   3.0567754e+00   1.1890088e+00   4.1534637e+00   1.3234770e+00   3.5114089e+00   4.0742593e+00   2.3270292e+00   3.5015413e+00   2.8026060e+00   1.0588535e+00
   2.0000000e+00   3.9961052e+00   3.5025657e+00   1.8378221e+00   3.7558680e+00   2.0053312e+00   2.8011273e+00   3.4381104e+00   2.3061070e+00   5.9370510e+00   4.7605881e+00
   2.0000000e+00   2.8981268e+00   3.2751263e+00   4.5129957e+00   2.1042311e+00   2.5751803e+00   2.7112826e+00   3.3750575e+00   3.2320010e+00   3.2232342e+00   4.0602403e+00
   2.0000000e+00   3.5492262e+00   3.1658662e+00   3.1796675e+00   1.2653592e+00   7.2913135e-01   3.5458812e+00   2.9232591e+00   2.2113298e+00   3.3984579e+00   1.9532088e+00
   2.0000000e+00   2.8998733e+00   2.6186182e+00   4.1931219e+00   3.4765502e+00   4.7823742e+00   1.8046465e+00   3.2530899e+00   2.8283574e+00   4.6101998e+00   2.7279740e+00
   2.0000000e+00   3.2230059e+00   4.2564276e+00   1.5727465e+00   2.7460304e+00   2.2127936e+00   5.9491034e-01   3.4374227e+00   2.2923689e+00   3.3861613e+00   3.4368666e+00
   2.0000000e+00   1.0219624e+00   3.8438813e+00   3.8634647e+00   1.6968432e+00   3.3749167e+00   2.5864538e+00   2.8311261e+00   3.0904031e+00   3.0097078e+00   2.1342135e+00
   2.0000000e+00   4.3967109e+00   1.7641027e+00   2.4057330e+00   3.2902604e+00   1.3968619e+00   2.1566425e+00   3.2656950e+00   2.1190719e+00   3.0725005e+00   2.3599795e+00
   2.0000000e+00   4.0065561e+00   2.4789739e+00   1.4613345e+00   3.4396635e+00   2.5074512e+00   3.8533521e+00   2.6295015e+00   3.8571151e+00   3.3191940e+00   2.4807248e+00
   2.0000000e+00   1.9397995e+00   3.4151854e+00   4.2619765e+00   3.5033932e+00   3.9596730e+00   2.7374509e+00   2.4798296e+00   3.2638018e+00   4.0708616e+00   2.8515177e+00
   2.0000000e+00   5.2514624e-01   2.6208536e+00   3.4107993e+00   2.3899401e+00   1.7881452e+00   4.4395985e+00   2.4890470e+00   1.7172338e+00   3.3008322e+00   2.3491357e+00
   2.0000000e+00   4.6568350e+00   4.0746583e+00   2.8420026e+00   2.6460636e+00   3.4987546e+00   2.4752195e+00   3.0789482e+00   1.0405538e+00   4.1721887e+00   3.5996732e+00
   1.0000000e+00   3.0590753e+00   1.7407362e+00   3.2281921e+00   2.5679003e+00   1.8188369e+00   3.6263015e+00   1.9900015e+00   1.4951611e+00   2.8905852e+00   3.0940939e+00
   1.0000000e+00   3.9338687e+00   3.5245029e+00   2.5158509e+00   3.1644788e+00   3.6472470e+00   3.4903738e+00   2.3014715e+00   2.0662462e+00   3.8272421e+00   4.3812352e+00
   1.0000000e+00   3.5929239e+00   3.7244893e+00   1.6383851e+00   3.5104970e+00   3.4935889e+00   3.3921336e+00   2.8794960e+00   2.9888802e+00   2.4801721e+00   2.2451721e+00
   2.0000000e+00   3.4136501e+00   3.3452353e+00   8.8811884e-01   4.6427612e+00   2.8764380e+00   2.0307148e+00   3.3576258e+00   3.3833292e+00   3.8530265e+00   3.9675174e+00
   2.0000000e+00   4.1736366e+00   3.2472442e+00   1.2836588e+00   2.3848739e+00   4.7940977e+00   3.0601517e+00   2.7954503e+00   1.7900283e+00   1.8248799e+00   3.5389567e+00
   1.0000000e+00   3.4759974e+00   1.6433103e+00   2.5304980e+00   2.3713287e+00   1.3931820e+00   2.8734221e+00   2.9975470e+00   1.2071937e+00   2.5455996e+00   3.6430899e+00
   2.0000000e+00   1.2950271e+00   4.6639127e+00   3.6721288e+00   2.8234421e+00   3.5360624e+00   2.4228360e+00   2.3702025e+00   2.5016997e+00   2.4938912e+00   2.9088136e+00
   2.0000000e+00   3.6796706e+00   2.8600217e+00   2.8950256e+00   4.1612541e+00   4.7807164e+00   2.6948238e+00   1.4785980e+00   1.2908104e+00   4.8036927e+00   2.9173105e+00
   2.0000000e+00   2.6596601e+00   1.7338479e+00   3.1343101e+00   2.6015319e+00   3.3107690e+00   2.5167221e+00   2.3962474e+00   2.7603299e+00   1.9872518e+00   1.6648873e+00
   1.0000000e+00   3.1939263e+00   2.0103058e+00   2.5454568e+00   3.9283552e+00   3.7080563e+00   2.6897120e+00   2.4075695e+00   1.8435558e+00   1.7597108e+00   4.1732801e+00
   1.0000000e+00   3.2195882e+00   1.5542878e+00   3.3126713e+00   2.2643737e+00   2.8142588e+00   2.1384545e+00   4.4303241e+00   3.4446986e+00   3.2665650e+00   2.8098604e+00
   1.0000000e+00   3.3432172e+00   2.0651588e+00   3.8141680e+00   2.1440054e+00   3.8815843e+00   1.7799768e+00   4.0243146e+00   2.3609499e+00   1.7922477e+00   3.3956689e+00
   2.0000000e+00   2.4422944e+00   3.6111408e+00   2.2547951e+00   4.8131109e+00   1.2035576e+00   2.3545036e+00   3.5096801e+00   3.0664037e+00   1.9499276e+00   3.7447154e+00
   2.0000000e+00   2.4285609e+00   2.6697375e+00   1.7325782e+00   3.8603497e+00   1.8683143e+00   2.7108576e+00   4.2227753e+00   2.0350463e+00   3.4686658e+00   2.7493670e+00
   2.0000000e+00   1.9258162e+00   3.1905347e+00   3.5436174e+00   3.5678243e+00   1.9099131e+00   4.0004218e+00   3.0820233e+00   4.7349648e+00   3.2829000e+00   3.1653800e+00
   2.0000000e+00   4.0970339e+00   3.8082422e+00   2.3557838e+00   3.0066418e+00   1.8547251e+00   2.4119363e+00   2.4310966e+00   3.0858903e+00   4.3411972e+00   2.5647018e+00
   1.0000000e+00   3.0939303e+00   2.3328009e+00   7.8569176e-01   2.4002131e+00   5.3933881e+00   4.5574834e+00   3.8583202e+00   2.7230967e+00   3.3805974e+00   4.1708190e+00
   2.0000000e+00   3.4532170e+00   3.7573023e+00   3.2464227e+00   4.1752312e+00   4.7304931e+00   1.6386268e+00   2.3216426e+00   1.6734587e+00   4.4354306e+00   2.0908193e+00
   2.0000000e+00   4.0348328e+00   2.8141950e+00   3.5980823e+00   4.1312559e+00   2.3803423e+00   4.9000816e+00   2.2193151e+00   3.3401566e+00   3.7995879e+00   4.3014492e+00
   2.0000000e+00   1.8439670e+00   2.7035463e+00   3.7032154e+00   1.2380850e+00   3.4417839e+00   3.1778592e+00   3.5423902e+00   1.9055385e+00   4.6285605e+00   4.0413715e+00
   2.0000000e+00   1.8652311e+00   3.3302233e+00   3.3707285e+00   1.8481640e+00   1.3462784e+00   8.3339039e-01   2.4183101e+00   1.8322918e+00   3.1291068e+00   4.4752261e+00
   2.0000000e+00   2.8237304e+00   2.8260703e+00   2.9206922e+00   2.6317070e+00   2.2940345e+00   3.7068922e+00   1.9578791e+00   2.2926617e+00   9.1523608e-01   3.2866872e+00
   2.0000000e+00   3.6906175e+00   2.4210304e+00   3.1233886e+00   4.4841380e+00   2.7076916e+00   7.7466553e-01   2.2130106e+00   2.3347627e+00   2.3528855e+00   4.4461692e+00
   2.0000000e+00   2.1310748e+00   4.7002121e+00   4.9353863e+00   3.3910966e+00   3.3054332e+00   3.3411992e+00   2.3626710e+00   2.3778712e+00   2.7482678e+00   2.9399968e+00
   2.0000000e+00   2.2484587e+00   3.0484537e+00   3.0462643e+00   4.3076529e+00   4.2038973e+00   5.2512381e+00   1.6286633e+00   4.6606016e+00   3.1902164e+00   2.8415296e+00
   1.0000000e+00   3.5341778e+00   3.0217693e+00   2.6484600e+00   2.4228214e+00   3.6171856e+00   2.8338633e+00   2.2577826e+00   3.6481435e+00   2.5324577e+00   2.5751630e+00
   1.0000000e+00   3.3142943e+00   2.5959470e+00   4.3918372e+00   3.4771003e+00   2.9802095e+00   3.4870230e+00   3.5269994e+00   4.3562458e+00   3.5307396e+00   3.4547212e+00
   1.0000000e+00   3.5571167e+00   1.5307563e+00   4.1571960e+00   2.3784761e+00   4.2424651e+00   3.6729690e+00   5.1649665e+00   3.2095940e-01   3.2446558e+00   2.5851743e+00
   2.0000000e+00   3.6925328e+00   4.2515896e+00   4.7080865e+00   1.1248560e+00   2.8159421e+00   2.6250444e+00   2.4127249e+00   2.7233870e+00   4.9464285e+00   2.9414457e+00
   2.0000000e+00   4.0445253e+00   2.0373358e+00   3.9654190e+00   3.3077862e+00   3.6549503e+00   3.8204888e+00   3.5986148e+00   2.8501582e+00   1.7229458e+00   2.7468424e+00
   2.0000000e+00   1.2632603e+00   3.1135653e+00   3.5585994e+00   3.0390455e+00   5.0342548e+00   2.6251262e+00   4.7800634e+00   2.6771445e+00   3.0074575e+00   2.7868031e+00
   1.0000000e+00   3.1446797e+00   3.0565248e+00   4.3901898e+00   2.2382949e+00   1.8299928e+00   3.8784918e+00   2.9841657e+00   4.6485588e+00   2.6365445e+00   8.7290374e-01
   1.0000000e+00   3.3682827e+00   4.1478562e+00   2.8342044e+00   2.4500852e+00   2.7193252e+00   2.0019884e+00   2.6205176e+00   2.4826099e+00   4.2668360e+00   2.7644670e+00
   2.0000000e+00   1.2986042e+00   2.7469240e+00   2.7093569e+00   2.2205593e+00   2.0205121e+00   3.0704607e+00   3.2099459e+00   2.1897215e+00   3.5380373e+00   1.2918004e+00
   1.0000000e+00   3.0932102e+00   2.1816294e+00   2.1943942e+00   3.5204631e+00   1.4313576e+00   2.7094583e+00   3.2078682e+00   3.3179767e+00   3.8068246e+00   3.3222627e+00
   2.0000000e+00   4.0674413e+00   2.4344876e+00   4.7342099e+00   1.9591991e+00   3.9901236e+00   2.2216577e+00   2.1773965e+00   1.7549271e+00   2.8885286e+00   3.7398665e+00
   2.0000000e+00   1.4791866e+00   3.1371886e+00   5.3485243e+00   3.5918648e+00   2.5385160e+00   3.0885563e+00   3.1136953e+00   4.6272633e+00   3.9128922e+00   2.3025950e+00
   1.0000000e+00   3.0422612e+00   2.8093382e+00   4.0172502e+00   2.7083913e+00   1.2983128e+00   1.5263256e+00   2.4073080e+00   4.0098708e+00   4.5246317e+00   3.6917042e+00
   2.0000000e+00   2.4239432e+00   1.5284266e+00   2.4104068e+00   2.7638198e+00   1.9759269e+00   1.3602054e+00   1.9027935e+00   5.3306845e+00   2.3076349e+00   3.4278949e+00
   2.0000000e+00   3.7069548e+00   4.0339483e+00   1.7968536e+00   2.1232210e+00   3.9855028e+00   1.5467193e+00   3.1185094e+00   3.5542690e+00   2.0975251e+00   3.0123900e+00
   2.0000000e+00   1.8776937e+00   2.5210339e+00   2.0982285e+00   2.1631837e+00   3.6467930e+00   2.1966248e+00   3.8990861e+00   3.2045713e+00   3.0703938e+00   4.7559262e+00
   2.0000000e+00   1.8694632e+00   5.5221935e+00   3.0573021e+00   2.3270542e+00   3.1126498e+00   3.8425775e+00   3.5977561e+00   4.2386037e+00   2.3115332e+00   3.7716816e+00
   2.0000000e+00   4.2946993e+00   2.9850555e+00   1.7136901e+00   2.0803049e+00   1.4148421e+00   3.0498421e+00   3.0017467e+00   3.1352606e+00   4.2309017e+00   2.9688748e+00
   1.0000000e+00   3.4822277e+00   2.7455510e+00   1.4490218e+00   2.2935780e+00   2.4795911e+00   4.2479599e+00   3.7027485e+00   2.9805403e+00   2.7254411e+00   3.7012683e+00
   2.0000000e+00   4.3699926e+00   3.0856990e+00   1.4924354e+00   2.3579476e+00   2.0376888e+00   3.9870956e+00   4.0791580e+00   2.0560425e+00   1.8964007e+00   3.6498428e+00
   2.0000000e+00   3.8670830e+00   3.2212740e+00   3.4498046e+00   1.4802623e+00   4.3387294e+00   2.5188835e+00   2.8592037e+00   2.2258046e+00   3.0811957e+00   4.6843285e+00
   2.0000000e+00   3.6154121e+00   3.5475870e+00   9.6001453e-01   1.2546061e+00   2.3375677e+00   1.6392048e+00   2.6721971e+00   2.9629574e+00   2.2142503e+00   1.6101945e+00
   2.0000000e+00   3.1201144e+00   5.6268559e+00   3.4919244e+00  -1.2890662e-01   3.8511684e+00   3.0277173e+00   3.7116539e+00   3.6619194e+00   1.5364486e+00   3.7290373e+00
   2.0000000e+00   1.6782360e+00   1.0570217e+00   3.4232147e+00   3.5456879e+00   4.6954385e+00   2.6521915e+00   2.9916271e+00   3.9784134e+00   3.3968451e+00   3.2037779e+00
   2.0000000e+00   2.9931911e+00   1.9877397e+00   1.9440511e+00   2.0252722e+00   4.3372514e+00   4.2241253e+00   4.8686515e+00   2.3450413e+00   2.4357130e+00   2.0958647e+00
   1.0000000e+00   3.2062214e+00   2.3159643e+00   2.0539936e+00   3.2210102e+00   3.6217949e+00   2.2663506e+00   1.7040436e+00   2.5273899e+00   3.3781616e+00   1.3415665e+00
   1.0000000e+00   3.5066379e+00   3.3079979e+00   2.4211140e+00   2.6057788e+00   1.7104084e+00   4.5795517e+00   1.5065519e+00   2.1158892e+00   4.1704917e+00   2.1090764e+00
   2.0000000e+00   2.0876031e+00   2.6243498e+00   2.3623284e+00   3.8378411e+00   5.3240700e+00   3.2542575e+00   1.9372177e+00   1.7514850e+00   2.9541882e+00   2.9042241e+00
   1.0000000e+00   3.0913200e+00   3.5624165e+00   3.8469954e+00   3.3794042e+00   1.6784122e+00   3.4643922e+00   3.1387845e+00   3.2924013e+00   2.3649390e+00   3.4085047e+00
   2.0000000e+00   4.7181536e+00   1.6095626e+00   2.8565262e+00   4.4795982e+00   2.3137705e+00   2.2849660e+00   2.9419050e+00   2.7015454e+00   3.3313833e+00   3.6738584e+00
   2.0000000e+00   2.4485762e+00   4.1548905e+00   2.1484666e+00   3.2381749e+00   2.9836547e+00   1.9841573e+00   2.7619182e+00   4.3359849e+00   3.8821878e+00   2.6826549e+00
   1.0000000e+00   3.1061058e+00   3.2649187e+00   3.5043218e+00   3.5389828e+00   3.7466741e+00   2.8239720e+00   3.9360420e+00   2.5688091e+00   3.4185444e+00   2.7687781e+00
   1.0000000e+00   3.1775985e+00   3.3298423e+00   3.9801110e+00   2.6212696e+00   3.2734396e+00   3.0212946e+00   2.8475233e+00   3.8740029e+00   2.9594516e+00   3.6751722e+00
   2.0000000e+00   2.0824719e+00   1.7700310e+00   1.2742074e+00   2.0853231e+00   2.1969327e+00   1.5390965e+00   3.5161670e+00   2.4883297e+00   2.9298564e+00   3.8312514e+00
   2.0000000e+00   3.3621285e+00   2.4045831e+00   4.2039562e+00   1.2757747e+00   2.0053348e+00   3.1104456e+00   4.6274558e+00   3.4516141e+00   1.9853476e+00   4.2021898e+00
   2.0000000e+00   3.2115886e+00   3.1642046e+00   1.9702158e+00   1.6287456e+00   1.4982087e+00   2.2313442e+00   4.1581468e+00   4.2304531e+00   2.8662533e+00   1.1019048e+00
   2.0000000e+00   6.2291278e-01   2.2345217e+00   1.0551673e+00   4.7607432e+00   2.6187651e+00   3.4213511e+00   2.5123214e+00   2.8143601e+00   2.9591996e+00   1.7925496e+00
   2.0000000e+00   5.2158032e+00   3.8156802e+00   3.0748500e+00   1.7017538e+00   2.7120592e+00   3.9762620e+00   5.2198251e+00   3.2177177e+00   3.6027684e+00   3.2861324e+00
   2.0000000e+00   4.3752683e+00   2.3646286e+00   4.1309381e+00   3.5120223e+00   2.8595738e+00   1.1090818e+00   3.9719848e+00   3.6680869e-01   3.7822605e+00   4.0512521e+00
   2.0000000e+00   4.2108631e+00   2.2113536e+00   4.2238874e+00   3.0682580e+00   2.6188735e+00   2.2743768e+00   3.2316288e+00   2.5285724e+00   3.2146386e+00   2.1042516e+00
   2.0000000e+00   3.8575553e+00   3.4672359e+00   2.6068618e+00   3.6894243e+00   3.5033690e+00   2.7289342e+00   1.9352186e+00   3.1999110e+00   2.1902208e+00   2.7099390e+00
   2.0000000e+00   2.6577269e+00   2.1043449e+00   3.6896337e+00   2.7762192e+00   2.8594991e+00   7.4842752e-01   4.7028911e+00   3.1103266e+00   1.6147388e+00   2.5441044e+00
   2.0000000e+00   1.8008508e+00   3.9697574e+00   2.8759730e+00   2.7262700e+00   2.4133500e+00   4.0585292e-01   2.8884029e+00   4.6622123e+00   3.0908741e+00   2.9326955e+00
   2.0000000e+00   2.5301937e+00   1.4861612e+00   2.8080444e+00   3.6300526e+00   2.7231071e+00   1.3064740e+00   2.8861452e+00   3.3405778e+00   2.7859780e+00   2.5472062e+00
   1.0000000e+00   3.5025589e+00   2.2673409e+00   4.1504595e+00   2.6832679e+00   4.6396135e+00   3.8954004e+00   3.0293793e+00   2.9983557e+00   3.1508682e+00   3.7575117e+00
   2.0000000e+00   4.9106779e+00   5.0343945e+00   3.2387061e+00   3.2416525e+00   3.0650492e+00   4.6186082e+00   3.2260276e+00   3.5220991e+00   6.4458177e-01   1.4497929e+00
   2.0000000e+00   1.9979507e+00   2.1506911e+00   3.9616817e+00   4.4168692e+00   4.0613182e+00   2.3621095e+00   5.2128011e+00   1.7073306e+00   3.6201381e+00   5.0212646e+00
