   2.0000000e+00   1.5853813e+00   2.4061337e+00   4.6559639e+00   4.6196099e+00   4.4302811e+00   3.0871461e+00   3.1204779e+00   3.1744411e+00   2.7314271e+00   2.6402106e+00
   2.0000000e+00   2.4529666e+00   2.6194398e+00   2.8687166e+00   3.5954949e+00   2.7955470e+00   4.4718787e+00   3.1824340e+00   4.2707994e+00   2.8855688e+00   5.3087198e+00
   2.0000000e+00   3.3739486e+00   3.1248087e+00   4.8476754e+00   3.6636614e+00   2.7485676e+00   2.3427587e+00   2.7328577e+00   1.0177969e+00   3.5368490e+00   4.8380441e+00
   2.0000000e+00   3.8784595e+00   1.0344038e+00   3.7237074e+00   2.6453460e+00   3.1778755e+00   2.4500763e+00   1.5578625e+00   1.1177355e+00   2.5009027e+00   4.0534095e+00
   2.0000000e+00   3.5929654e+00   2.2752329e+00   3.6719006e+00   5.9296582e+00   1.8994282e+00   2.1825652e+00   3.3123145e+00   2.5982513e+00   3.6017126e+00   3.3407680e+00
   2.0000000e+00   4.2013331e+00   1.4112790e+00   2.8082376e+00   2.5936790e+00   2.3776183e+00   3.7089085e+00   3.8797861e+00   2.5975074e+00   3.7247146e+00   4.4967208e+00
   2.0000000e+00   1.6506833e+00   3.4565067e+00   3.6971223e+00   4.6918595e+00   2.4135880e+00   3.9359368e+00   1.4418491e+00   2.6265070e+00   4.1192677e+00   2.5704879e+00
   2.0000000e+00   1.1227977e-01   5.6292177e-01   2.0318299e+00   4.2647697e+00   3.4438153e+00   4.4511816e+00   3.1480298e+00   1.5404782e+00   5.1075375e+00   1.2770333e+00
   2.0000000e+00   2.1050874e+00   3.0832517e+00   1.9707884e+00   2.1877126e+00   2.5265412e+00   3.4199427e+00   4.1324414e+00   1.7136588e+00   3.9582651e+00   3.7730085e+00
   2.0000000e+00   1.3459740e+00   2.9887532e+00   1.5268416e+00   3.8260233e+00   3.1726564e+00   2.8902302e+00   2.8086763e+00   2.7695755e+00   2.4633566e+00   2.8177741e+00
   2.0000000e+00   2.2728528e+00   1.9362693e+00   3.2917720e+00   4.5340921e+00   3.4364814e+00   1.3154288e+00   1.8862790e+00   4.3363254e+00   4.7062825e+00   1.3478402e+00
   2.0000000e+00   3.0545632e+00   2.4776145e+00   2.2134604e+00   1.8983606e+00   4.2728930e+00   4.8925598e+00   2.5955211e+00   3.6630713e+00   1.3054244e+00   2.6655405e+00
   2.0000000e+00   4.7229833e+00   1.8195942e+00   3.2256725e+00   3.5056331e+00   1.6828399e+00   4.6899661e+00   2.9402546e+00   3.7350150e+00   3.8036774e+00   1.5431399e+00
   2.0000000e+00   1.6625998e+00   4.8509133e+00   2.6748806e+00   2.7813303e+00   2.8576132e+00   4.5075406e+00   1.5735011e+00   4.6492885e+00   2.8378018e+00   4.5190953e+00
   2.0000000e+00   4.3924468e+00   4.4729346e+00   4.0039106e+00   2.4945756e+00   4.9365657e+00   4.1868056e+00   2.2202726e+00   4.7881400e+00   3.3882145e+00   2.1549045e+00
   2.0000000e+00   3.3453056e+00   3.2794237e+00   5.2003765e+00   1.4313760e+00   3.5194418e+00   2.5703723e+00   3.9466807e+00   3.3200647e+00   1.9955477e+00   3.1252883e+00
   2.0000000e+00   4.8147228e+00   3.1591494e+00   3.9885953e+00   3.0572386e+00   3.0304824e+00   4.5793350e+00   4.1261710e+00   1.9515252e+00   2.6374087e+00   2.1199106e+00
   1.0000000e+00   3.2462046e+00   3.5593297e+00   2.2193017e+00   3.4087156e+00   2.7982091e+00   2.1211318e+00   3.1305612e+00   3.0551048e+00   3.5076684e+00   2.6085158e+00
   2.0000000e+00   4.8185654e+00   1.2044280e+00   3.1749277e+00   1.8928074e+00   5.8009866e+00   3.9317052e+00   2.6963741e-01   2.6154288e+00   6.0301160e+00   3.1667714e+00
   2.0000000e+00   2.5587504e+00   2.5987510e+00   2.7961946e+00   2.5739036e+00   2.6393060e+00   3.2052692e+00   3.0180637e+00   4.1028194e+00   1.4660202e+00   1.8693087e+00
   2.0000000e+00   3.1173216e+00   2.2731996e+00   3.0257192e+00   3.3061769e+00   2.2227734e+00   3.5482988e+00   2.3012923e+00   2.5156895e+00   3.8074587e+00   3.5699354e+00
   2.0000000e+00   2.5680229e+00   2.1960416e+00   2.1062368e+00   2.2531919e+00   2.7391774e+00   2.6022436e+00   3.0333325e+00   1.5651768e-01   3.3562153e+00   3.3328426e+00
   2.0000000e+00   4.1036010e+00   4.4250194e+00   4.1287676e+00   2.5293517e+00   1.0389832e+00   2.8649415e+00   3.5900607e+00   2.2417864e+00   2.6182627e+00   4.0457674e+00
   2.0000000e+00   2.8628402e+00   1.7142251e+00   2.8211269e+00   2.0535062e+00   2.1694421e+00   4.5548129e+00   2.1873204e+00   2.1514180e+00   2.1317275e+00   1.2915629e+00
   1.0000000e+00   3.0242807e+00   2.6859922e+00   2.4893925e+00   2.8322217e+00   2.7256650e+00   9.4023938e-01   4.4720357e+00   3.0899130e+00   4.3860225e+00   2.3178207e-01
   2.0000000e+00   2.9478073e+00   3.2554925e+00   4.2616738e+00   2.1906493e+00   1.7917721e+00   2.4525439e+00   3.4045157e+00   3.2223890e+00   4.3899313e+00   3.1858609e+00
   1.0000000e+00   4.0938552e+00   3.7212346e+00   1.0712762e+00   3.6002348e+00   2.5302537e+00   2.0176049e+00   3.4454231e+00   3.1407399e+00   3.9676767e+00   3.2289226e+00
   1.0000000e+00   3.1907369e+00   1.3869035e+00   1.9755177e+00   4.6848451e+00   3.8718863e+00   3.0785969e+00   4.9613145e+00   3.4040158e+00   3.5361008e+00   2.6090796e+00
   1.0000000e+00   2.6241390e+00   4.2198684e+00   3.6319212e+00   3.5493519e+00   2.4930552e+00   2.8186813e+00   2.5699970e+00   3.8577514e+00   3.4981706e+00   3.8999279e+00
   2.0000000e+00   3.5478915e+00   4.8214996e+00   3.1832025e+00   2.8801178e+00   2.5909011e+00   2.3786212e+00   2.6722992e+00   7.4338982e-01   1.6135287e+00   3.2730759e+00
   2.0000000e+00   1.8554392e+00   1.8226904e+00   4.0888477e+00   4.0865418e+00   2.0111560e+00   1.2753437e+00   1.9234976e+00   3.5275297e+00   2.4842569e+00   2.3351648e+00
   2.0000000e+00   2.6845652e+00   2.1707176e+00   2.3392841e+00   1.9950326e+00   3.6128876e+00   2.8120302e+00   2.3502249e+00   2.2495393e+00   2.3487773e+00   4.3555311e+00
   2.0000000e+00   3.8362985e+00   2.7699331e+00   2.4747452e+00   1.8447975e+00   2.6871963e+00   2.5041571e+00   3.3877942e-01   2.9811625e+00   1.7384595e+00   2.1526274e+00
   2.0000000e+00   2.5267259e+00   7.2157311e-01   3.9657243e+00   3.1759523e+00   3.4394486e+00   2.5937278e+00   2.3600783e+00   2.5280703e+00   4.2234483e+00   3.7742173e+00
   2.0000000e+00   2.8934544e+00   4.0382051e+00   2.5060138e+00   8.9092285e-01   2.7141887e+00   8.6706100e-01   3.2526677e+00   2.5747387e+00   1.5979488e+00   3.8121054e+00
   2.0000000e+00   2.9195914e+00   1.9201337e+00   3.7862528e+00   3.8298936e+00   4.5174850e+00   5.3510189e+00   3.0857975e+00   3.0149327e+00   3.3635895e+00   3.4470219e+00
   2.0000000e+00   3.0447455e+00   3.3336540e+00   1.9460304e+00   3.0594053e+00   5.3511602e+00   2.7261335e+00   4.7812502e+00   1.5700838e+00   4.9673327e+00   3.6003630e+00
   2.0000000e+00   4.2055267e+00   3.9991844e+00   3.5068207e+00   2.9970363e+00   2.2245694e+00   3.8014377e+00   3.2829349e+00   1.8221484e+00   3.7020974e+00   3.3317303e+00
   2.0000000e+00   3.6773101e+00   3.4912571e+00   3.3694843e+00   2.9504383e+00   2.8371466e+00   5.7697575e-01   2.5885363e+00   2.7917581e+00   5.9550767e-01   1.8725377e+00
   2.0000000e+00   3.7251418e+00   3.7588379e+00   3.0734996e+00   5.1307887e+00   4.5496853e+00   3.3162936e+00   1.5969731e+00   2.5651206e+00   4.4514508e+00   1.3351399e+00
   1.0000000e+00   4.0102547e+00   4.1964155e+00   2.1935948e+00   1.4200162e+00   2.6053854e+00   3.1766828e+00   3.5099238e+00   3.8050941e+00   2.2206969e+00   3.7440633e+00
   1.0000000e+00   1.3911935e+00   3.4335116e+00   2.3803767e+00   3.2007202e+00   2.1051476e+00   2.5539695e+00   1.5701215e+00   3.4136067e+00   2.9365589e+00   4.2882151e+00
   1.0000000e+00   3.5572392e+00   3.2180139e+00   4.0248381e+00   2.6236607e+00   3.6460083e+00   1.0732648e+00   3.3746420e+00   3.7499398e+00   4.3595061e+00   4.5119879e+00
   2.0000000e+00   1.2535222e+00   2.5363299e+00   2.8807049e+00   3.6817610e+00   4.6542477e+00   3.0141944e+00   1.0449115e+00   3.7371843e+00   3.3314063e+00   1.9692565e+00
   2.0000000e+00   2.3830125e+00   2.8447410e+00   3.0830294e+00   2.9055013e+00   4.6407334e+00   4.8977218e+00   3.7087879e+00   3.7967398e+00   2.6391220e+00   1.7039380e+00
   2.0000000e+00   4.5207602e+00   2.0516107e+00   2.9642855e+00   2.3477192e+00   3.3698345e+00   3.3287578e+00   2.2913330e+00   4.7468527e+00   2.7043293e+00   2.9225121e+00
   2.0000000e+00   2.2101626e+00   2.1857389e+00  -9.6867578e-01   3.3880664e+00   4.0568870e+00   1.7352421e+00   4.6043220e+00   4.0031523e+00   4.2458964e+00   3.8612179e+00
   2.0000000e+00   3.1130446e+00   2.1851528e+00   5.3210081e+00   3.2384918e+00   2.7330893e+00   1.1135307e+00   4.1779602e+00   1.9424355e+00   2.1200335e+00   2.2372736e+00
   2.0000000e+00   2.7905913e+00   3.1760976e+00   2.7426333e+00   4.4616741e+00   3.5774603e+00   2.3885879e+00   2.0511340e+00   4.2684410e+00   2.7216511e+00   2.6831103e+00
   2.0000000e+00   4.1618433e+00   3.0091276e+00   2.0898919e+00   2.8096720e+00   2.3859406e+00   4.6368588e+00   3.3292888e+00   2.5425468e+00   4.5457615e+00   3.2796603e+00
   2.0000000e+00   2.5355310e+00   2.5360870e+00   2.6248566e+00   4.8361540e+00   2.6120940e+00   2.2201533e+00   2.6067897e+00   2.0460306e+00   3.4194930e+00   2.7873780e+00
   1.0000000e+00   1.4217496e+00   9.1980760e-01   2.3501360e+00   2.5611122e+00   3.8563111e+00   2.6918524e+00   2.3944736e+00   3.0765192e+00   2.3437663e+00   3.2438963e+00
   2.0000000e+00   2.5661543e+00   2.2214446e+00   4.1811752e+00   3.2747429e+00   2.4316581e+00   2.8717718e+00   2.8572559e+00   2.9730816e+00   4.0136580e+00   4.1195617e+00
   2.0000000e+00   3.8666518e+00   1.5731514e+00   3.6879091e+00   9.9186092e-01   3.4458479e+00   3.6560172e+00   2.4484432e+00   2.6119357e+00   3.5872082e+00   1.0726075e+00
   2.0000000e+00   2.7465944e+00   3.7876801e+00   3.1697319e+00   3.5880046e+00   5.4233702e+00   2.5395187e+00   3.2024429e+00   2.4916353e+00   3.1589271e+00   3.7906604e+00
   2.0000000e+00   3.1554672e+00   1.6292202e+00   3.8912476e+00   4.4436421e+00   3.2975749e+00   4.3289695e+00   2.9206968e+00   2.7964920e+00   1.1961209e+00   1.1879248e+00
   2.0000000e+00   2.1204974e+00   1.9740723e+00   3.2388072e+00   2.2743855e+00   2.1317478e+00   2.8140906e+00   3.9489074e+00   1.7876216e+00   9.1391244e-01   2.2675294e+00
   1.0000000e+00   3.8926431e+00   2.7234885e+00   2.9765893e+00   3.1226256e+00   3.4483230e+00   3.2144076e+00   2.0557462e+00   3.2580200e+00   3.0246318e+00   3.5861971e+00
   2.0000000e+00   1.6776898e+00   3.6026715e+00   3.5214704e+00   6.0554501e+00   1.3194937e+00   1.4365857e+00   3.6015956e+00   1.7049396e+00   1.1475736e+00   1.3318224e+00
   2.0000000e+00   1.3124580e+00   2.8813126e+00   3.3313635e+00   2.3131779e+00   1.1461400e+00   2.8306876e+00   4.5042899e+00   2.2787397e+00   3.5831134e+00   3.8278288e+00
   2.0000000e+00   4.0557864e+00   2.5742693e+00   4.4835302e+00   2.2881979e+00   1.3466291e+00   3.2687450e+00   2.7637813e+00   4.0487976e+00   3.4923156e+00   2.9461022e+00
   1.0000000e+00   2.2321722e+00   3.3532737e+00   2.4572691e+00   7.9612922e-01   3.1611921e+00   3.0223052e+00   2.1639674e+00   3.3833001e+00   3.9624705e+00   3.9648587e+00
   2.0000000e+00   5.2647832e+00   2.3438647e+00   3.2376157e+00   4.1725263e+00   4.1544752e+00   3.9622121e+00   3.7493459e+00   4.3340148e+00   3.0841651e+00   3.4782949e+00
   2.0000000e+00   3.7192344e+00   1.7230168e+00   2.4120169e+00   6.5517078e-01   2.2052906e+00   3.9138295e+00   3.7302230e+00   2.4744306e+00   4.3629347e+00   8.9326008e-01
   2.0000000e+00   2.5204830e+00   3.1811171e+00   2.2301036e+00   4.2694728e+00   2.6340324e+00   5.0813099e+00   1.4864929e+00   1.6169860e+00   4.3098362e+00   1.8047968e+00
   2.0000000e+00   3.2766016e+00   2.1225107e+00   4.5981322e+00   3.6455299e+00   2.9737557e+00   3.0398740e+00   4.0132565e+00   1.0443083e+00   3.1199177e+00   2.2892932e+00
   2.0000000e+00   3.2721856e+00   3.5723449e+00   2.5253001e+00   3.4728106e+00   2.3130586e+00   2.9908454e+00   4.0963699e+00   2.6377625e+00   2.8443565e+00   4.5039422e+00
   2.0000000e+00   5.1420875e+00   3.3198320e+00   2.7723637e+00   4.3051473e+00   2.0252799e+00   2.8459649e+00   4.3931896e+00   2.3973467e+00   2.5151525e+00   4.0039680e+00
   2.0000000e+00   2.3863696e+00   3.9637613e+00   3.4901933e+00   1.4147311e+00   2.9793582e+00   3.7471826e+00   2.6623936e+00   4.3365317e+00   5.1893222e+00   3.5594084e+00
   2.0000000e+00   3.7897053e+00   4.0133634e+00   2.8059602e+00   1.8739158e+00   1.9415865e+00   2.7485875e+00   2.1374579e+00   3.1443522e+00   2.9941765e+00   3.1409719e+00
   2.0000000e+00   1.0623077e+00   5.1954384e+00   4.5984244e+00   1.6152400e+00   4.3664699e+00   2.5330599e+00   1.1193008e+00   2.3336044e+00   2.9456461e+00   3.3636876e+00
   2.0000000e+00   3.1763605e+00   3.4287599e+00   1.5812977e+00   3.1584080e+00   3.0254041e+00   2.9853882e+00   3.0144160e+00   2.1529204e+00   4.1678487e+00   4.9317318e+00
   1.0000000e+00   5.1830347e+00   2.8899087e+00   1.2804654e+00   2.3935623e+00   2.7484978e+00   3.7665865e+00   3.2694089e+00   3.4048833e+00   3.5864588e+00   1.5588059e+00
   2.0000000e+00   4.9366694e+00   3.9308942e+00   1.9595335e+00   8.8796609e-01   3.4548689e+00   2.9502373e+00   2.4181989e+00   3.9510341e+00   4.8533200e+00   2.7263051e+00
   2.0000000e+00   3.4048208e+00   5.2117891e+00   2.6769640e+00   3.7359900e+00   4.7944023e+00   3.0223802e+00   4.1829915e+00   1.9267327e+00   1.7605584e+00   2.1691809e+00
   2.0000000e+00   3.6162216e+00   4.6258653e+00   1.5635218e+00   2.3975760e+00   1.4100463e+00   3.9004157e+00   2.4960911e+00   3.1884182e+00   1.1080100e+00   3.1353636e+00
   2.0000000e+00   3.4887886e+00   2.6949501e+00   2.7380208e+00   3.5231903e+00   4.2246107e+00   3.0387730e+00   1.2027537e+00   4.5951121e+00   3.5905427e+00   4.5539800e+00
   2.0000000e+00   3.6052685e+00   4.0493024e+00   2.8714748e+00   2.1003262e+00   1.8387808e+00   4.0898932e+00   4.7259069e+00   2.2843665e+00   2.0188888e+00   3.4864794e+00
   2.0000000e+00   3.6686388e+00   2.7802031e+00   3.3686890e+00   3.1562356e+00   3.2952077e+00   1.6205154e+00   3.7486083e+00   2.1731974e+00   2.5169204e+00   2.9020441e+00
   2.0000000e+00   4.1667060e+00   1.0577159e+00   1.5569436e+00   4.7329929e+00   3.6690249e+00   4.9470058e+00   1.7990731e+00   2.1975705e+00   4.4673469e+00   2.4653239e+00
   2.0000000e+00   2.6166168e+00   2.7727870e+00   3.5366814e+00   2.8377047e+00   1.7510009e+00   4.5637391e+00   4.3801419e+00   2.8322777e+00   2.3061502e+00   2.6934360e+00
   1.0000000e+00   4.5257109e+00   3.3046589e+00   2.9387186e+00   2.3215218e+00   3.5795197e+00   3.4510686e+00   2.0633076e+00   3.4377342e+00   3.8346408e+00   1.9657989e+00
   1.0000000e+00   3.8131931e+00   1.7430882e+00   2.7384790e+00   2.5330624e+00   3.5700432e+00   4.5981106e+00   3.3760397e+00   3.6015677e+00   2.3402227e+00   1.4370937e+00
   2.0000000e+00   3.7683262e+00   3.9864732e+00   2.7209715e+00   2.9157134e+00   2.9490313e+00   3.4259122e+00   3.0444920e+00   2.6092580e+00   1.5870539e+00   2.2857232e+00
   2.0000000e+00   3.4012628e+00   2.7765885e+00   1.9553097e+00   3.3753189e+00   1.8597573e+00   4.4657210e+00   1.7508914e+00   3.8476964e+00   1.6968781e+00   2.4387947e+00
   2.0000000e+00   3.6349122e+00   2.9774772e+00   2.6549053e+00   3.0356833e+00   4.6010583e+00   2.1238104e+00   4.4483549e+00   5.0495179e+00   2.7020340e+00   3.9098222e+00
   2.0000000e+00   2.7379243e+00   3.7755170e+00   3.8764460e+00   2.1252111e+00   3.0234249e+00   4.0396938e+00   2.0416704e+00   2.2341918e+00   2.4319309e+00   1.9083668e+00
   2.0000000e+00   3.4125879e+00   4.2346874e+00   3.4156289e+00   2.6368435e+00   2.6257141e+00   2.3889443e+00   2.7936589e+00   4.9066707e+00   4.1275045e+00   2.9915453e+00
   2.0000000e+00   2.8284337e+00   1.4497276e+00   3.4033247e+00   4.6073830e+00   2.3222944e+00   4.0822560e+00   2.0605175e+00   2.8950674e+00   3.0255161e+00   1.3413856e+00
   2.0000000e+00   2.8375281e+00   4.7589659e+00   3.6474033e+00   4.3186854e+00   4.0538467e+00   3.9391184e+00   1.2609184e+00   2.7943815e+00   5.5901767e+00   2.7245893e+00
   2.0000000e+00   2.6557405e+00   2.7682782e+00   2.5792308e+00   2.0813318e+00   1.1796667e+00   1.6695782e+00   4.4590150e+00   2.6100860e+00   2.2772972e+00   4.1511470e+00
   2.0000000e+00   3.5911182e+00   3.1162628e+00   3.3340280e+00   2.8747303e+00   1.4979773e+00   2.0329982e+00   2.7480479e+00   4.1644433e+00   4.2259180e+00   1.8485076e+00
   1.0000000e+00   1.8880135e+00   3.1377474e+00   2.0705572e+00   3.7762142e+00   2.7547048e+00   4.6479936e+00   3.4729281e+00   3.3147616e+00   2.3822809e+00   1.8999703e+00
   2.0000000e+00   2.1421539e+00   2.7025355e+00   2.9864869e+00   3.4047764e+00   3.8391269e+00   3.6102590e+00   1.6703300e+00   2.7852765e+00   4.1092236e+00   4.1962889e+00
   2.0000000e+00   2.7320974e+00   2.6357806e+00   3.0674088e+00   3.3883228e+00   2.3765366e+00   1.9480334e+00   1.7620182e+00   2.7815827e+00   4.2068706e+00   2.5813293e+00
   1.0000000e+00   1.3953541e+00   3.3337966e+00   2.6617998e+00   1.2271864e+00   3.0940305e+00   2.2649018e+00   1.3967716e+00   3.1945073e+00   2.7324945e+00   4.0292290e+00
   1.0000000e+00   2.0331724e+00   3.6433461e+00   2.9092469e+00   4.2515185e+00   3.2915366e+00   3.7860845e+00   3.9735167e+00   3.7265867e+00   3.1966732e+00   2.8562689e+00
   2.0000000e+00   2.6561973e+00   2.3094745e+00   1.1008714e+00   2.2811035e+00   4.8992932e+00   3.2429333e+00   1.3274369e+00   3.5119457e+00   2.6767227e+00   5.7921938e+00
   2.0000000e+00   2.9613952e+00   1.9018767e+00   2.8086891e+00   2.3270957e+00   2.4925883e+00   2.7764427e+00   3.2426653e+00   1.6997335e+00   2.7343759e+00   3.8697580e+00
   1.0000000e+00   3.5639336e+00   2.1908455e+00   1.4705142e+00   3.7218935e+00   3.1380628e+00   1.8255811e+00   3.6336714e+00   3.0087107e+00   2.3043997e+00   2.8456632e+00
