   1.0000000e+00   2.1679844e+00   3.5752750e+00   1.1332782e+00   3.3915248e+00   3.9938898e+00   4.6783320e+00   1.6454488e+00   3.9982788e+00   3.3441680e+00   3.2893407e+00
   2.0000000e+00   3.3048636e+00   2.6163252e+00   1.4076337e+00   2.2609974e+00   3.4805294e+00   2.8490745e+00   9.6836764e-01   3.4862266e+00   4.0806039e+00   3.5010062e+00
   2.0000000e+00   3.7248516e+00   2.6763544e+00   1.7513861e+00   2.9169839e+00   2.6088502e+00   3.0077305e+00   2.7052429e+00   4.1351733e+00   2.4059174e+00   2.7487047e+00
   1.0000000e+00   4.3643185e+00   2.6988442e+00   2.8989436e+00   3.4560459e+00   2.5375459e+00   4.1968356e+00   3.1238916e+00   2.0003028e+00   2.4220941e+00   3.4003937e+00
   2.0000000e+00   1.4655263e+00   2.3186790e+00   2.7093568e+00   1.1362328e+00   4.4873588e+00   3.2349866e+00   4.2781553e+00   1.5668702e+00   2.5498046e+00   3.2972866e+00
   2.0000000e+00   2.4062323e+00   3.9171392e+00   4.0562903e+00   1.8323291e+00   1.5060885e+00   4.3313472e+00   3.5180161e+00   2.1440188e+00   3.3154621e+00   2.2864149e+00
   1.0000000e+00   1.9396897e+00   5.6266505e+00   1.4088852e+00   3.1074731e+00   2.3592206e+00   3.8123604e+00   2.5537764e+00   3.7265048e-02   2.8645559e+00   3.5776784e+00
   2.0000000e+00   2.8864921e+00   2.1032314e+00   3.2184758e+00   3.1640741e+00   1.7729927e+00   3.9599336e+00   2.8805978e+00   3.2268737e+00   3.0941392e+00   3.9865586e+00
   2.0000000e+00   7.9584818e-01   1.0673237e+00   1.5478699e+00   4.3648175e+00   2.4724414e+00   2.1448223e+00   3.2457551e+00   2.5870509e+00   2.9906961e+00   1.8159051e+00
   2.0000000e+00   4.1425872e+00   2.0977032e+00   1.9416826e+00   2.5127080e+00   5.2149426e+00   4.6974746e+00   2.2329559e+00   3.2518743e+00   2.6603672e+00   2.0556378e+00
   2.0000000e+00   7.4196068e-01   2.6717741e+00   2.6889477e+00   1.8481242e+00   1.5266216e+00   2.7730378e+00   3.8180792e-01   1.6992604e+00   7.7087435e-01   1.0702399e+00
   2.0000000e+00   3.2290894e+00   2.0002576e+00   3.9478012e+00   3.8618220e+00   4.0290477e+00   1.1996484e+00   2.9112396e+00   3.4477762e+00   2.6466729e+00   2.4099888e+00
   2.0000000e+00   1.5521968e+00   4.7978075e-01   2.2251087e+00   2.4250973e+00   4.5970450e+00   2.5365562e+00   2.3270982e+00   3.2007199e+00   3.3595693e+00   1.3408528e+00
   2.0000000e+00   2.9383856e+00   2.9311667e+00   1.1901267e+00   5.6411623e+00   2.8860169e+00   1.7341273e+00   4.0341356e+00   1.8431577e+00   1.1298553e+00   4.1008932e+00
   2.0000000e+00   3.1128223e+00   2.7222850e+00   3.3444955e+00   2.9283534e+00   3.3451653e+00   2.6272109e+00   3.9036943e+00   3.7422449e+00   3.1120520e+00   2.7667581e+00
   2.0000000e+00   3.4923810e+00   1.9985582e+00   2.0116994e+00   2.1177095e+00   3.7721627e+00   2.1304642e+00   3.1068137e+00   3.2711674e+00   3.0470043e+00   2.7758938e+00
   2.0000000e+00   1.6812900e+00   4.5584928e+00   1.2008090e+00   2.9127005e+00   1.8027904e+00   3.0911309e+00   2.2055571e+00   3.2334945e+00   2.6447788e+00   4.1055921e+00
   2.0000000e+00   3.2181896e+00   1.7360399e+00   2.8201324e+00   1.5893779e+00   2.5815963e+00   1.6333067e+00   3.6288809e+00   2.1995075e+00   1.1317711e+00   2.9873469e+00
   2.0000000e+00   2.3600312e+00   1.9395385e+00   1.6436198e+00   1.8159382e+00   2.6925392e+00   2.8670217e+00   4.1129850e+00   1.4156480e+00   3.7607425e+00   1.8522790e+00
   2.0000000e+00   4.2575351e+00   4.9712096e+00   2.3334777e+00   2.2760613e+00   1.8262015e+00   3.2104012e+00   1.9027653e+00   3.3462840e+00   4.9258314e+00   1.7900033e+00
   2.0000000e+00   2.2360009e+00   4.3687487e+00   2.0460573e+00   2.0346331e+00   2.5937750e+00   4.3270778e+00   2.5154148e+00   3.1254123e+00   4.7418718e+00   3.0653541e+00
   2.0000000e+00   1.6719268e+00   2.8473454e+00   3.3412225e+00   2.1088504e+00   3.0089916e+00   3.5194792e+00   2.9884821e+00   2.9905703e+00   1.7362923e+00   3.2557033e+00
   1.0000000e+00   3.0448811e+00   3.7818818e+00   2.1357898e+00   3.1001065e+00   3.2985271e+00   1.7627217e+00   3.3471307e+00   3.3105976e+00   2.7158472e+00   3.0319626e+00
   1.0000000e+00   2.6867640e+00   2.2305221e+00   2.8796534e+00   3.0731231e+00   2.7908607e+00   1.3098899e+00   4.7120661e+00   4.3143588e+00   1.5793681e+00   2.8478555e+00
   2.0000000e+00   4.4193026e+00   3.4172358e+00   2.3421285e+00   2.3405465e+00   2.8632899e+00   2.4921457e+00   2.3329123e+00   3.5165005e-01   2.7979468e+00   3.0748853e+00
   2.0000000e+00   3.7969126e+00   3.5430299e+00   2.8188314e+00   4.0202977e+00   2.0067077e+00   4.2377949e+00   1.8294020e+00   2.4481425e+00   4.1882124e+00   1.3678000e+00
   1.0000000e+00   2.5711643e+00   4.0558192e+00   1.5957725e+00   3.6814631e+00   2.8111378e+00   4.8362433e+00   2.8303704e+00   3.7588065e+00   3.4459804e+00   2.9895699e+00
   2.0000000e+00   1.9499580e+00   4.2658512e+00   2.2005636e+00   1.9070599e+00   2.1311712e+00   2.9986772e+00   2.2977140e+00   2.1004706e+00   3.8418220e+00   3.9548579e+00
   2.0000000e+00   2.2167720e+00   2.0107161e+00   4.1855766e+00   2.9237141e+00   2.2263767e+00   2.8067457e+00   4.3536076e+00   3.9166510e+00   3.6628832e+00   1.7544808e+00
   1.0000000e+00   1.2270370e+00   3.7093950e+00   4.3675533e+00   3.4127300e+00   3.2127108e+00   3.0250788e+00   3.6553524e+00   4.1455913e+00   2.6964224e+00   3.7723787e+00
   2.0000000e+00   3.1557617e+00   1.7841988e+00   3.3512581e+00   2.9758703e+00   2.2030113e+00   1.2234050e+00   4.3546880e+00   2.1863694e+00   2.8821990e+00   2.7986514e+00
   1.0000000e+00   3.7283556e+00   2.3368699e+00   2.9626580e+00   3.4678800e+00   2.9600958e+00   2.5305955e+00   2.6504049e+00   2.8419416e+00   2.5633827e+00   3.0544540e+00
   2.0000000e+00   3.7718265e+00   2.7357958e+00   3.5474037e+00   4.8696402e+00   1.7393922e+00   4.2747248e+00   4.0034517e+00   1.8239670e+00   2.6191938e+00   3.1525154e+00
   1.0000000e+00   4.0931094e+00   2.3129051e+00   2.6298905e+00   3.8233262e+00   4.5781687e+00   2.7602575e+00   2.5212431e+00   2.7893077e+00   2.1112596e+00   3.0309164e+00
   2.0000000e+00   1.9266690e+00   3.2502260e+00   3.4009570e+00   4.2699971e+00   1.9713728e+00   2.6082154e+00   4.0422079e+00   3.2816218e+00   4.5046123e+00   3.1528733e+00
   2.0000000e+00   2.9429629e+00   2.2773409e+00   3.3710054e+00   2.1954035e+00   1.8542693e+00   2.3176474e+00   4.1111781e+00   3.5085620e+00   4.0786708e+00   2.9870600e+00
   2.0000000e+00   4.2486555e+00   1.7739164e+00   3.4441100e+00   3.9227825e+00   2.6567867e+00   3.1999364e+00   2.7162245e+00   1.6614868e+00   2.5263115e+00   2.5308706e+00
   2.0000000e+00   3.4300258e+00   2.5341768e+00   3.2616208e+00   3.0569029e+00   3.2393777e+00   2.7756388e+00   2.5003997e+00   3.3711281e+00   6.7592651e-01   3.6806985e+00
   2.0000000e+00   2.3700048e+00   6.2100985e+00   3.9896261e+00   2.1302852e+00   3.5543778e+00   1.9614105e+00   3.0945822e+00   2.0071672e+00   3.0986405e+00   4.1046332e+00
   2.0000000e+00   3.4410891e+00   1.2196159e+00   3.8707600e+00   2.0400653e+00   2.9218257e+00   1.8521495e+00   3.2087545e+00   3.0619297e+00   4.0893937e+00   2.1863451e+00
   2.0000000e+00   4.5265026e+00   2.8598290e+00   5.1941067e+00   2.7459667e+00   3.0780197e+00   2.3931838e+00   4.5542703e+00   2.7004164e+00   2.1003483e+00   1.2156255e+00
   2.0000000e+00   3.3602076e+00   3.1594478e+00   3.6018038e+00   5.4125483e+00   3.7131004e+00   5.2090377e+00   1.8767151e+00   3.7867237e+00   4.5127340e+00   2.6912311e+00
   2.0000000e+00   2.4921717e+00   3.4228777e+00   2.8944042e+00   4.0169983e+00   1.9520199e+00   1.9583309e+00   4.0399566e+00   2.3579410e+00   4.9279126e+00   3.6684773e+00
   2.0000000e+00   3.0945536e+00   2.7632259e+00   2.5839018e+00   2.4822319e+00   2.5973203e+00   3.7446073e+00   3.6695709e+00   2.3024512e+00   3.6753633e+00   4.0413894e+00
   2.0000000e+00   3.1697735e+00   3.5747279e+00   3.5708701e+00   1.6327785e+00   3.7660703e+00   3.4617812e+00   2.1432092e+00   3.9604179e+00   4.4826092e+00   2.2312916e+00
   2.0000000e+00   3.5962493e+00   2.6057096e+00   2.2331289e+00   1.7999544e+00   1.7212220e+00   2.4841130e+00   3.4411598e+00   3.4678022e+00   2.8089662e+00   2.4676557e+00
   1.0000000e+00   2.3984377e+00   2.1002473e+00   4.7571808e+00   3.2377950e+00   3.1578652e+00   1.4485042e+00   2.5456866e+00   2.1736501e+00   3.4895515e+00   3.3829196e+00
   2.0000000e+00   2.7223214e+00   3.8117090e+00   4.2194715e+00   4.5905856e+00   2.0618541e+00   4.4021341e+00   1.9935239e+00   1.1655678e+00   4.6062546e+00   3.9088872e+00
   1.0000000e+00   3.5694029e+00   1.0827045e+00   2.2776810e+00   3.0344382e+00   2.3111271e+00   3.1151022e+00   3.0600283e+00   2.4883530e+00   3.0377015e+00   2.8922064e+00
   1.0000000e+00   2.9767162e+00   1.3186762e+00   2.6665655e+00   3.3433359e+00   3.9522007e+00   4.5565636e+00   1.4931747e+00   2.4019923e+00   1.2481757e+00   3.5658403e+00
   2.0000000e+00   4.6348194e+00   3.2663104e+00   3.3352050e+00   1.5141059e+00   3.1553698e+00   1.0494720e+00   2.7758703e+00   2.2632422e+00   2.2806464e+00   3.0255750e+00
   2.0000000e+00   4.0553746e+00   2.4317807e+00   1.9992211e+00   2.7930720e+00   2.5328998e+00   2.6988024e+00   4.5201726e+00   2.4697513e+00   1.8221557e+00   2.4518090e+00
   1.0000000e+00   3.5147831e+00   2.6313645e+00   3.2762999e+00   3.0140134e+00   1.3181135e+00   1.3040988e+00   2.6890343e+00   4.5659609e+00   2.3933922e+00   3.1733091e+00
   1.0000000e+00   2.5492763e+00   4.4271301e+00   4.5029158e+00   3.8220547e+00   3.6014517e+00   3.4237904e+00   2.8765443e+00   4.0297142e+00   3.0591785e+00   3.3057227e+00
   2.0000000e+00   3.2593715e+00   8.8533943e-01   4.6918387e+00   9.1451539e-01   2.5357679e+00   3.5851147e+00   3.1118915e+00   3.7506598e+00   3.3610207e+00   5.3883344e+00
   2.0000000e+00   3.0828221e+00   2.4251052e+00   2.2090011e+00   4.3078680e+00   2.7694228e+00   4.8130024e+00   3.9011315e+00   2.3408739e+00   4.0427256e+00   2.6928179e+00
   1.0000000e+00   2.5084828e+00   1.3047960e+00   4.4397503e+00   3.1403197e+00   3.6617633e+00   2.8527144e+00   3.2570868e+00   2.8468771e+00   3.9252405e+00   2.0522006e+00
   2.0000000e+00   3.6639650e+00   3.6800510e+00   2.0654989e+00   3.2065771e+00   4.0997261e+00   2.6370244e+00   2.6701056e+00   2.2504018e+00   3.0197346e+00   1.5065275e+00
   1.0000000e+00   3.7204412e+00   3.5501570e+00   2.8531295e+00   3.8645338e+00   2.8337970e+00   3.1280242e+00   3.8756508e+00   3.2903841e+00   2.8552146e+00   3.4072977e+00
   1.0000000e+00   1.7203303e+00   2.6612207e+00   3.9594482e+00   3.0261660e+00   3.1937797e+00   2.9397158e+00   2.0293260e+00   2.2551281e+00   4.0462065e+00   3.3583369e+00
   2.0000000e+00   2.5407162e+00   5.1449481e+00   2.1380764e+00   3.7659678e+00   2.3996205e+00   1.9561265e+00   2.0037812e+00   1.4033044e+00   3.8327396e+00   2.0434594e+00
   1.0000000e+00   3.1107755e+00   3.5925547e+00   3.0694997e+00   3.3486253e+00   4.5318964e+00   3.8382553e+00   3.5624239e+00   1.9823821e+00   2.8446193e+00   3.0394135e+00
   2.0000000e+00   3.3241295e+00   3.7529337e+00   3.2853080e+00   2.9949123e+00   1.7041006e+00   1.9327895e+00   2.8016541e+00   1.7478091e+00   3.8513524e+00   3.1762253e+00
   2.0000000e+00   3.6377758e+00   2.5884289e+00   2.6054827e+00   4.2949074e+00   3.2762386e+00   3.0751250e+00   2.5721045e+00   3.8695421e+00   3.5717279e+00   1.4140800e+00
   2.0000000e+00   2.8791533e+00   3.5852828e+00   3.1778702e+00   3.6170784e+00   1.4347947e+00   3.4376237e+00   3.6499102e+00   6.5992338e-01   2.6231731e+00   5.1165035e+00
   2.0000000e+00   3.7669779e+00   2.2626526e+00   2.5379259e+00   2.7117875e+00   2.5651003e+00   2.2586881e+00   2.7227784e+00   3.1490234e+00   5.1424871e+00   3.4494306e+00
   2.0000000e+00   3.6705626e+00   2.6603967e+00   2.2103537e+00   2.3110968e+00   2.6539704e+00   3.1329922e+00   2.6535785e+00   4.1325323e+00   2.6060540e+00   1.1925030e+00
   2.0000000e+00   3.2013268e+00   3.0921748e+00   3.7407227e+00   4.0375307e+00   2.8118877e+00   1.8030472e+00   3.3521954e+00   2.6610252e+00   2.3539739e+00   2.3154778e+00
   2.0000000e+00   3.5850564e+00   2.5804438e+00   2.6005154e+00   2.3219242e+00   1.1155857e+00   3.0861393e+00   2.9868062e+00   2.0453478e+00   2.8836783e+00   2.5615551e+00
   1.0000000e+00   1.7663166e+00   3.0131552e+00   3.1790638e+00   3.1751878e+00   3.5743060e+00   3.8122315e+00   2.3413676e+00   2.6562329e+00   3.6153413e+00   3.4257463e+00
   2.0000000e+00   2.8491336e+00   1.1339594e+00   2.8954896e+00   2.8352963e+00   4.5993546e+00   4.7493701e+00   1.9837045e+00   4.0428746e+00   2.6375929e+00   3.0580720e+00
   1.0000000e+00   2.7898488e+00   3.0685936e+00   2.2473715e+00   3.4443865e+00   3.2753928e+00   3.4115542e+00   1.8816120e+00   3.6511065e+00   2.3602740e+00   2.1245860e+00
   2.0000000e+00   3.4099555e+00   2.1756944e+00   2.7986394e+00   4.0199115e+00   2.3560484e+00   3.8125010e+00   2.9496038e+00   3.9028288e+00   2.8876881e+00   1.8853573e+00
   2.0000000e+00   4.0897305e+00   2.7132279e+00   4.0841164e+00   4.3618465e+00   2.6643546e+00   2.6416284e+00   3.2715111e+00   1.6457106e+00   3.1272837e+00   4.1088585e+00
   2.0000000e+00   3.6694665e+00   4.0683500e+00   4.5722083e+00   1.4924838e+00   3.2370064e+00   2.6635792e+00   2.7274285e+00   3.0292536e+00   3.9540837e+00   1.7374562e+00
   2.0000000e+00   2.6325505e+00   2.8813362e+00   4.0000508e+00   2.5517846e+00   2.6129196e+00   3.2514971e+00   3.9279437e+00   2.9126003e+00   2.5175815e+00   2.7421859e+00
   2.0000000e+00   4.7922383e+00   2.7994085e+00   3.1149870e+00   2.6723160e+00   2.5477605e+00   2.4838075e+00   1.5687262e+00   4.2197061e+00   2.6971455e+00   3.6415511e+00
   2.0000000e+00   3.1854026e+00   3.3154220e+00   3.6431395e+00   3.1081443e+00   2.7648808e+00   3.7389077e+00   4.9411957e+00   3.2427541e+00   2.3457320e+00   4.2233286e+00
   2.0000000e+00   2.3854665e+00   2.5076114e+00   2.0744652e+00   2.2380888e+00   3.5929180e+00   1.9769751e+00   2.2067446e+00   4.2609755e+00   3.2521899e+00   3.3406296e+00
   1.0000000e+00   3.4266875e+00   1.6757399e+00   3.5804463e+00   3.2151133e+00   1.3549958e+00   2.4805886e+00   3.0500831e+00   4.0457144e+00   3.0065179e+00   3.9653755e+00
   2.0000000e+00   1.9487318e+00  -3.1941002e-01   4.2830227e+00   3.6670129e+00   2.4292189e+00   2.6511370e+00   5.2339240e+00   2.2423716e+00   2.0989129e+00   4.1911795e+00
   2.0000000e+00   3.8345993e+00   3.9051933e+00   3.7752826e+00   2.2291975e+00   3.9059574e+00   1.2639722e+00   2.0813792e+00   2.5514836e+00   3.9407571e+00   2.9836339e+00
   2.0000000e+00   4.0378874e+00   2.7401642e+00   5.2154847e+00   2.8659859e+00   3.7315417e+00   3.6301146e+00   5.2903441e+00   3.7427919e+00   1.1304059e+00   2.9208023e+00
   2.0000000e+00   4.4506488e+00   2.6780760e+00   5.2405563e+00   2.7601983e+00   3.6432704e+00   3.0883340e+00   4.3944977e+00   3.9550264e+00   3.0022562e+00   3.3658577e+00
   2.0000000e+00   1.3207029e+00   2.8125709e+00   3.8647191e+00   4.8416299e+00   3.4918314e+00   5.3802761e+00   4.6921156e+00   5.6230573e+00   3.4292554e+00   3.5729917e+00
   2.0000000e+00   2.2274482e+00   6.4000908e-01   1.6304310e+00   1.9403026e+00   3.7882710e+00   1.8130903e+00   2.9107236e+00   3.7402668e+00   4.4295500e+00   1.0184398e+00
   2.0000000e+00   1.4822965e+00   4.7000983e+00   4.0167600e-01   3.6460518e+00   2.2941669e+00   2.5084364e+00   3.5199183e+00   3.4177356e+00   3.5630855e+00   2.1728780e+00
   1.0000000e+00   3.1157661e+00   3.4492878e+00   4.8811205e+00   3.8650080e+00   3.3112675e+00   2.6693912e+00   2.2966823e+00   2.4911630e+00   3.8971496e+00   3.4552008e+00
   2.0000000e+00   2.4566137e+00   3.1218045e+00   4.1164604e+00   2.7415417e+00   3.4267039e+00   3.0526244e+00   2.8511353e+00   9.7134745e-01   3.0806612e+00   2.4143503e+00
   2.0000000e+00   2.5467594e+00   2.4657035e+00   3.6253831e+00   3.0767829e+00   2.0138455e+00   2.5713707e+00   2.8960526e+00   2.6967382e+00   5.0706985e+00   2.9213066e+00
   2.0000000e+00   3.4415490e+00   4.3815165e+00   4.0032381e+00   2.4915409e+00   1.8241420e+00   2.7490176e+00   5.3666576e+00   3.2230271e+00   3.3175317e+00   3.1875227e+00
   2.0000000e+00   3.2087715e+00   3.9038636e+00   3.1430896e+00   1.8533392e+00   1.9200226e+00   1.8638150e+00   3.9595426e+00   3.6665846e+00   2.1034841e+00   2.2246973e+00
   1.0000000e+00   3.5053866e+00   4.1557158e+00   4.0013888e+00   3.2857220e+00   2.5663125e+00   2.8390084e+00   4.0439399e+00   1.8866030e+00   3.8580550e+00   2.6741134e+00
   1.0000000e+00   3.2934093e+00   5.6894990e+00   3.6572764e+00   3.3029489e+00   4.0668533e+00   2.9409862e+00   3.4532424e+00   3.2242335e+00   1.1740385e+00   3.1026650e+00
   2.0000000e+00   3.0674056e+00   4.2938766e+00   3.5178135e+00   1.8217794e+00   3.1355041e+00   4.3748738e+00   4.8508369e+00   3.4849470e+00   3.5138987e+00   3.3550150e+00
   2.0000000e+00   3.1847657e+00   3.9316723e+00   4.6252659e+00   3.3793260e+00   2.5434102e+00   1.5115600e+00   1.4607316e-01   2.7751592e+00   3.1822692e+00   4.6085722e+00
   2.0000000e+00   3.2919324e+00   2.5563486e+00   2.0353042e+00   3.0164565e+00   2.9627188e+00   3.2795243e+00   2.3489779e+00   3.0783289e+00   1.9561393e+00   1.6836871e+00
   2.0000000e+00   2.1587071e+00   1.7541183e+00   3.3747669e+00   2.6431140e+00   1.7892149e+00   2.4304577e+00   3.0959432e+00   2.1273219e+00   3.2161764e+00   3.7122632e+00
   1.0000000e+00   3.4956816e+00   1.9811802e+00   4.1596735e+00   3.3806358e+00   1.9757546e+00   3.4471528e+00   1.3525598e+00   4.3802635e+00   3.7404556e+00   3.4373982e+00
   2.0000000e+00   2.3527587e+00   3.9363159e+00   2.7248386e+00   1.4662522e+00   3.9844495e+00   2.7736024e+00   1.3165955e+00   3.6362392e+00   1.8399983e+00   3.5542553e+00
