   2.0000000e+00   3.3837514e+00   3.4427614e+00   2.3424361e+00   2.9289436e+00   3.4918661e+00   2.6481473e+00   3.2652422e+00   3.6526962e+00   3.0860865e+00   4.0344216e+00
   2.0000000e+00   2.8492299e+00   3.0793383e+00   3.8563977e+00   1.8206136e+00   2.7243606e+00   2.6635522e+00   2.5394768e+00   4.9150165e+00   2.9963787e+00   2.6723288e+00
   2.0000000e+00   3.3646582e+00   2.6153809e+00   2.3170871e+00   2.4625389e+00   2.5084270e+00   3.3206536e+00   3.9781156e+00   9.1303560e-01   1.5051143e+00   4.0779269e+00
   2.0000000e+00   1.7429234e+00   5.0929745e+00   4.3360685e+00   3.0449518e+00   2.1862620e+00   3.7594260e+00   2.4943143e+00   3.0778059e+00   4.6591678e+00   3.6612451e+00
   2.0000000e+00   2.9405408e+00   4.0536041e+00   3.3328655e+00   4.2273617e+00   4.2152636e+00   3.3463789e+00   2.7736438e+00   4.0165802e+00   4.2391719e+00   3.9508353e+00
   2.0000000e+00   2.6239357e+00   3.1516742e+00   3.9408995e+00   2.5270289e+00   2.6539933e+00   3.0787376e+00   3.1760383e+00   2.7427313e+00   3.1390387e+00   2.2426809e+00
   1.0000000e+00   1.6172221e+00   4.7981380e+00   2.3554774e+00   1.9344691e+00   4.1167401e+00   4.2380011e+00   3.0464641e+00   3.8593129e+00   2.4463455e+00   3.1438323e+00
   2.0000000e+00   2.6165755e+00   3.9881169e+00   3.3342476e+00   3.2234893e+00   3.0926230e+00   3.8260070e+00   2.7638022e+00   4.1045085e+00   3.1818907e+00   2.9734344e+00
   1.0000000e+00   4.5011401e+00   1.4310840e+00   2.1199079e+00   2.8486112e+00   3.0882829e+00   2.8696909e+00   4.0426365e+00   1.1764348e+00   3.1081524e+00   3.4243216e+00
   2.0000000e+00   2.5867242e+00   3.0926023e+00   1.7651098e+00   3.0168907e+00   3.9305893e+00   5.1049803e+00   3.4006314e+00   2.9712219e+00   1.7550690e+00   3.5858351e+00
   1.0000000e+00   3.0200885e+00   2.6364004e+00   3.8479897e+00   4.2447453e+00   1.2853661e+00   2.0054527e+00   2.1699962e+00   3.5578002e+00   2.6045350e+00   3.4666263e+00
   2.0000000e+00   3.0282619e+00   3.5606482e+00   3.6748515e+00   4.5917762e+00   2.1498379e+00   4.2634205e+00   4.3789439e+00   3.5797115e+00   1.8971914e+00   2.8777143e+00
   2.0000000e+00   3.1650835e+00   5.6494593e+00   4.7393382e+00   2.3837536e+00   2.5873178e+00   1.5538346e+00   4.6992227e+00   9.7953334e-01   3.3020628e+00   2.6615253e+00
   1.0000000e+00   2.8016482e+00   2.7225880e+00   2.5802642e+00   2.1583742e+00   2.2368322e+00   4.5070453e+00   3.5003579e+00   2.0539087e+00   4.1174499e+00   3.1210075e+00
   2.0000000e+00   1.7195275e+00   2.0718478e+00   2.1303674e+00   3.9509639e+00   4.0157502e+00   3.5360285e+00   1.8216141e+00   3.9601854e+00   3.0037145e+00   2.8863697e+00
   1.0000000e+00   3.4848398e+00   4.5897841e+00   2.5706605e+00   4.5245704e+00   4.5217343e+00   2.4595439e+00   1.2456353e+00   2.1391741e+00   3.6152852e+00   3.2210116e+00
   2.0000000e+00   3.4406977e+00   2.0841326e+00   1.8779181e+00   3.1105253e+00   1.8751137e+00   3.4597939e+00   2.3396972e+00   3.4426116e+00   1.8317880e+00   2.6785086e+00
   1.0000000e+00   3.4856119e+00   2.9658549e+00   3.2168171e+00   3.7898439e+00   2.7230230e+00   3.5028016e+00   4.8593706e+00   3.0467815e+00   2.7692773e+00   3.1426099e+00
   2.0000000e+00   2.4911241e+00   3.7761944e+00   4.0561958e+00   2.6708857e+00   3.0854556e+00   1.3661593e+00   1.1180965e+00   1.5094778e+00   3.2059499e+00   2.6057782e+00
   2.0000000e+00   3.8082611e+00   1.9016565e+00   2.4497943e+00   2.1674277e+00   2.1589827e+00   3.6560620e+00   3.3407804e+00   1.5699075e+00   2.9665632e+00   2.5052854e+00
   1.0000000e+00   3.5099543e+00   4.2884607e+00   2.7906708e+00   3.6010066e+00   4.9692332e+00   2.6007109e+00   1.6085444e+00   2.0458351e+00   1.9474742e+00   3.5026885e+00
   2.0000000e+00   3.4828273e+00   3.5891364e+00   1.9787358e+00   2.6313076e+00   1.4550402e+00   3.6230307e+00   4.2049845e+00   1.4756192e+00   3.2634812e+00   3.0043954e+00
   2.0000000e+00   3.8186439e+00   3.2222060e+00   4.1798169e+00   3.9122491e+00   1.1714855e+00   1.3938951e+00   4.8699911e+00   3.6973058e+00   3.2672780e+00   3.6117192e+00
   1.0000000e+00   3.3416040e+00   3.1522728e+00   3.2757529e+00   2.4461015e+00   1.6717493e+00   2.7287670e+00   5.0950176e+00   2.2277702e+00   5.6682002e+00   3.2602366e+00
   2.0000000e+00   1.5116473e+00   2.0813670e+00   2.3422148e+00   2.8396383e+00   3.5534523e+00   8.9448547e-01   3.5653494e+00   3.2346602e+00   3.5918982e+00   4.0246054e+00
   2.0000000e+00   3.4086442e+00   1.4990726e+00   4.0265024e+00   1.6066210e+00   3.2867233e+00   3.6368879e+00   2.0618674e+00   3.8864632e+00   1.0795433e+00   3.1109510e+00
   2.0000000e+00   5.4068547e+00   3.9458483e+00   4.2648057e+00   4.0695359e+00   4.5337510e+00   2.1739980e+00   3.1612283e+00   1.8446268e+00   4.1477518e+00   8.8093929e-01
   2.0000000e+00   3.3302011e+00   2.1022453e+00   2.3407150e+00   2.4055820e+00   2.9364429e+00   1.6544360e+00   3.8350924e+00   2.1069384e+00   3.3481428e+00   2.1865037e+00
   1.0000000e+00   3.6599422e+00   3.7781320e+00   3.5289251e+00   2.2663687e+00   3.8484440e+00   2.7231401e+00   1.7835306e+00   3.0036616e+00   5.7964313e+00   3.5062517e+00
   1.0000000e+00   2.4105044e+00   4.0222515e+00   2.9653234e+00   4.8781939e+00   3.0387303e+00   2.6341389e+00   3.4612846e+00   2.3535566e+00   2.4306198e+00   3.6021974e+00
   2.0000000e+00   2.3855191e+00   2.3661507e+00   1.3772159e+00   2.8040956e+00   3.6440048e+00   3.8937280e+00   4.0215378e+00   4.1032460e+00   2.8891532e+00   1.8810537e+00
   2.0000000e+00   2.9963136e+00   3.3178520e+00   2.5782085e+00   3.8161922e+00   8.1449214e-01   2.9655402e+00   4.4416493e+00   3.3366821e+00   5.0945003e+00   1.9782987e+00
   1.0000000e+00   2.2459634e+00   4.0065274e+00   3.3933722e+00   2.5380039e+00   2.2183770e+00   2.2459289e+00   1.3978339e+00   4.0801336e+00   1.7317411e+00   3.3845396e+00
   2.0000000e+00   2.8496064e+00   3.2559880e+00   1.1025761e+00   2.1989396e+00   2.9380294e+00   3.0657571e+00   3.9835992e+00   2.6963142e+00   2.9617964e+00   3.5155433e+00
   2.0000000e+00   3.2003414e+00   2.0654112e+00   5.5870100e+00   1.8902233e+00   2.9058203e+00   4.1261991e+00   3.8538549e+00   2.8163413e+00   1.7747621e+00   3.0083344e+00
   2.0000000e+00   5.1909102e+00   3.0223625e+00   2.7021035e+00   4.7277483e+00   2.1411773e+00   5.1567655e+00   3.3940001e+00   3.4841062e+00   3.2065860e+00   8.7182460e-01
   2.0000000e+00   4.2535458e+00   1.1046652e+00   3.1025563e+00   1.7643541e+00   1.3499762e+00   1.2564574e+00   3.3087444e+00   2.7526539e+00   5.0209183e+00   2.3725878e+00
   2.0000000e+00   2.7373863e+00   2.6322398e+00   4.7040989e+00   2.2877288e+00   4.0096812e+00   2.9444266e+00   1.1490851e+00   3.5296603e+00   3.6777421e+00   3.8387888e+00
   2.0000000e+00   4.8847624e+00   3.5702328e+00   3.1549324e+00   1.5456508e+00   2.4586989e+00   3.4532790e+00   3.6488288e+00   5.4134899e+00   4.9274086e+00   3.2180145e+00
   2.0000000e+00   3.7490742e+00   1.0538778e+00   2.5571980e+00   5.3209889e+00   3.5426758e+00   1.9405769e+00   2.7293985e+00   4.3274215e+00   3.4997199e+00   4.0890362e+00
   2.0000000e+00   3.0018506e+00   2.7768593e+00   2.8512578e+00   1.1956286e+00   9.5109005e-01   2.9804717e+00   3.8657810e+00   2.7020136e+00   1.9218604e+00   2.0787054e+00
   2.0000000e+00   3.6031446e+00   2.2919566e+00   3.4610730e+00   2.5106045e+00   1.1776478e+00   2.0945059e+00   3.2848136e+00   4.6677228e+00   2.7488232e+00   4.3095382e+00
   2.0000000e+00   1.2681356e+00   3.9765307e+00   3.1052703e+00   2.9855131e+00   2.7818727e+00   3.2334685e+00   2.5941440e+00   2.0617500e+00   4.0996553e+00   1.9655462e+00
   1.0000000e+00   3.9170176e+00   1.7873711e+00   2.8730318e+00   2.5354116e+00   2.0287928e+00   4.1046527e+00   3.1303249e+00   2.6276500e+00   3.2016744e+00   3.4570910e+00
   2.0000000e+00   2.6978281e+00   2.8607824e+00   3.6249749e+00   2.9768817e+00   1.6465079e+00   4.1671798e+00   1.5235212e+00   3.1794809e+00   4.7614671e+00   1.9156214e+00
   2.0000000e+00   4.0215408e+00   2.8012194e+00   2.8130668e+00   3.3803822e+00   4.3601322e+00   2.8242410e+00   3.7327256e+00   3.2363356e+00   2.7689140e+00   1.3123228e+00
   2.0000000e+00   5.2819919e+00   3.0340975e+00   2.5190786e+00   2.4728242e+00   2.5656386e+00   3.3418474e+00   3.4362455e+00   2.7480028e+00   2.7715242e+00   1.7963315e+00
   2.0000000e+00   3.7156809e+00   2.8206738e+00   4.1616629e+00   2.0744442e+00   4.6162464e+00   2.8118180e+00   3.0796005e+00   3.1448368e+00   3.6161304e+00   3.0536681e+00
   2.0000000e+00   1.8714260e-01   4.2329848e+00   1.9452475e+00   3.8103169e+00   1.7409565e+00   3.0788295e+00   4.1300962e+00   2.4147875e+00   2.7773010e+00   2.8464668e+00
   2.0000000e+00   3.1481255e+00   3.7783534e+00   5.3280710e+00   4.9269414e+00   1.9441936e+00   3.1502397e+00   4.6163142e+00   3.4088752e+00   2.8911079e+00   3.2769718e+00
   2.0000000e+00   5.4492900e+00   1.3039426e+00   3.4029957e+00   3.0014271e+00   2.7414772e+00   4.2750616e+00   3.4623213e+00   9.6587193e-01   2.2895709e+00   3.5479579e+00
   2.0000000e+00   2.5444173e+00   3.7696504e+00   3.2200525e+00   3.1060192e+00   1.7253428e+00   1.7764281e+00   1.9072124e+00   2.3543832e+00   2.1479680e+00   2.7812771e+00
   2.0000000e+00   1.9512278e+00   2.1232992e+00   1.4829271e+00   3.3989929e+00   1.2935320e+00   3.3654601e+00   2.9716603e+00   2.2179780e+00   3.6927070e+00   2.1987504e+00
   2.0000000e+00   1.8303938e+00   4.1966946e+00   1.9427389e+00   2.6042030e+00   2.4737391e+00   3.4370709e+00   2.1864996e+00   1.9287716e+00   2.1766068e+00   4.2750566e+00
   2.0000000e+00   2.8475643e+00   4.6192134e+00   3.1553521e+00   3.6645661e+00   3.8678881e+00   3.0517663e+00   3.0209549e+00   4.7073532e+00   2.7443837e+00   2.4053726e+00
   2.0000000e+00   1.8867486e+00   5.0689460e+00   4.5298004e+00   3.7700263e+00   3.2323630e+00   2.3266667e+00   3.4032073e+00   4.1171724e+00   4.1826103e+00   2.8541076e+00
   2.0000000e+00   2.7666881e+00   2.7804610e+00   1.2900699e+00   3.9063909e+00   3.7166954e+00   1.9960863e+00   4.3369716e+00   4.5105472e+00   3.4479064e+00   4.1973398e+00
   2.0000000e+00   2.6484449e+00   1.7662481e+00   2.7746364e+00   4.4436196e+00   1.9183323e+00   3.0418507e+00   1.9718697e+00   2.4510211e+00   3.1611518e+00   5.1259802e+00
   2.0000000e+00   2.7037275e+00   2.8890601e+00   1.7451409e+00   4.5097298e+00   1.9266651e+00   2.5608137e+00   3.6132449e+00   1.9853775e+00   4.0383136e+00   2.7163805e+00
   1.0000000e+00   3.7598871e+00   3.4090858e+00   2.6209346e+00   4.2653660e+00   5.1354072e-01   2.9039706e+00   2.4678118e+00   3.5696678e+00   2.2697515e+00   3.4877939e+00
   1.0000000e+00   4.9863592e+00   1.5476761e+00   2.7008862e+00   2.1922498e+00   3.7260227e+00   3.8690405e+00   3.5184296e+00   3.1209140e+00   3.5026817e+00   3.9289333e+00
   2.0000000e+00   2.1673362e+00   3.4018768e+00   3.3099480e+00   2.1604800e+00   3.0688114e+00   2.5245466e+00   2.8105700e+00   3.2501565e+00   4.0276943e+00   5.7815938e+00
   2.0000000e+00   2.0034881e+00   2.1508252e+00   4.0085660e+00   2.0021538e+00   2.7516133e+00   3.3684892e+00   2.3919901e+00   1.1055830e+00   2.4503071e+00   2.7001864e+00
   2.0000000e+00   4.6729182e+00   2.7313404e+00   3.5044124e+00   3.9208196e+00   2.1789872e+00   2.7953833e+00   3.9587768e+00   3.2909817e+00   2.2456455e+00   4.2844213e+00
   2.0000000e+00   3.9801265e+00   3.7232004e+00   3.3390712e+00   3.1724749e+00   4.0785781e+00   2.5948405e+00   3.8096436e+00   1.9298050e+00   2.7465802e+00   2.3927512e+00
   2.0000000e+00   2.0646589e+00   5.0178405e+00   2.6725617e+00   2.5438253e+00   3.9614498e+00   3.2927086e+00   2.3332958e+00   2.6837272e+00   2.9356742e+00   2.9096129e+00
   2.0000000e+00   2.2706219e+00   2.8339743e+00   2.9078384e+00   2.1731959e+00   3.1792777e+00   3.1066959e+00   9.7132267e-01   3.2498227e+00   3.7339848e+00   2.3292948e+00
   2.0000000e+00   4.2687637e-01   2.0810250e+00   1.9616399e+00   3.4418676e+00   2.7938651e+00   2.6630503e+00   4.4813651e+00   3.3143931e+00   3.8433003e+00   1.6014030e+00
   1.0000000e+00   1.7948428e+00   3.4712490e+00   2.9319244e+00   2.2343313e+00   1.3027223e+00   3.2708361e+00   3.1885827e+00   4.8998959e+00   2.0534690e+00   3.4762373e+00
   2.0000000e+00   1.6620857e+00   1.1867095e+00   3.7799671e+00   3.6658136e+00   4.8207451e+00   3.6751369e+00   3.0395853e+00   2.7314333e+00   3.8663221e+00   2.9602765e+00
   2.0000000e+00   4.0996837e+00   2.7889725e+00   3.5658451e+00   3.1287874e+00   3.6840448e+00   2.9367119e+00   2.1362351e+00   2.4723909e+00   3.2058291e+00   1.7879652e+00
   1.0000000e+00   3.4564430e+00   2.4906297e+00   3.0700145e+00   2.2612083e+00   2.2982918e+00   4.8729404e+00   2.4630635e+00   4.4092385e+00   3.2777174e+00   3.2505795e+00
   2.0000000e+00   1.0249137e+00   4.9853467e+00   4.0586939e+00   2.9160933e+00   3.9999804e+00   2.5590056e+00   4.6207571e+00   2.4151506e+00   4.3731528e+00   1.4959381e+00
   2.0000000e+00   2.4575031e+00   3.5940635e+00   5.0906823e+00   3.4166041e+00   1.6800087e+00   2.5917822e-01   2.4446970e+00   2.3488572e+00   2.6310631e+00   3.2686036e+00
   2.0000000e+00   2.6475814e+00   3.3815411e+00   1.5171595e+00   2.8831761e+00   3.5650728e+00   3.1972337e+00   4.0222113e+00   4.1282892e+00   1.9703598e+00   2.2718982e+00
   2.0000000e+00   3.0013207e+00   1.6426646e+00   4.1592366e+00   2.7971811e+00   3.1849361e+00   4.4160713e+00   4.6808192e+00   2.9777105e+00   2.6948626e+00   2.1317621e+00
   2.0000000e+00   1.8263759e+00   3.7732362e+00   4.1439508e+00   3.1929280e+00   4.2228611e+00   2.5484136e+00   2.0038283e+00   4.2700957e+00   2.9915565e+00   3.6479886e+00
   2.0000000e+00   3.1861401e+00   1.9288029e+00   1.1482453e+00   2.7585787e+00   3.2327526e+00   2.4779590e+00   1.0466402e+00   3.0231811e+00   4.3996374e+00   4.8303529e+00
   2.0000000e+00   2.1720898e+00   2.1935041e+00   3.2853704e+00   1.8171642e+00   2.5547451e+00   3.2976587e+00   4.2906025e+00   4.3101893e+00   3.0602075e+00   4.5834294e+00
   2.0000000e+00   1.5705594e+00   3.7479812e+00   1.7628821e+00   4.3917190e+00   3.7016855e+00   9.1203048e-01   4.6152900e+00   1.6297138e+00   2.9368266e+00   3.9440874e+00
   1.0000000e+00   1.7465437e+00   3.3213677e+00   3.3174413e+00   5.1765937e+00   2.7858193e+00   5.0099064e+00   3.2009916e+00   1.7615970e+00   2.4661327e+00   3.0443752e+00
   2.0000000e+00   2.7401680e+00   2.5842377e+00   3.1233333e+00   2.7832890e+00   4.2858112e+00   3.3851835e+00   2.8174457e+00   3.6857834e+00   2.0561689e+00   4.7349422e+00
   2.0000000e+00   1.9000679e+00   3.0611455e+00   3.7365122e+00   4.5235492e+00   5.7070015e+00   2.8670806e+00   2.9561404e+00   3.0890799e+00   4.9049505e+00   4.3031706e+00
   2.0000000e+00   2.6482105e+00   2.4355662e+00   2.1489295e+00   1.6963218e+00   3.6326848e+00   3.0212182e+00   3.2349011e+00   2.7275336e+00   3.8071838e+00   1.6717170e+00
   1.0000000e+00   3.3753210e+00   3.2130930e+00   2.8618052e+00   2.8598890e+00   3.2580790e+00   2.6951127e+00   3.6215642e+00   1.6836488e+00   2.9005561e+00   3.1020678e+00
   1.0000000e+00   4.0227564e+00   3.0317358e+00   3.3622646e+00   1.8613580e+00   2.5805504e+00   1.5467957e+00   2.5490843e+00   2.8890476e+00   2.0331420e+00   3.0452490e+00
   1.0000000e+00   2.9384595e+00   3.0970965e+00   3.7208240e+00   3.9801932e+00   1.8175819e+00   3.5004610e+00   3.4697681e+00   2.0432126e+00   2.9410886e+00   3.1869641e+00
   2.0000000e+00   3.0888670e+00   3.8492108e+00   2.5563715e+00   2.5045580e+00   2.8373566e+00   2.0772194e+00   3.1320888e+00   3.9700397e+00   3.8067403e+00   2.1847224e+00
   2.0000000e+00   2.1585743e+00   5.1151030e+00   4.2023475e+00   2.7701817e+00   3.5702098e+00   3.5651045e+00   2.8025409e+00   1.0315214e+00   2.9382636e+00   3.8990611e+00
   2.0000000e+00   3.0835050e+00   2.0191655e+00   1.2755747e+00   2.4536030e+00   3.5850999e+00   3.5403309e+00   3.0499898e+00   3.3385770e+00   2.1218926e+00   4.2008115e+00
   2.0000000e+00   2.1158578e+00   1.6742212e+00   3.1804430e+00   1.0754566e+00   2.5184560e+00   2.2511089e+00   4.2263343e+00   2.7605310e+00   1.7108417e+00   2.2178482e+00
   2.0000000e+00   4.5352985e+00   2.7129004e+00   4.9764653e+00   1.9133835e+00   1.6287030e+00   4.5692188e+00   2.6735249e+00   3.5012855e+00   3.3312593e+00   1.6088249e+00
   2.0000000e+00   2.0091726e+00   4.0071120e+00   2.5088342e+00   2.6080703e+00   2.9127900e+00   2.4415343e+00   2.5147681e+00   3.5394524e+00   2.7916549e+00   2.8881664e+00
   2.0000000e+00   3.0143029e+00   3.2606603e+00   2.6791026e+00   4.1142818e+00   2.1808482e+00   2.1211101e+00   2.1339070e+00   2.8731277e+00   2.1520017e+00   8.3473262e-01
   2.0000000e+00   3.1496724e+00   3.4395994e+00   3.0721847e+00   3.1082377e+00   5.4063878e+00   2.4069870e+00   2.9004317e+00   2.8598243e+00   8.2315191e-01   4.1337389e+00
   2.0000000e+00   3.5440565e+00   3.3816899e+00   2.5440561e+00   3.5986717e+00   1.6802699e+00   2.6151543e+00   1.4478305e-01   3.8576945e+00   3.1863229e+00   4.3420282e+00
   2.0000000e+00   2.8369748e+00   4.3055989e+00   2.4055795e+00   1.5860166e+00   1.4002656e+00   3.0612396e+00   2.2408877e+00   1.5966329e+00   4.9695248e+00   3.9303421e+00
   2.0000000e+00   3.2613051e+00   4.2810807e+00   4.3938688e+00   3.1970145e+00   4.1295500e-01   3.5384028e+00   2.5858001e+00   2.6074713e+00   1.9325034e+00   3.8564538e+00
   1.0000000e+00   3.1496360e+00   3.0057290e+00   3.7502555e+00   3.2493794e+00   4.2646921e+00   2.4969940e+00   1.3375825e+00   1.8428484e+00   3.5063813e+00   3.2447957e+00
   2.0000000e+00   5.0307675e+00   2.9153498e+00   5.2806080e-01   2.2967624e+00   1.6853086e+00   3.9069809e+00   2.9902657e+00   3.4813976e+00   4.5648417e+00   2.1486676e+00
