   2.0000000e+00   4.3262950e+00   3.2702181e+00   1.5613940e+00   1.1775633e+00   2.8289735e+00   5.7558382e+00   3.0783269e+00   1.8428221e+00   3.3148238e+00   2.3080378e+00
   2.0000000e+00   3.0159571e+00   1.4824443e+00   4.0417793e+00   3.4396978e+00   2.0768478e+00   3.5124106e+00   1.4102245e+00   3.6212702e+00   2.1581576e+00   3.6033992e+00
   2.0000000e+00   4.4817248e+00   3.9193532e+00   7.2542325e-01   3.7434135e+00   1.1393477e+00   2.7861692e+00   3.6524910e+00   1.6632035e+00   3.5608047e+00   2.1599022e+00
   1.0000000e+00   2.4640612e+00   3.3282588e+00   1.7564367e+00   3.5889986e+00   3.4365352e+00   2.9131997e+00   3.5956918e+00   2.8269394e+00   2.1666671e+00   1.8865085e+00
   1.0000000e+00   2.3077878e+00   1.9993746e+00   3.1246982e+00   3.8531868e+00   3.2853550e+00   1.5066676e+00   1.7209794e+00   3.6926371e+00   2.5781155e+00   2.7645089e+00
   2.0000000e+00   2.0809532e+00   1.9031991e+00   2.6222271e+00   3.3105544e+00   2.2509166e+00   3.8135667e+00   3.5613045e+00   3.6428355e+00   2.2857951e+00   2.0216776e+00
   1.0000000e+00   3.4863829e+00   3.5192014e+00   5.6565374e+00   2.5273070e+00   3.7621700e+00   3.5726114e+00   2.8353220e+00   2.4505690e+00   3.5905042e+00   2.5245507e+00
   2.0000000e+00   5.1819181e+00   2.1468725e+00   3.4571028e+00   3.3017199e+00   5.5496742e+00   1.6973945e+00   1.8412630e+00   1.3243085e+00   2.1125329e+00   3.2451792e+00
   2.0000000e+00   1.8549805e+00   1.7470067e+00   3.0246263e+00   3.8017841e+00   2.4412687e+00   2.5780112e+00   3.2493826e+00   4.9011223e+00   1.8452878e+00   3.1301906e+00
   2.0000000e+00   3.5623264e+00   3.3972314e+00   2.8791760e+00   3.1376656e+00   2.7971230e+00   5.7154678e+00   3.4187220e+00   2.2513582e+00   3.3600239e+00   4.3337859e+00
   1.0000000e+00   1.5035728e+00   3.0311364e+00   2.8283742e+00   2.5774304e+00   3.1387588e+00   3.2849079e+00   3.0504889e+00   2.4304828e+00   3.3373637e+00   3.4070431e+00
   2.0000000e+00   3.1992782e+00   2.8933231e+00   3.3457499e+00   2.8749671e+00   3.9569210e+00   3.1965599e+00   3.5619713e+00   2.5385322e+00   3.6304888e+00   4.3349131e+00
   2.0000000e+00   2.4246402e+00   1.8288827e+00   1.8993347e+00   3.9396243e+00   2.4983026e+00   9.1090089e-01   2.9314755e+00   1.2394786e+00   2.5562486e+00   2.0918853e+00
   2.0000000e+00   3.4740509e+00   2.9577064e+00   2.7111810e+00   3.0678552e+00   2.2491105e+00   3.3111131e+00   3.4062009e+00   1.8763777e+00   3.4699644e+00   3.2262883e+00
   2.0000000e+00   2.7577593e+00   2.6790353e+00   2.4374461e+00   2.8932175e+00   7.0885592e-01   3.1523216e+00   2.5249223e+00   2.4870937e+00   2.9733347e+00   2.0897055e+00
   2.0000000e+00   4.0020379e+00   2.1487202e+00   2.0458446e+00   1.7488675e+00   2.7192735e+00   3.0644509e+00   2.7678306e+00   3.3472888e+00   3.8622730e+00   3.2155969e+00
   2.0000000e+00   4.8576137e+00   3.4817361e+00   1.9786097e+00   1.9432789e+00   3.5847439e+00   3.6636922e+00   2.4347964e+00   4.1923831e+00   5.4832242e+00   3.8145672e+00
   2.0000000e+00   2.8140269e+00   2.2617740e+00   2.8963573e+00   2.9160881e+00   1.7397209e+00   2.0225913e+00   3.4508721e+00   1.3939996e+00   2.6095166e+00   3.5611563e+00
   2.0000000e+00   2.5122510e+00   5.3930743e+00   3.4705623e+00   1.8155659e+00   6.9581487e-01   3.6521011e+00   3.4662754e+00   2.7445518e+00   3.8315520e+00   2.5666017e+00
   2.0000000e+00   3.4120468e+00   3.1890080e+00   4.2770670e+00   1.4361179e+00   5.1582920e-01   3.0069054e+00   3.7471238e+00   1.5174634e+00   3.8495827e+00   1.5004415e+00
   1.0000000e+00   1.1731620e+00   4.6375236e+00   2.2627520e+00   1.4775788e+00   3.4032018e+00   3.1060088e+00   4.1318041e+00   3.7084520e+00   2.8965544e+00   3.1006691e+00
   1.0000000e+00   2.5492889e+00   2.4636907e+00   3.2321051e+00   1.6619481e+00   3.6026821e+00   3.1172200e+00   3.8077270e+00   3.2741892e+00   3.2794393e+00   3.3426159e+00
   2.0000000e+00   3.3256234e+00   2.4188166e+00   3.4853610e+00   4.0010127e+00   2.3876472e+00   3.9695730e+00   5.8518184e+00   5.2785163e+00   3.5148341e+00   3.0946579e+00
   1.0000000e+00   2.1329345e+00   4.4919966e+00   5.0628672e+00   3.0357438e+00   3.3425925e+00   1.9922502e+00   3.0192504e+00   4.1196149e+00   2.8605693e+00   3.4128479e+00
   2.0000000e+00   2.2636759e+00   4.1746527e+00   3.0374440e+00   4.6312826e+00   2.6577863e+00   3.7495489e+00   2.4005254e+00   4.7691439e+00   1.7053380e+00   1.8728274e+00
   2.0000000e+00   3.9015654e+00   2.7339607e+00   2.5368872e+00   3.7929525e+00   3.7311677e+00   4.9816548e+00   2.1609062e+00   3.9727535e+00   1.7605289e+00   3.1061188e+00
   2.0000000e+00   2.5448437e+00   4.0201774e+00   1.7548098e+00   1.7558567e+00   3.0208297e+00   2.6628877e+00   2.2668870e+00   9.9102928e-01   1.8992003e+00   3.5658936e+00
   2.0000000e+00   3.3185463e+00   1.1522759e+00   4.3979500e+00   3.2115833e+00   2.7293900e+00   3.8540350e+00   1.8205953e+00   2.8160841e+00   3.4042322e+00   2.4867541e+00
   1.0000000e+00   2.0461139e+00   3.0408165e+00   2.9144067e+00   2.9089087e+00   3.6551831e+00   2.6354614e+00   2.3676030e+00   2.8532587e+00   3.2468846e+00   3.0677429e+00
   2.0000000e+00   3.5632061e+00   3.6705529e+00   1.3480014e+00   4.0139648e+00   3.7611519e+00   2.7075092e+00   2.3933387e+00   4.3840086e+00   4.3066556e+00   2.0533165e+00
   2.0000000e+00   3.0343360e+00   2.9820037e+00   4.2497127e+00   2.8306113e+00   5.0301966e+00   3.6036565e+00   3.7560392e+00   3.7035275e+00   2.8552348e+00   5.1771379e+00
   2.0000000e+00   3.2922344e+00   2.7159573e+00   2.1243730e+00   1.8882440e+00   3.6147145e+00   2.8939641e+00   2.3959394e+00   3.0280828e+00   4.3633911e+00   2.6413240e+00
   2.0000000e+00   3.2769625e+00   1.5315363e+00   3.3503691e+00   3.7905065e+00   4.2393982e+00   2.1277278e+00   3.3390299e+00   3.5582834e+00   2.1240643e+00   1.9835830e+00
   2.0000000e+00   2.5294832e+00   2.5208623e+00   2.6583038e+00   1.2061930e+00   4.0761634e+00   1.9106713e+00   3.7838479e+00   1.6823131e+00   7.3794230e-01   3.7149070e+00
   2.0000000e+00   2.5394326e+00   4.3823908e+00   3.0323510e+00   3.7947619e+00   4.4252904e+00   2.8446414e+00   2.2400181e+00   2.2743592e+00   2.0803500e+00   1.2117201e+00
   1.0000000e+00   2.7560779e+00   3.2129309e+00   2.1733514e+00   2.1565806e+00   3.5535589e+00   2.7273171e+00   3.1637128e+00   3.4388546e+00   2.5259972e+00   4.3098997e+00
   2.0000000e+00   3.1049287e+00   2.9138043e+00   1.8961112e+00   3.6892182e+00   4.3630152e+00   4.1696816e+00   2.5397452e+00   2.9265958e+00   1.1107179e+00   4.6025764e+00
   2.0000000e+00   2.4476268e+00   2.2625722e+00   2.2734108e+00   3.9825391e+00   2.7155631e+00   4.6176415e+00   1.4154234e+00   3.4789865e+00   2.6881217e+00   3.3851325e+00
   1.0000000e+00   3.1552284e+00   3.5392904e+00   1.5741394e+00   2.4078258e+00   3.1375981e+00   2.5823085e+00   4.4687162e+00   4.2316915e+00   3.6456330e+00   3.0679284e+00
   2.0000000e+00   5.2003428e+00   4.5506706e+00   4.5272151e+00   3.2633497e+00   2.7784460e+00   4.8730050e+00   2.3399725e+00   2.7596661e+00   2.7068615e+00   2.4115780e+00
   1.0000000e+00   1.1032994e+00   3.1087566e+00   2.5616296e+00   3.1717254e+00   3.2251195e+00   2.0038907e+00   1.1064871e+00   3.4706411e+00   3.1422423e+00   2.7906143e+00
   2.0000000e+00   2.8952040e+00   4.4286638e+00   1.9541148e+00   3.4450791e+00   5.0664019e+00   2.3963461e+00   2.0567134e+00   2.7381437e+00   3.7224301e+00   2.9383985e+00
   2.0000000e+00   3.5117357e+00   1.6189013e+00   4.5530079e+00   4.0616849e+00   1.5434280e+00   4.5543624e+00   2.4457402e+00   4.0163577e+00   3.4326151e+00   2.4279030e+00
   2.0000000e+00   3.6650782e+00   1.9450157e+00   2.1870003e+00   2.7584930e+00   4.7920040e+00   3.5395582e+00   4.2741950e+00   2.8334983e+00   3.6410150e+00   2.7144162e+00
   2.0000000e+00   3.7907267e+00   4.0837883e+00   4.7834703e+00   3.7471537e+00   1.7792665e+00   3.4000140e+00   2.1472394e+00   2.1589714e+00   2.7007778e+00   2.2027044e+00
   2.0000000e+00   3.2087450e+00   3.2150658e+00   3.1135137e+00   4.0104901e+00   2.5012985e+00   2.8602817e+00   3.7796076e+00   2.3991378e+00   1.0909310e+00   3.0158594e+00
   2.0000000e+00   3.4817168e+00   2.5709039e+00   9.4554515e-01   2.9913962e+00   2.2004694e+00   2.1085223e+00   2.7587474e+00   9.2649201e-01   2.0467087e+00   2.4822406e+00
   2.0000000e+00   3.6046087e+00   2.8194207e+00   1.9579976e+00   1.4755333e+00   2.6428899e+00   3.7547888e+00   2.0742255e+00   2.5476756e+00   3.0681666e+00   2.5309387e+00
   2.0000000e+00   3.3255975e+00   2.1583216e+00   1.6204658e+00   3.8546740e+00   3.2438285e+00   2.1190261e+00   4.2096679e+00   2.7478599e+00   4.7704235e+00   2.9690917e+00
   2.0000000e+00   2.9827633e+00   1.9210163e+00   3.2756554e+00   3.6317699e+00   2.8665199e+00   3.8562458e+00   2.5947563e+00   2.6576284e+00   4.4316521e+00   3.1627153e+00
   2.0000000e+00   2.6472794e+00   3.3750036e+00   3.2451608e+00   1.6190135e+00   4.5595603e+00   4.2459869e+00   1.8809937e+00   3.0874726e+00   1.7959188e+00   3.1007281e+00
   1.0000000e+00   3.2406066e+00   4.9075203e+00   1.7086910e+00   3.2594457e+00   3.4323248e+00   1.1277211e+00   3.0126778e+00   2.7426429e+00   3.0738131e+00   2.5623294e+00
   2.0000000e+00   3.7950751e+00   3.1490217e+00   1.7340029e+00   3.7901595e+00   2.8132263e+00   1.2789392e+00   2.5598119e+00   1.1792339e+00   3.9814925e+00   2.3216539e+00
   2.0000000e+00   2.0937736e+00   6.2542446e+00   2.9720071e+00   1.8938613e+00   2.3943877e+00   2.2825874e+00   3.7665603e+00   3.0108402e+00   1.6299779e+00   3.0244007e+00
   1.0000000e+00   4.0280078e+00   3.0447743e+00   5.0671646e+00   1.4243501e+00   3.4469160e+00   2.7159199e+00   1.9680243e+00   1.8189891e+00   3.4741557e+00   4.5790324e+00
   2.0000000e+00   2.9087286e+00   1.3011149e+00   1.2642384e+00   3.0977409e+00   2.3762323e+00   3.7759355e+00   2.9669090e+00   3.6322877e+00   2.7276807e+00   3.1896001e+00
   1.0000000e+00   1.6693649e+00   2.3429124e+00   1.4964890e+00   2.4186690e+00   3.4645817e+00   1.7645882e+00   1.9070485e+00   3.8362623e+00   2.4901850e+00   3.6793978e+00
   2.0000000e+00   1.3652387e+00   3.7292705e+00   2.5122131e+00   2.0841473e+00   3.7784835e+00   4.0337289e+00   4.6711435e+00   2.4105071e+00   1.7751609e+00   2.1804567e+00
   2.0000000e+00   2.1831034e+00   3.1188647e+00   2.8818007e+00   1.4885547e+00   1.6320788e+00   3.6631175e+00   3.9260177e+00   3.7325710e+00   2.2961801e+00   2.9951349e+00
   2.0000000e+00   1.9019415e+00   3.0041246e+00   3.0603126e+00   3.2971368e+00   2.3107137e+00   3.1208255e+00   4.9415798e+00   4.5877440e+00   2.5973754e+00   2.9577992e+00
   2.0000000e+00   2.9502350e+00   2.7692729e+00   2.2074259e+00   3.6040347e+00   4.5996203e+00   4.0469394e+00   3.9825602e+00   2.0242965e+00   1.5668751e+00   4.2657010e+00
   2.0000000e+00   2.4791636e+00   3.4209904e+00   1.3637065e+00   2.3268468e+00   2.4653049e+00   3.0052499e+00   2.4812677e+00   3.9411815e+00   3.3269556e+00   3.6214259e+00
   2.0000000e+00   3.7309922e+00   3.5466998e+00   2.3587630e+00   2.6350381e+00   2.2301752e+00   4.4584925e+00   3.0745070e+00   3.2171247e+00   1.5098699e+00   3.5863553e+00
   2.0000000e+00   2.8639140e+00   1.7452630e+00   1.6493408e+00   4.1040037e+00   3.5388845e+00   2.8976389e+00   3.2855393e+00   3.5530644e+00   1.4972399e+00   3.2963042e+00
   2.0000000e+00   1.8232057e+00   4.2335890e+00   2.0435452e+00   6.8033692e+00   4.2884916e+00   2.7128611e+00   3.9361511e+00   3.2327930e+00   2.9989881e+00   2.8381260e+00
   2.0000000e+00   5.3370771e+00   1.7027782e+00   1.5887501e+00   4.1421107e+00   4.1402305e+00   2.4447631e+00   3.0755494e+00   3.9472064e+00   1.3079770e+00   2.8498336e+00
   1.0000000e+00   9.3196229e-01   2.1333995e+00   4.0488377e+00   2.7622469e+00   3.2448734e+00   3.3935211e+00   4.6601046e+00   1.6647254e+00   3.0847740e+00   2.8676493e+00
   2.0000000e+00   2.9834383e+00   3.1537033e+00   2.2301174e+00   3.2225647e+00   3.4177464e+00   4.2702853e+00   3.6538888e+00   4.4324284e+00   4.0669168e+00   3.6605364e+00
   2.0000000e+00   2.8134656e+00   2.2590162e+00   2.8576750e+00   2.8136427e+00   3.8130315e+00   3.5696450e+00   3.4678886e+00   3.8472747e+00   2.3332485e+00   2.2370948e+00
   2.0000000e+00   4.5020022e+00   1.1703719e+00   2.7310106e+00   2.6313256e+00   3.2649576e+00   2.2279510e+00   3.5719937e+00   3.9434740e+00   1.0802833e+00   3.7435439e+00
   2.0000000e+00   2.2920112e+00   1.4507963e+00   3.2697316e+00   3.1071599e+00   2.2158274e+00   2.1779763e+00   4.0195942e+00   1.8978940e+00   3.6269918e+00   4.0528248e+00
   2.0000000e+00   4.6524016e+00   4.7967278e+00   3.4882779e+00   3.7342746e+00   1.9125902e+00   2.0434500e+00   2.6836289e+00   2.5232425e+00   3.4892333e+00   3.1201023e+00
   1.0000000e+00   3.9179447e+00   2.3612679e+00   2.4051016e+00   1.7439667e+00   3.7196651e+00   2.1638651e+00   2.9940853e+00   3.1288947e+00   2.9653811e+00   2.8888042e+00
   2.0000000e+00   2.5065590e+00   3.6164841e+00   2.2607638e+00   2.3418141e+00   4.2425070e+00   2.8774536e+00   1.5559389e+00   1.4314220e+00   2.8906908e+00   2.4040818e+00
   2.0000000e+00   3.9815120e+00   2.1509396e-01   1.8266012e+00   2.0084880e+00   4.7590127e+00   2.8725630e+00   2.3727000e+00   3.5746533e+00   2.5818818e+00   4.2408920e+00
   1.0000000e+00   3.5715594e+00   3.4174110e+00   4.5224085e+00   3.1365775e+00   3.6806678e+00   3.9948186e+00   5.0160144e+00   3.2799519e+00   2.6341545e+00   3.7132552e+00
   2.0000000e+00   3.6778927e+00   2.0997200e+00   2.8609548e+00   4.0508154e+00   2.5441815e+00   2.5209436e+00   3.6372760e+00   2.5525264e+00   3.6641286e+00   2.6824018e+00
   2.0000000e+00   2.8024547e+00   9.7759666e-01   4.2491949e+00   1.8708553e+00   4.4841936e+00   1.5379320e+00   4.4256919e+00   1.7136068e+00   3.7107169e+00   2.8732308e+00
   2.0000000e+00   2.6946133e+00   2.6644913e+00   2.7823546e+00   3.5542117e+00   3.1801162e+00   4.4656339e+00   3.1415731e+00   1.1271275e+00   4.5631830e+00   3.9102768e+00
   2.0000000e+00   4.0090181e+00   4.1725076e+00   2.3745793e+00   1.4427145e+00   1.1671158e+00   3.1182256e+00   2.9483140e+00   1.9428175e+00   2.8535967e+00   3.7409655e+00
   2.0000000e+00   2.6030206e+00   3.9525663e+00   1.6817242e+00   3.2200704e+00   4.0125856e+00   2.2855628e+00   2.8244670e+00   2.6707043e+00   3.9762783e+00   3.0490162e+00
   2.0000000e+00   3.6226892e+00   1.3170213e+00   2.4464833e+00   1.1318782e+00   4.4242938e+00   3.0705214e+00   2.4113396e+00   3.6278214e+00   3.1054007e+00   3.1369558e+00
   2.0000000e+00   1.3039308e+00   1.1533252e+00   3.1989190e+00   3.1246748e+00   2.1725429e+00   4.3853431e+00   1.7879809e+00   2.2936854e+00   3.5390691e+00   2.6320186e+00
   2.0000000e+00   3.8846606e+00   2.4321590e+00   5.2935452e+00   2.4724281e+00   2.6703422e+00   3.5635056e+00   2.8152506e+00   1.0927333e+00   3.3467924e+00   2.4012110e+00
   2.0000000e+00   6.0792126e+00   6.7026620e-01   5.1532089e+00   2.3898624e+00   3.8770238e+00   4.6642746e+00   4.7855182e+00   3.4799795e+00   2.4528761e+00   4.1250636e+00
   1.0000000e+00   4.4518894e+00   2.3143497e+00   3.3687976e+00   2.7641025e+00   3.5392985e+00   2.4515969e+00   2.0468069e+00   8.1176378e-01   3.1641206e+00   2.6975193e+00
   2.0000000e+00   3.8898705e+00   1.7477117e+00   2.4282222e+00   2.3019295e+00   2.7476403e+00   3.1113841e+00   3.1646432e+00   3.5602764e+00   1.8200967e+00   4.2906944e+00
   1.0000000e+00   1.6725584e+00   3.8012396e+00   3.0190842e+00   1.6537163e+00   3.5956652e+00   3.1279237e+00   3.4812224e+00   2.8131360e+00   3.2828447e+00   2.6438568e+00
   2.0000000e+00   1.9670690e+00   3.5091814e+00   3.9649377e+00   2.9369460e+00   2.7099555e+00   4.8355007e+00   1.1761916e+00   3.9108715e+00   3.2878562e+00   3.6342189e+00
   2.0000000e+00   2.2842794e+00   2.7032996e+00   8.4942893e-01   3.2147333e+00   4.6257579e+00   2.7610647e+00   2.8557038e+00   5.2504532e+00   3.0903587e+00   2.1045511e+00
   2.0000000e+00   2.3529011e+00   4.3384991e+00   3.7780935e+00   1.9573514e+00   4.3090110e+00   4.5759680e+00   2.3592763e+00   3.1170564e+00   4.4677175e+00   2.8816711e+00
   2.0000000e+00   1.3254513e+00   2.3156632e+00   2.8460606e+00   1.6096913e+00   2.9044393e+00   2.0660240e+00   3.6088827e+00   2.2622432e+00   2.5635780e+00   1.4424117e+00
   2.0000000e+00   3.5662763e+00   3.4162070e+00   2.9380354e+00   1.9784583e+00   1.4221708e+00   3.2763743e+00   2.8510539e+00   4.5875311e+00   1.9198409e+00   3.7845969e+00
   2.0000000e+00   4.1859538e+00   2.6988297e+00   4.8947871e+00   1.3331368e+00   2.7669070e+00   3.1110981e+00   3.2667130e+00   2.6337953e+00   4.2455634e+00   3.2829340e+00
   2.0000000e+00   2.6079251e+00   4.2081664e+00   3.2174303e+00   3.3959694e+00   6.2162230e-01   1.6889567e+00   2.3711036e+00   4.9527205e+00   3.9248538e+00   3.9855319e+00
   2.0000000e+00   3.3386124e+00   3.7815388e+00   4.2503568e+00   3.0478023e+00   2.6107222e+00   1.7506574e+00   3.6702997e+00   4.0866553e+00   2.1992218e+00   3.6916403e+00
   2.0000000e+00   3.8969797e+00   4.8887154e+00   3.0516423e+00   3.6977200e+00   2.8491195e+00   1.6593479e+00   2.2544262e+00   2.2437390e+00   3.9347016e+00   1.0623463e+00
   1.0000000e+00   1.4446426e+00   2.2973681e+00   3.7670022e+00   3.3507158e+00   3.3962507e+00   1.8957515e+00   1.3735936e+00   1.7419325e+00   3.0589328e+00   3.4396717e+00
   2.0000000e+00   4.8950177e+00   2.9758966e+00   2.4717515e+00   2.1595418e+00   2.7182123e+00   3.1477539e+00   3.4464252e+00   2.6248494e+00   7.5251460e-01   3.2284908e+00
   2.0000000e+00   3.1936835e+00   1.8308320e+00   2.7070281e+00   3.5849386e+00   4.3341782e+00   3.1146169e+00   3.6755364e+00   4.0165857e+00   3.6491966e+00   1.2892323e+00
