   2.0000000e+00   3.3894200e+00   4.7872384e+00   1.3005792e+00   1.7898637e+00   4.9143776e+00   2.8513211e+00   3.2366867e+00   5.3881238e+00   2.5843585e+00   3.8005388e+00
   2.0000000e+00   8.6616892e-01   2.6545038e+00   1.6319274e+00   2.2513166e+00   4.9607235e+00   3.9446541e+00   3.9932018e+00   3.5211548e+00   1.7398290e+00   4.1905965e+00
   2.0000000e+00   2.5253701e+00   3.7537252e+00   3.8904184e+00   2.9185731e+00   1.1701247e+00   2.5153665e+00   3.2655207e+00   3.8251596e+00   3.7436722e+00   4.4180803e+00
   2.0000000e+00   3.0065318e+00   3.0965223e+00   4.1244873e+00   3.5122297e+00   4.2858502e+00   1.0710659e+00   3.6477303e+00   2.9908699e+00   3.9444752e+00   2.9016372e+00
   2.0000000e+00   1.8352238e+00   2.4117531e+00   4.5606239e+00   4.6276394e+00   3.8029862e+00   2.5461398e+00   1.8525032e+00   3.4322354e+00   2.3692997e+00   4.6698441e+00
   2.0000000e+00   1.9587808e+00   4.3205279e+00   1.7437151e+00   2.4301797e+00   2.1770617e+00   3.9849737e+00   4.6352827e+00   3.8283653e+00   3.5205750e+00   4.3340174e+00
   2.0000000e+00   1.0383738e+00   3.0402648e+00   4.1152111e+00   4.4949594e+00   1.8152159e+00   3.7893075e+00   2.1177940e+00   2.9773304e+00   2.6324951e+00   2.4448699e+00
   2.0000000e+00   2.4538533e+00   3.9478827e+00   3.9542584e+00   2.3996471e+00   2.1800800e+00   2.3829875e+00   1.3189536e+00   2.0783534e+00   3.7400483e+00   3.7675120e+00
   2.0000000e+00   1.3588239e+00   2.8547727e+00   2.7551610e+00   2.3705448e+00   2.9123099e+00   3.4283821e+00   1.2197596e+00   6.8994247e-01   2.5463610e+00   2.7287507e+00
   2.0000000e+00   2.3726420e+00   2.8864819e+00   3.0595969e+00   3.6610828e+00   3.3766309e+00   3.9359525e+00   4.7589274e+00   3.8332883e+00   2.0422716e+00   3.7557665e+00
   2.0000000e+00   2.3690543e+00   2.5532806e+00   2.2042586e+00   4.5288278e+00   3.7716065e+00   3.2770390e+00   1.2675378e+00   2.6071816e+00   3.0047519e+00   9.7371583e-01
   2.0000000e+00   4.0064730e+00   2.5165247e+00   1.7790284e+00   3.2530434e+00   4.7284591e+00   2.0434376e+00   4.1030799e+00   2.5785620e+00   3.6936966e+00   4.2145145e+00
   2.0000000e+00   5.1133884e+00   1.8258315e+00   3.5549187e+00   1.6771798e+00   2.0290386e+00   2.1320764e+00   4.0166561e+00   2.5370460e+00   3.8148353e+00   2.3747300e+00
   2.0000000e+00   2.6599588e+00   9.5061069e-01   3.7706692e+00   3.1630279e+00   3.7701325e+00   2.8919744e+00   2.4970902e+00   4.3166766e+00   2.4662314e+00   2.7267870e+00
   2.0000000e+00   3.5076185e+00   2.5328584e+00   3.3106905e+00   4.5469735e+00   4.5068646e+00   2.7234280e+00   1.9770168e+00   1.9538063e+00   4.3452518e+00   1.0986751e+00
   2.0000000e+00   1.8090555e+00   2.8242079e+00   3.2188128e+00   3.2881916e+00   3.3096577e+00   4.4549983e+00   4.8800147e+00   2.6761116e+00   3.2876992e+00   4.6677724e+00
   2.0000000e+00   1.3158383e+00   2.1160261e+00   2.6309252e+00   4.1994174e+00   2.3346674e+00   5.1821677e+00   4.0850076e+00   1.7331148e+00   2.6590428e+00   1.5038930e+00
   1.0000000e+00   3.4455508e+00   3.4985942e+00   1.8318901e+00   3.0915161e+00   3.4342331e+00   2.7472483e+00   2.7393099e+00   2.8878883e+00   3.9037105e+00   3.8654224e+00
   1.0000000e+00   2.7548953e-01   3.7891858e+00   2.9728111e+00   1.6599608e+00   3.5767068e+00   2.3922199e+00   3.4232590e+00   3.4026390e+00   2.5214275e+00   1.6420046e+00
   2.0000000e+00   3.4825991e+00   1.4243439e+00   3.3173516e+00   3.7780837e+00   2.4805161e+00   1.9645368e+00   2.1558457e+00   3.0756010e+00   1.1538885e+00   2.6267561e+00
   2.0000000e+00   3.1854245e+00   2.4668860e+00   2.8177365e+00   2.9262606e+00   2.7307116e+00   3.2214062e+00   2.8924068e+00   4.2373175e+00   1.6735893e+00   2.3913932e+00
   2.0000000e+00   3.5469168e+00   4.8504469e+00   2.6833149e+00   1.3836112e+00   4.4406678e+00   2.9408156e+00   2.9537824e+00   2.5709618e+00   3.0920171e+00   2.7002623e+00
   2.0000000e+00   3.1213193e+00   2.2320793e+00   1.6959280e+00   4.4179754e+00   2.4455282e+00   2.0818914e+00   2.5128209e+00   3.2637349e+00   3.1848894e+00   2.0994652e+00
   2.0000000e+00   1.4245675e+00   2.5630049e+00   1.8015601e+00   3.3892143e+00   2.4747366e+00   1.5169632e+00   2.6816464e+00   3.4679457e+00   5.0982302e+00   2.9342678e+00
   1.0000000e+00   3.5361092e+00   3.0760739e+00   3.8698750e+00   3.2073970e+00   2.0955993e+00   2.5696420e+00   3.2722007e+00   2.4223852e+00   2.6179771e+00   2.3709174e+00
   2.0000000e+00   2.0438301e+00   1.6683950e+00   1.9896640e+00   3.5418270e+00   2.1109712e+00   9.6773524e-01   3.1073691e+00   2.6160058e+00   2.3902979e+00   2.4584975e+00
   2.0000000e+00   1.2951753e+00   2.0663320e+00   4.2508288e+00   4.6119332e+00   3.3884560e+00   3.5069163e+00   2.8524697e+00   3.5191987e+00   2.2250462e+00   2.0262620e+00
   2.0000000e+00   3.1998910e+00   2.9884305e+00   3.2202043e+00   4.2959016e+00   2.8144832e+00   3.4950183e+00   2.0227487e+00   3.2773030e+00   2.1162198e+00   2.9717990e+00
   2.0000000e+00   2.4567677e+00   2.4961364e+00   4.3617460e+00   2.9774846e+00   3.1694736e+00   3.0001837e+00   2.8445432e+00   3.0069624e+00   2.4404970e+00   2.9934287e+00
   2.0000000e+00   2.3195139e+00   3.2624779e+00   7.8951530e-01   2.4016253e+00   4.2661491e+00   3.3429018e+00   3.0578382e+00   3.0564771e+00   3.6115713e+00   2.4945678e+00
   2.0000000e+00   1.8000877e+00   2.5488927e+00   2.8847564e+00   1.7985132e+00   4.9286647e+00   3.6058705e+00   3.2598193e+00   2.9674085e+00   2.7585619e+00   4.8420708e+00
   2.0000000e+00   2.9121156e+00   2.9082404e+00   1.9911441e+00   3.7104416e+00   4.0752998e+00   9.2926445e-01   3.6248277e+00   4.9219521e+00   1.8562252e+00   4.1544328e+00
   2.0000000e+00   1.1229905e+00   1.0550449e+00   3.8357939e+00   4.0762383e+00   3.6007263e+00   2.4946741e+00   3.9328619e+00   2.7991341e+00   3.9620524e+00   2.1887638e+00
   2.0000000e+00   2.2240580e+00   3.9255811e+00   4.6798139e+00   3.8979607e+00   4.7258412e+00   1.4406448e+00   2.9956052e+00   3.5285573e+00   5.2608391e+00   2.5293616e+00
   2.0000000e+00   2.1227715e+00   1.0327099e+00   3.7530969e+00   2.5378286e+00   3.6634548e+00   4.3487078e+00   2.5451438e+00   4.3332069e+00   3.3970986e+00   3.6165960e+00
   2.0000000e+00   2.8050206e+00   3.2775138e+00   2.7520736e+00   2.2118662e+00   5.1576886e+00   2.7006032e+00   2.8232100e+00   2.3214594e+00   3.2075160e+00   2.5414272e+00
   2.0000000e+00   3.3922940e+00   2.2422471e+00   2.1732469e+00   3.0213424e+00   2.9264181e+00   2.1345267e+00   2.2496996e+00   1.5505333e+00   4.1513369e+00   1.1725912e+00
   2.0000000e+00   3.6639784e+00   2.7855315e+00   9.3774025e-01   3.4867495e+00   3.5087681e+00   3.4772549e+00   3.0555456e+00   3.2258780e+00   1.3391488e+00   2.0370303e+00
   2.0000000e+00   2.4024574e+00   4.1685047e+00   4.9146517e+00   3.8002119e+00   3.7909843e+00   3.4798934e+00   2.2895595e+00   3.2290378e+00   2.7088834e+00   3.9599385e+00
   1.0000000e+00   2.6213893e+00   3.3526827e+00   4.2225691e+00   4.8828984e+00   2.8040475e+00   3.8508651e+00   2.4534355e+00   2.6695697e+00   1.9444266e+00   3.3782535e+00
   2.0000000e+00   3.8125439e+00   2.7676089e+00   2.7129053e+00   4.0999710e+00   2.3252700e+00   3.7084699e+00   4.3839422e+00   2.2563206e+00   2.7619200e+00   2.4015637e+00
   2.0000000e+00   3.8028016e+00   1.1617748e+00   3.1892630e+00   1.8872026e+00   4.0167531e+00   3.6085986e+00   2.9848131e+00   2.3815500e+00   3.4567275e+00   3.1874504e+00
   2.0000000e+00   2.5038974e+00   1.5674006e+00   1.9884488e+00   1.8972186e+00   3.4181094e+00   2.5478033e+00   3.1362346e+00   3.6675298e+00   1.7931332e+00   4.8517967e+00
   2.0000000e+00   1.7748209e+00   2.0479948e+00   2.2298945e+00   3.3544384e+00   2.7027593e+00   2.6829081e+00   2.5918550e+00   3.8487657e+00   2.7865695e+00   3.5285397e+00
   2.0000000e+00   1.8192459e+00   3.7558688e+00   3.2977462e+00   3.9444500e+00   2.2389257e+00   1.5951331e+00   4.7988532e+00   3.3770980e+00   2.8673528e+00   3.6024710e+00
   2.0000000e+00   3.5151950e+00   1.5805950e+00   4.2403173e+00   1.7057850e+00   3.2510116e+00   2.9430200e+00   3.9781329e+00   2.5184958e+00   2.0167656e+00   2.9150380e+00
   2.0000000e+00   2.9105632e+00   2.6244848e+00   3.2590562e+00   1.6876192e+00   1.3171847e+00   2.7022072e+00   1.6787335e+00   3.8399631e+00   1.8591871e+00   4.0266553e+00
   2.0000000e+00   3.7842393e+00   4.6480562e+00   4.7016714e+00   1.6625757e+00   2.9827218e+00   4.0938250e+00   1.7375571e+00   2.7966133e+00   2.9972914e+00   1.5404184e+00
   2.0000000e+00   3.6424545e+00   3.6123495e+00   3.4356790e+00   1.3310898e+00   1.4471228e+00   2.6014253e+00   3.4630406e+00   3.2572501e+00   2.6097920e+00   2.3069763e+00
   2.0000000e+00   2.7641142e+00   3.1150669e+00   2.0206439e+00   2.9059567e+00   9.0415381e-01   2.0079480e+00   2.9510744e+00   3.2475668e+00   2.9138457e+00   5.7942533e+00
   2.0000000e+00   3.9173621e+00   3.2553859e+00   2.0266736e+00   3.1193695e+00   4.0472616e+00   1.8339938e+00   4.8317853e+00   3.2633450e+00   1.7687852e+00   4.7501943e+00
   2.0000000e+00   2.6372557e+00   1.8552688e+00   3.5410729e+00   2.3616280e+00   3.3116768e+00   3.8604335e+00   1.0972536e+00   1.6514530e+00   3.0774806e+00   2.0747383e+00
   2.0000000e+00   3.0976439e+00   3.8514740e+00   1.5797474e+00   1.4856855e+00   1.7543096e+00   3.0605439e+00   3.8368319e+00   2.8597545e+00   3.2053310e+00   4.3354329e+00
   2.0000000e+00   2.5584866e+00   2.5780728e+00   3.2455513e+00   3.4067029e+00   3.5454851e+00   4.1383651e+00   2.5816888e+00   3.8668980e+00   4.3741434e+00   2.4596433e+00
   2.0000000e+00   2.5466637e+00   2.4823999e+00   2.1700632e+00   3.0958479e+00   2.8444061e+00   3.1188714e+00   3.0962241e+00   2.9025181e+00   2.2395023e+00   2.6258349e+00
   2.0000000e+00   2.7830332e+00   2.0204103e+00   4.8645818e+00   1.7375050e+00   3.0627998e+00   3.5498010e+00   2.7810545e+00   2.9434267e+00   9.1932451e-01   2.7918308e+00
   2.0000000e+00   3.7718841e+00   2.1137574e+00   3.0379672e+00   1.6854312e+00   3.7541223e+00   3.5885913e+00   1.6950016e+00   2.6194740e+00   1.2363573e+00   3.7902280e+00
   2.0000000e+00   3.3409277e+00   3.8131493e+00   3.3008212e+00   1.1485815e+00   2.1558132e+00   1.4672323e+00   1.7107286e+00   2.8815590e+00   3.6463040e+00   3.5092845e+00
   1.0000000e+00   2.4582159e+00   3.4279775e+00   1.0829866e+00   4.0610419e+00   3.1233816e+00   3.1747686e+00   1.6855721e+00   4.1846566e+00   3.1305620e+00   3.7613941e+00
   1.0000000e+00   4.5292369e+00   3.7608282e+00   2.1712598e+00   4.1394389e+00   3.2583166e+00   3.2846283e+00   3.2803223e+00   2.0845884e+00   3.1283486e+00   2.1877874e+00
   2.0000000e+00   3.3319873e+00   2.3300200e+00   2.1038545e+00   2.9994353e+00   2.1140949e+00   3.2564979e+00   2.0400188e+00   3.2169646e+00   3.3376758e+00   3.7563439e+00
   2.0000000e+00   2.5571181e+00   2.9907269e+00   3.7474781e+00   3.5704239e+00   2.6474080e+00   2.8808656e+00   1.8744869e+00   9.7893260e-01   3.2969361e+00   1.6892861e+00
   2.0000000e+00   2.5577244e+00   2.0314367e+00   4.2107143e+00   3.0091006e+00   4.0021629e+00   2.8730357e+00   2.8019633e+00   4.7353491e+00   3.8112422e+00   3.9584797e+00
   1.0000000e+00   5.0019444e+00   3.1964087e+00   2.8399109e+00   3.0433377e+00   2.8442078e+00   1.4976236e+00   7.9959886e-01   2.0068591e+00   2.3732688e+00   3.8531679e+00
   2.0000000e+00   3.5116232e+00   1.7995859e+00   3.3059953e+00   3.0094273e+00   2.7844245e+00   2.7725226e+00   1.7809721e+00   2.6253038e+00   2.5305817e+00   2.8443553e+00
   2.0000000e+00   2.2900085e+00   3.1832589e+00   2.8720852e+00   4.0188570e+00   4.0513988e+00   2.7880063e+00   2.2857945e+00   4.1965069e+00   1.7514373e+00   3.1530487e+00
   2.0000000e+00   4.9563405e+00   2.3844039e+00   2.9552064e+00   2.6097611e+00   3.1437966e+00   4.2290514e+00   1.4534040e+00   3.7497324e+00   3.7467791e+00   4.7666462e+00
   2.0000000e+00   3.2203060e+00   1.8541220e+00   2.4095854e+00   2.4695006e+00   2.1512138e+00   2.4595325e+00   4.3961897e+00   3.1220319e+00   3.5959918e+00   4.2906624e+00
   2.0000000e+00   2.8475544e+00   8.4334021e-01   1.9678898e+00   3.3618672e+00   3.1010257e+00   2.2650119e+00   3.9408383e+00   2.9625606e+00   4.8629180e+00   4.6127461e+00
   2.0000000e+00   3.0246560e+00   5.0707762e+00   3.3180422e+00   2.5488594e+00   4.3482706e+00   2.2742654e+00   1.8303880e+00   2.8210112e+00   2.1312457e+00   2.3638216e+00
   2.0000000e+00   3.7180804e+00   2.4694613e+00   3.5153203e+00   3.0984426e+00   2.6880928e+00   3.3314046e+00   4.6215639e+00   4.3008245e+00   3.3668018e+00   2.1579751e+00
   2.0000000e+00   4.0279103e+00   2.9520954e+00   3.7300293e+00   3.8471974e+00   2.6273040e+00   1.6737338e+00   3.1361649e+00   3.2959994e+00   3.5508836e+00   3.0299113e+00
   2.0000000e+00   3.3112270e+00   4.2038417e+00   3.3488989e+00   3.0318424e+00   2.5712368e+00   4.9878107e+00   2.6068165e+00   1.8747809e+00   3.2857717e+00   3.0323993e+00
   2.0000000e+00   4.2879712e+00   3.9406392e+00   3.9216177e+00   3.3371306e+00   3.7952622e+00   2.4244476e+00   2.9833068e+00   3.2055072e+00   1.6279575e+00   3.3061191e+00
   2.0000000e+00   3.2049998e+00   4.0049762e+00   2.4791436e+00   4.1123671e+00   1.2168151e+00   3.5406400e+00   2.1881749e+00   3.1616913e+00   3.0102493e+00   2.2293793e+00
   2.0000000e+00   2.6051949e+00   3.0581775e+00   2.6181482e+00   4.1359420e+00   4.2250570e+00   4.7589209e+00   3.6082334e+00   3.0006124e+00   4.3548135e+00   2.0865885e+00
   2.0000000e+00   1.9040746e+00   3.6176855e+00   2.9453339e+00   7.6677725e-01   3.9730897e+00   2.6859448e+00   3.1511170e+00   2.8203545e+00   2.3605293e+00   4.0436602e+00
   1.0000000e+00   2.6172039e+00   3.4963851e+00   3.0073376e+00   2.9415606e+00   3.1042828e+00   3.8123914e+00   3.6670374e+00   3.0272341e+00   3.2781043e+00   4.0934936e+00
   1.0000000e+00   2.6338856e+00   3.0732553e+00   3.0584686e+00   3.0795791e+00   2.7778459e+00   3.5949559e+00   3.9722509e+00   2.9320328e+00   2.9414775e+00   3.4225581e+00
   2.0000000e+00   3.3669345e+00   2.9956745e+00   1.6397164e+00   2.1961430e+00   2.9974985e+00   3.3527657e+00   2.0346249e+00   3.3762205e+00   4.1615644e+00   3.5950802e+00
   2.0000000e+00   3.2647256e+00   2.3626268e+00   2.3183703e+00   2.4227121e+00   2.1146248e+00   2.7405144e+00   3.6100735e+00   3.3450592e+00   2.0378102e+00   1.2036748e+00
   2.0000000e+00   3.8715532e+00   5.4441229e+00   2.9422686e+00   1.7361521e+00   5.0972689e+00   3.7833293e+00   7.2539160e-01   2.9343915e+00   2.3449824e+00   2.6848670e+00
   1.0000000e+00   2.8136633e+00   3.6018168e+00   1.8915062e+00   1.4460769e+00   2.4158591e+00   3.5255955e+00   2.6549172e+00   2.8016366e+00   6.2020411e-01   3.3512860e+00
   2.0000000e+00   3.3587015e+00   2.6022186e+00   1.5409459e+00   2.6797821e+00   3.0135442e+00   7.6408953e-01   2.8514554e+00   2.2516878e+00   3.1516615e+00   3.2155415e+00
   2.0000000e+00   3.1624280e+00   2.2716247e+00   2.9012058e+00   1.6078983e+00   2.9142200e+00   2.4160355e+00   1.5576192e+00   3.3688837e+00   4.5903781e+00   3.7625670e+00
   2.0000000e+00   3.2406947e+00   3.3090308e+00   3.3994873e+00   4.4927761e+00   2.1309967e+00   5.1718486e+00   2.4329535e+00   2.5346172e+00   3.9683326e+00   3.8255781e+00
   2.0000000e+00   3.7121638e+00   1.6679441e+00   3.6627899e+00   2.3122286e+00   3.0569235e+00   3.4842894e+00   2.4410159e+00   1.5484140e+00   2.9609149e+00   2.7455795e+00
   1.0000000e+00   3.5116055e+00   3.4159566e+00   1.4932620e+00   1.6635486e+00   2.1656497e+00   2.1261381e+00   2.0850266e+00   2.1049578e+00   2.8636465e+00   3.7458818e+00
   2.0000000e+00   4.7493777e+00   1.0668191e+00   2.7014793e+00   3.8243821e+00   3.3779844e+00   2.3254575e+00   4.2694648e+00   3.6818268e+00   2.3769828e+00   2.1822143e+00
   2.0000000e+00   2.6506179e+00   1.7435475e+00   2.8121668e+00   1.0522256e+00   4.9634022e+00   3.7373285e+00   3.2298324e+00   3.0612348e+00   3.4497960e+00   4.6002357e+00
   2.0000000e+00   2.9680116e+00   2.5856658e+00   1.9428644e+00   2.2591898e+00   2.1093254e+00   2.6815361e+00   3.0331213e+00   6.0159681e+00   4.3508294e+00   2.6558620e+00
   2.0000000e+00   8.0037633e-01   4.4784473e+00   3.3466038e+00   2.7897565e+00   1.1496965e+00   3.4624455e+00   4.0463953e+00   2.7832046e+00   3.0416602e+00   4.3937305e+00
   2.0000000e+00   2.3202410e+00   2.8656319e+00   4.6557958e+00   4.2823020e+00   1.9569500e+00   3.4432514e+00   3.8211857e+00   2.2475981e+00   2.8317383e+00   1.2884416e+00
   2.0000000e+00   5.0409448e+00   3.2742312e+00   3.0902681e+00   3.6043812e+00   1.8637015e+00   3.0799286e+00   1.9232554e+00   3.4161973e+00   3.2621228e+00   3.3265995e+00
   2.0000000e+00   3.8292808e+00   2.2540446e+00   3.9501923e+00   3.2225507e+00   2.4941471e+00   2.1370762e+00   1.8331466e+00   2.9575835e+00   2.3514767e+00   3.1388593e+00
   1.0000000e+00   4.8483779e+00   3.5994023e+00   4.4429098e+00   3.4339175e+00   3.0950000e+00   2.8766215e+00   1.4066373e+00   3.5987324e+00   2.0937700e+00   3.9604769e+00
   2.0000000e+00   2.3042742e+00   4.5277892e+00   2.4822439e+00   3.7672653e+00   3.7058497e+00   4.1103440e+00   4.6701352e-01   4.3317958e+00   4.6477111e+00   2.2346561e+00
   2.0000000e+00   2.2181142e+00   4.3447275e+00   4.9780161e+00   3.6247995e+00   2.1508595e+00   3.6282956e+00   3.6882407e+00   3.7846580e+00   4.2306799e+00   3.1400536e+00
   1.0000000e+00   2.6379158e+00   3.3956173e+00   2.0761379e+00   3.9220776e+00   3.8165543e+00   3.1706669e+00   6.8007558e-01   2.4457804e+00   4.8225356e+00   5.3702410e+00
   2.0000000e+00   5.6014498e+00   3.2434201e+00   3.0294833e+00   3.4517438e+00   1.6622978e+00   4.5827869e+00   3.9127373e+00   2.0068574e+00   3.5233270e+00   2.6905273e+00
