   2.0000000e+00   4.3533472e+00   3.9183468e+00   3.7425462e+00   3.5297282e+00   2.0231663e+00   1.8201792e+00   3.5323263e+00   4.4657768e+00   3.2644955e+00   2.9677656e+00
   2.0000000e+00   4.4025166e+00   1.4509340e+00   2.3883401e+00   2.0684495e+00   2.7626544e+00   1.9763025e+00   5.6182555e-01   1.6930602e+00   2.6206672e+00   2.6933605e+00
   1.0000000e+00   2.2773005e+00   1.9547048e+00   3.8956094e+00   4.2189698e+00   1.9853899e+00   4.4822622e+00   3.1514886e+00   3.1089754e+00   1.2388156e+00   3.9915970e+00
   2.0000000e+00   4.6222367e+00   3.7632777e+00   4.2152841e+00   4.5902945e+00   2.9376725e+00   3.0598032e+00   2.2438660e+00   3.0426608e+00   4.7059704e+00   2.6534014e+00
   2.0000000e+00   3.0140528e+00   2.0305274e+00   3.2777492e+00   1.7410515e+00   2.1223818e+00   2.4374269e+00   5.4635931e+00   3.2488232e+00   2.4650902e+00   2.6557306e+00
   2.0000000e+00   2.0431471e+00   2.3059446e+00   3.9060165e+00   3.8172969e+00   2.7950490e+00   2.6305508e+00   3.6695805e+00   2.9972482e+00   3.3262576e+00   3.0209396e+00
   1.0000000e+00   2.2569870e+00   2.3808855e+00   2.0579597e+00   4.6242101e+00   2.5569775e+00   2.4563871e+00   2.1761167e+00   3.2215047e+00   3.3682884e+00   2.3575135e+00
   2.0000000e+00   2.8542470e+00   2.6914348e+00   3.5476612e+00   2.5874506e+00   3.5486651e+00   3.0742864e+00   2.6066306e+00   1.9402817e+00   1.8607902e+00   3.8060492e+00
   2.0000000e+00   5.3131362e+00   4.8341715e+00   3.5817128e+00   3.5488706e+00   2.6802975e+00   2.8446636e+00   2.8351998e+00   2.7292380e+00   4.0161502e+00   3.5365641e+00
   2.0000000e+00   1.4992153e+00   1.5840551e+00   7.3492835e-01   1.3934901e+00   1.4432686e+00   3.1953569e+00   4.7031508e+00   1.2236628e+00   3.0335216e+00   2.1420964e+00
   2.0000000e+00   2.1004605e+00   9.0158402e-01   5.2415366e+00   2.6866977e+00   2.5500549e+00   1.7468647e+00   2.4043428e+00   2.6252275e+00   2.1825764e+00   2.0877763e+00
   2.0000000e+00   2.2204463e+00   4.8822289e+00   3.9953313e+00   1.5630835e+00   2.5851815e+00   3.4379202e+00   3.6654759e+00   3.5341268e+00   3.3698156e+00   7.2526884e-01
   1.0000000e+00   4.2753087e+00   3.6953205e+00   2.9007581e+00   1.4688628e+00   2.6504721e+00   2.1397105e+00   3.0388053e+00   3.0966229e+00   1.6160466e+00   3.4360404e+00
   2.0000000e+00   2.5752795e+00   1.9971557e+00   3.2575824e+00   5.5126840e+00   1.7788100e+00   3.3682111e+00   3.1251991e+00   2.0508803e+00   3.2984124e+00   4.2303999e+00
   2.0000000e+00   2.2333787e+00   3.5821651e+00   2.3773312e+00   2.6572504e+00   3.7595428e+00   4.3875270e+00   2.0911207e+00   3.8073667e+00   3.2043273e+00   3.3089095e+00
   2.0000000e+00   2.5790755e+00  -4.2435039e-01   3.7742751e+00   3.2631899e+00   2.1740204e+00   3.5130913e+00   3.0302324e+00   1.9227439e+00   2.6461290e+00   3.1468595e+00
   2.0000000e+00   9.2996673e-01   3.9163338e+00   2.2109610e+00   3.2914128e+00   2.7185375e+00   3.1205422e+00   3.0195400e+00   1.2797970e+00   2.0056343e+00   3.1184789e+00
   2.0000000e+00   3.2532966e+00   4.8848765e+00   2.4145462e+00   2.6470822e+00   2.5312510e+00   2.4790970e+00   3.8610882e+00   3.9615732e+00   3.5269748e+00   3.7609460e+00
   2.0000000e+00   2.0158013e+00   3.8412910e+00   2.6600562e+00   4.5058469e+00   4.0972041e+00   2.4692576e+00   4.5244408e+00   1.7870438e+00   3.5556369e+00   1.4795257e+00
   2.0000000e+00   2.8557022e+00   4.3937476e+00   1.0387967e+00   4.8923172e+00   3.2077070e+00   3.4130758e+00   4.2818162e+00   2.3922793e+00   3.7938022e+00   2.1224791e+00
   1.0000000e+00   2.9906801e+00   4.7260161e+00   3.2305248e+00   2.1972566e+00   2.1852579e+00   5.0241232e+00   3.4369900e+00   3.6970374e+00   3.5390081e+00   3.5982566e+00
   2.0000000e+00   8.1478970e-01   2.1345959e+00   2.1003700e+00   2.8928074e+00   3.6855713e+00   2.7354242e+00   3.5220649e+00   1.2917578e+00   3.1214935e+00   5.1533344e+00
   2.0000000e+00   3.1207483e+00   1.4725882e+00   2.0038386e+00   3.6734557e+00   3.6131166e+00   2.4153694e+00   2.7995983e+00   2.5052290e+00   2.5248218e+00   1.5560078e+00
   2.0000000e+00   2.7472897e+00   3.0820045e+00   3.4794874e+00   1.5376324e+00   1.7561441e+00   2.0796212e+00   2.8648275e+00   2.3898637e+00   3.2753359e+00   3.4088591e+00
   2.0000000e+00   3.1403472e+00   4.8933346e+00   3.9318925e+00   1.5729030e+00   2.4413993e+00   4.4649044e-01   2.9714252e+00   2.5260558e+00   2.7448484e+00   3.4679186e+00
   2.0000000e+00   3.1713562e+00   3.2700610e+00   4.1490310e+00   2.2208038e+00   3.1045814e+00   3.8118121e+00   2.8815355e+00   2.7773963e+00   1.4100451e+00   3.1659997e+00
   2.0000000e+00   1.9850735e+00   2.4784694e+00   2.4127232e+00   3.5216717e+00   4.2570304e+00   1.9320379e+00   3.3586357e+00  -1.2486176e+00   3.6337527e+00   2.8727103e+00
   2.0000000e+00   3.9510227e+00   3.0460375e+00   4.4312171e+00   3.2833485e+00   4.0333071e+00   3.7296504e+00   3.7355683e+00   2.1784105e+00   3.8933152e+00   2.6431823e+00
   1.0000000e+00   1.8865632e+00   3.2274425e+00   2.7769176e+00   2.0465600e+00   2.4839407e+00   3.2255456e+00   3.5078663e+00   3.4807619e+00   3.2672654e+00   3.3400285e+00
   1.0000000e+00   2.5525811e+00   2.1553594e+00   3.2326237e+00   1.4960008e+00   3.9758174e+00   2.3246018e+00   4.1993543e+00   3.9572100e+00   5.5397359e+00   3.1681074e+00
   2.0000000e+00   3.8769760e+00   2.8367382e+00   1.6874310e+00   3.1301421e+00   2.6516995e+00   3.6252875e+00   3.4462508e+00   4.8869682e+00   1.0695739e+00   3.4012792e+00
   2.0000000e+00   3.2652231e+00   3.8440768e+00   5.4047545e+00   3.1435654e+00   1.7426186e+00   3.9000711e+00   1.8776088e+00   1.5571667e+00   2.5008246e+00   2.1150819e+00
   2.0000000e+00   2.1483707e+00   2.4419409e+00   5.4481751e+00   5.0093583e+00   3.4942411e+00   2.5415957e+00   2.9976634e+00   1.5647417e+00   2.9000011e+00   1.5165064e+00
   2.0000000e+00   2.6084942e+00   2.5398681e+00   2.2821980e+00   2.6688274e+00   3.5429138e+00   2.4016070e+00   2.6130515e+00   1.6986053e+00   2.1430994e+00   1.8638257e+00
   2.0000000e+00   4.5498260e+00   1.6724644e+00   3.7925947e+00   2.2837077e+00   2.7979005e+00   2.3256498e+00   4.2058687e+00   2.4386263e+00   5.0186971e+00   2.3640729e+00
   2.0000000e+00   3.1208219e+00   4.2002067e+00   5.5761893e-01   2.1676323e+00   3.8750503e+00   1.7791098e+00   3.8925061e+00   4.2515290e+00   2.7703472e+00   3.0949061e+00
   1.0000000e+00   1.5649684e+00   3.6096113e+00   3.2091847e+00   4.5283654e+00   1.9629326e+00   3.6902056e+00   1.2345247e+00   3.3414043e+00   3.8220677e+00   2.0828229e+00
   2.0000000e+00   3.6935402e+00   8.8678088e-01   3.9504297e+00   1.4622352e+00   2.6963949e+00   3.6984496e+00   2.0897773e+00   3.4241743e+00   4.5291497e+00   2.8887280e+00
   1.0000000e+00   1.8130170e+00   4.2177958e+00   3.0739455e+00   3.2673225e+00   3.9639950e+00   4.1480013e+00   1.9234950e+00   3.0201645e+00   1.9833508e+00   4.0233734e+00
   1.0000000e+00   3.1742800e+00   1.7622604e+00   2.9523846e+00   2.8374995e+00   3.1042746e+00   2.4167788e+00   3.1704930e+00   3.0137975e+00   4.0998013e+00   2.7071420e+00
   2.0000000e+00   2.5519688e+00   4.0464805e+00   2.0296713e+00   1.8532212e+00   3.7903656e+00   2.3721567e+00   3.2368945e+00   2.1260437e+00   4.1874541e+00   3.4678315e+00
   1.0000000e+00   2.6076400e+00   3.3464173e+00   2.4933476e+00   2.1990022e+00   3.8004141e+00   4.6021143e-01   3.7651425e+00   3.3392718e+00   8.7875999e-01   2.8061675e+00
   2.0000000e+00   3.0551570e+00   4.1453155e+00   2.4709618e+00   5.1416622e+00   1.1223778e+00   2.2523187e+00   4.1951886e+00   1.6549040e+00   3.6353576e+00   4.2394315e+00
   1.0000000e+00   2.8719177e+00   1.8777711e+00   3.1746534e+00   1.9983491e+00   3.9812957e+00   2.8435704e+00   3.1097431e+00   3.9498181e+00   3.5886328e+00   1.5323513e+00
   2.0000000e+00   4.6171839e+00   3.0387606e+00   5.8881673e+00   2.4902193e+00   3.7708332e+00   1.5770842e+00   3.3421690e+00   1.9068296e+00   1.6242593e+00   4.9158066e+00
   2.0000000e+00   7.0808684e-01   2.5636074e+00   1.8386970e+00   2.8379428e+00   2.2029076e+00   4.3677559e+00   1.4468442e+00   1.6874109e+00   4.2264579e+00   3.2496951e+00
   2.0000000e+00   2.5730864e+00   2.8451389e+00   1.0754126e+00   5.0719836e+00   2.1185456e+00   3.7503575e+00   2.4771842e+00   1.5676229e+00   3.7382860e+00   2.5110347e+00
   2.0000000e+00   2.0820798e+00   1.7828051e+00   3.7782124e+00   1.8994256e+00   2.4486439e+00   3.8648411e+00   2.8897303e+00   1.8382182e+00   3.4184495e+00   2.2333095e+00
   2.0000000e+00   1.3265872e+00   2.9797373e+00   2.8655270e+00   2.6850986e+00   3.5445064e+00   2.3997590e+00   3.7176393e+00   2.4278954e+00   2.7668667e+00   2.9510198e+00
   2.0000000e+00   2.1317534e+00   4.0305250e+00   4.6057269e+00   4.6237107e+00   1.8984542e+00   2.8433087e+00   3.7406140e+00   2.6644102e+00   3.9174553e+00   2.0753350e+00
   2.0000000e+00   2.2213744e+00   2.8226424e+00   3.6500983e+00   2.6271338e+00   2.2208797e+00   2.9339984e+00   2.4485663e+00   2.0355186e+00   5.1123052e+00   3.5564569e+00
   2.0000000e+00   2.5504175e+00   3.7738363e+00   2.0292215e+00   3.5892485e+00   3.9797134e+00   2.5529019e+00   1.2505234e+00   1.1478842e+00   3.8388046e+00   2.4813757e+00
   2.0000000e+00   3.4380440e+00   2.8290193e+00   1.6243749e+00   2.9595303e+00   1.8553032e+00   1.6174016e+00   2.6424696e+00   1.6979666e+00   2.9829496e+00   2.9678892e+00
   2.0000000e+00   1.7580557e+00   2.7368267e+00   3.7218644e+00   3.0234297e+00   2.0547165e-01   3.2794246e+00   2.9157138e+00   1.4852010e+00   3.3324192e+00   2.2688237e+00
   2.0000000e+00   2.7726146e+00   2.9914539e+00   3.9844866e+00   1.8663937e+00   9.7666551e-01   3.1250332e+00   2.3464412e+00   3.8143803e+00   2.5893312e+00   3.1248617e+00
   2.0000000e+00   2.3084214e+00   2.8829158e+00   2.3415369e+00   7.2078954e-01   2.7303297e+00   3.2574086e+00   3.4490178e+00   1.8847421e+00   4.6267331e+00   3.2442332e+00
   2.0000000e+00   3.5784600e+00   3.5884295e+00   3.5103779e+00   3.5835170e+00   3.6271670e+00   4.0999297e+00   2.7370444e+00   4.2409217e+00   3.6796108e+00   2.6646447e+00
   2.0000000e+00   4.6465528e+00   2.9459398e+00   3.8901097e+00   4.3147104e+00   2.7739915e+00   3.1093361e+00   2.1487471e+00   2.8223111e+00   3.2685123e+00   4.0927242e+00
   2.0000000e+00   1.7091767e+00   3.0007237e+00   2.1207977e+00   3.4806668e+00   2.5581613e+00   2.5228083e+00   3.6464446e+00   2.7295284e+00   3.9171181e+00   9.2726467e-01
   1.0000000e+00   2.7697813e+00   3.1785541e+00   2.6475256e+00   3.0718948e+00   2.9749590e+00   2.7600683e+00   2.6738558e+00   3.6324710e+00   2.7676646e+00   4.0535337e+00
   2.0000000e+00   3.9246402e+00   3.1579805e+00   3.7535957e+00   2.9659241e+00   6.8573206e-01   5.9368251e+00   5.4221123e+00   2.4084009e+00   3.2286648e+00   5.1238868e+00
   2.0000000e+00   1.3942751e+00   2.9509298e+00   3.4306776e+00   1.6437942e+00   2.5650618e+00   3.3104934e+00   4.6761923e+00   2.7160587e+00   1.8004181e+00   3.0615039e+00
   2.0000000e+00   4.8763021e+00   4.1527373e+00   2.1239710e+00   3.7572039e+00   2.2932740e+00   2.1247344e+00   2.2161008e+00   4.2261364e+00   2.0722883e+00   3.4035143e+00
   2.0000000e+00   3.2170744e+00   3.0913031e+00   3.6283479e+00   3.5923011e+00   4.6287776e+00   4.0552286e+00   3.6744358e+00   2.1969415e+00   2.7114258e+00   2.9903969e+00
   2.0000000e+00   3.4367973e+00   4.6408608e+00   3.9552703e+00   1.8241163e+00   3.4654032e+00   3.4431041e+00   3.2965867e+00   4.0700012e+00   1.0577238e+00   1.8225564e+00
   2.0000000e+00   2.5384020e+00   3.3385890e+00   3.8020482e+00   3.0666167e+00   3.3338856e+00   4.7151126e+00   1.8215367e+00   4.2021991e+00   3.8381304e+00   3.4418435e+00
   2.0000000e+00   3.2194054e+00   3.0766835e+00   1.6751603e+00   3.1364062e+00   3.8101770e+00   3.2963561e+00   3.2287997e+00   1.6899786e+00   2.6017191e+00   2.5357672e+00
   2.0000000e+00   3.0986100e+00   4.2493845e+00   2.5935773e+00   1.8748843e+00   3.0401447e+00   2.6307789e+00   2.8846038e+00   4.8016064e+00   2.9673204e+00   5.7525404e+00
   2.0000000e+00   2.4648589e+00   2.6753025e+00   2.9454358e+00   4.7901192e+00   3.2291363e+00   3.0087021e+00   2.9874540e+00   4.1613460e+00   2.8614533e+00   1.9162371e+00
   2.0000000e+00   3.0485972e+00   9.8494469e-01   3.7074054e+00   1.3734231e+00   3.7186294e+00   4.0501845e+00   2.5753688e+00   3.7637936e+00   3.5299260e+00   3.5723978e+00
   2.0000000e+00   4.8807519e+00   5.2150770e+00   3.6552026e+00   5.4887672e-01   1.8196527e+00   2.0782108e+00   3.7404010e+00   2.7722179e+00   2.4152419e+00   1.8710608e+00
   2.0000000e+00   4.1155479e+00   4.9769907e+00   2.9391237e+00   1.0813019e+00   3.4189001e+00   3.2104939e+00   3.1984915e+00   2.9262796e+00   3.4538499e+00   2.3604240e+00
   1.0000000e+00   4.1113676e+00   5.1171364e+00   3.0353407e+00   3.8018596e+00   3.4671627e+00   3.9540509e+00   2.7097761e+00   3.4801544e+00   3.3779628e+00   3.0551531e+00
   1.0000000e+00   2.5442826e+00   3.3536073e+00   3.2034319e+00   3.2865417e+00   2.0646543e+00   2.2239642e+00   2.5088954e+00   3.4652969e+00   4.9510623e+00   2.4638558e+00
   2.0000000e+00   1.9246226e+00   1.5850221e+00   3.4989391e+00   3.5628718e+00   3.6807847e+00   2.5564886e+00   4.0640912e+00   5.3595713e+00   1.8300300e+00   1.4693763e+00
   2.0000000e+00   3.9376362e+00   2.0475820e+00   3.6527642e+00   1.1776428e+00   2.4543692e+00   1.9216079e+00   3.3328511e+00   2.2460804e+00   4.6835263e+00   4.0564162e+00
   2.0000000e+00   2.7918926e+00   1.2072285e+00   1.4904154e+00   3.1596357e+00   3.6043212e+00   3.0095321e+00   2.5670444e+00   2.7087835e+00   1.5764221e+00   3.9804878e+00
   2.0000000e+00   2.6300947e+00   8.9370708e-01   1.6965756e+00   3.0184364e+00   2.6604601e+00   4.5469096e+00   5.9308288e+00   3.7825514e+00   2.3282077e+00   2.4852814e+00
   2.0000000e+00   3.2139013e+00   3.8897022e+00   3.4542034e+00   4.1286234e+00   1.0352775e+00   2.0736348e+00   5.4428293e+00   3.5354214e+00   3.0911707e+00   3.4887352e+00
   2.0000000e+00   3.6215140e+00   2.0544905e+00   3.0280842e+00   3.0349051e+00   3.4661509e+00   5.9992352e+00   3.8327168e+00   1.9495382e+00   1.1112725e+00   2.9354477e+00
   2.0000000e+00   2.5945197e+00   4.0917048e+00   4.5800112e+00   3.3260278e+00   3.5553275e+00   2.4862198e+00   2.9363818e+00   2.4093021e+00   1.0884589e+00   3.0405565e+00
   1.0000000e+00   2.8639946e+00   2.4226264e+00   3.1338316e+00   4.0922287e+00   3.1005523e+00   3.1642709e+00   1.0302808e+00   3.1160828e+00   4.1636148e+00   2.4586735e+00
   2.0000000e+00   1.8449994e+00   3.5796882e+00   2.0042321e+00   3.7740999e+00   3.2724176e+00   1.3881620e+00   4.6964262e+00   4.1962802e+00   4.2561305e+00   2.6175001e+00
   1.0000000e+00   3.9281175e+00   4.0637915e+00   3.1074900e+00   2.2451790e+00   2.1786964e+00   1.9722311e+00   2.9544152e+00   3.2265966e+00   2.7025303e+00   3.0580125e+00
   2.0000000e+00   4.7472601e+00   3.2815092e+00   2.4021711e+00   3.2505133e+00   3.0360290e+00   1.9076692e+00   3.3166284e+00   5.2592026e+00   1.6324467e+00   3.1746814e+00
   2.0000000e+00   2.8558495e+00   3.9732329e+00   2.0847207e+00   4.0677116e+00   3.5734045e+00   2.5046021e+00   1.8299317e+00   2.7007400e+00   3.5856535e+00   4.8240383e+00
   2.0000000e+00   1.8864021e+00   3.5002801e+00   1.0030673e+00   3.4666841e+00   3.1287020e+00   8.5064155e-01   3.7870549e+00   3.1256183e+00   3.9268954e+00   3.8104719e+00
   2.0000000e+00   2.7925097e+00   1.5597150e+00   3.4252166e+00   3.3204865e+00   3.1133757e+00   4.2543815e+00   3.6461013e+00   2.6249406e+00   2.8422547e+00   3.8479611e+00
   2.0000000e+00   3.2645590e+00   4.0174423e+00   3.1307148e+00   3.7454885e+00   1.2277197e+00   4.3395588e+00   2.9817140e+00   2.5266624e+00   3.5899074e+00   1.6498938e+00
   1.0000000e+00   3.7149177e+00   3.5367933e+00   3.1736215e+00   3.2634883e+00   1.9159397e+00   3.2092490e+00   3.8041713e+00   3.7592929e+00   5.2215019e+00   5.0550169e+00
   1.0000000e+00   1.4296227e+00   2.7900125e+00   2.1193181e+00   2.9551857e+00   4.9305425e+00   3.6277911e+00   2.5323512e+00   3.0732275e+00   2.2778157e+00   1.9567942e+00
   2.0000000e+00   2.8359408e+00   2.8083985e+00   2.8878780e+00   2.7117452e+00   1.5279323e+00   1.0868118e+00   3.0784217e+00   1.9250859e+00   3.3004803e+00   2.7651968e+00
   2.0000000e+00   9.1473012e-01   4.0837954e+00   2.0679900e+00   5.0339017e+00   1.7745658e+00   2.0430279e+00   3.0029880e+00   3.9543216e+00   6.0374132e+00   2.5570742e+00
   2.0000000e+00   2.6431626e+00   2.6598009e+00   2.8824542e+00   2.7210040e+00   2.5711660e+00   3.3130596e+00   4.8328620e+00   2.6545107e+00   2.2552913e+00   3.4696279e+00
   2.0000000e+00   4.3106870e+00   1.7833430e+00   3.9681059e+00   2.6153252e+00   3.7084716e+00   3.4061064e+00   3.3970953e+00   1.8268893e+00   2.6303859e+00   4.1897263e+00
   2.0000000e+00   1.7745185e+00   4.3505545e+00   1.8830008e+00   1.9978127e+00   2.0212022e+00   4.3127353e+00   3.8985762e+00   3.7009343e+00   3.6938076e+00   3.2052155e+00
   2.0000000e+00   2.8333693e+00   1.8249072e+00   3.2891297e+00   2.3944695e+00   2.6555345e+00   3.9134599e+00   4.3898565e+00   1.5270329e+00   3.9796972e+00   1.9662256e+00
   2.0000000e+00   2.6569728e+00   4.1256539e+00   3.6066469e+00   4.5610411e+00   2.1123640e+00   2.5813969e+00   1.7225605e+00   1.8447750e+00   5.3174582e+00   3.4661654e+00
   2.0000000e+00   2.7655938e+00   3.1040517e+00   5.0269355e+00   2.6054295e+00   2.9491611e+00   3.5651396e+00   4.0835852e+00   2.9207254e+00   2.7870782e+00   3.1018251e+00
   2.0000000e+00   2.9027389e+00   3.6962180e+00   1.1864830e+00   4.0626836e+00   2.7411442e+00   1.9350571e+00   3.4131359e+00   2.3605469e+00   2.9488347e+00   4.6830933e+00
